  3.000000000000000E-002  3.195274369545907E-003  0.999911156065341     
  6.000000000000000E-002  3.265603629384748E-003  0.999775499148286     
  9.000000000000000E-002  3.337439634795848E-003  0.999636921194549     
  0.120000000000000       3.410812517386858E-003  0.999495363001110     
  0.150000000000000       3.485752890315580E-003  0.999350764371107     
  0.180000000000000       3.562291848224740E-003  0.999203064110130     
  0.210000000000000       3.640460966517467E-003  0.999052200023559     
  0.240000000000000       3.720292299914359E-003  0.998898108915028     
  0.270000000000000       3.801818380228767E-003  0.998740726586125     
  0.300000000000000       3.885072213291897E-003  0.998579987837455     
  0.330000000000000       3.970087274953612E-003  0.998415826471161     
  0.360000000000000       4.056897506079396E-003  0.998248175295060     
  0.390000000000000       4.145537306456993E-003  0.998076966128527     
  0.420000000000000       4.236041527520115E-003  0.997902129810281     
  0.450000000000000       4.328445463788092E-003  0.997723596208241     
  0.480000000000000       4.422784842913125E-003  0.997541294231634     
  0.510000000000000       4.519095814217320E-003  0.997355151845547     
  0.540000000000000       4.617414935592385E-003  0.997165096088138     
  0.570000000000000       4.717779158624072E-003  0.996971053090732     
  0.600000000000000       4.820225811792232E-003  0.996772948101055     
  0.630000000000000       4.924792581584804E-003  0.996570705509858     
  0.660000000000000       5.031517491350346E-003  0.996364248881250     
  0.690000000000000       5.140438877699069E-003  0.996153500987028     
  0.720000000000000       5.251595364246021E-003  0.995938383845361     
  0.750000000000000       5.365025832471851E-003  0.995718818764199     
  0.780000000000000       5.480769389458242E-003  0.995494726389808     
  0.810000000000000       5.598865332232702E-003  0.995266026760868     
  0.840000000000000       5.719353108434596E-003  0.995032639368620     
  0.870000000000000       5.842272272988978E-003  0.994794483223572     
  0.900000000000000       5.967662440446235E-003  0.994551476929336     
  0.930000000000000       6.095563232614934E-003  0.994303538764212     
  0.960000000000000       6.226014221081782E-003  0.994050586771193     
  0.990000000000000       6.359054864174471E-003  0.993792538857121     
   1.02000000000000       6.494724437883325E-003  0.993529312901797     
   1.05000000000000       6.633061960211233E-003  0.993260826877930     
   1.08000000000000       6.774106108372768E-003  0.992986998982864     
   1.11000000000000       6.917895128207463E-003  0.992707747783156     
   1.14000000000000       7.064466735112135E-003  0.992422992373121     
   1.17000000000000       7.213858005729900E-003  0.992132652548639     
   1.20000000000000       7.366105259559673E-003  0.991836648997572     
   1.23000000000000       7.521243929567700E-003  0.991534903508317     
   1.26000000000000       7.679308420792416E-003  0.991227339198158     
   1.29000000000000       7.840331955833515E-003  0.990913880763239     
   1.32000000000000       8.004346406004829E-003  0.990594454752165     
   1.35000000000000       8.171382106807845E-003  0.990268989865437     
   1.38000000000000       8.341467656246668E-003  0.989937417283157     
   1.41000000000000       8.514629694353246E-003  0.989599671023667     
   1.44000000000000       8.690892662126417E-003  0.989255688336083     
   1.47000000000000       8.870278537900943E-003  0.988905410129959     
   1.50000000000000       9.052806548960042E-003  0.988548781445668     
   1.53000000000000       9.238492855977476E-003  0.988185751969443     
   1.56000000000000       9.427350207625571E-003  0.987816276597432     
   1.59000000000000       9.619387562410511E-003  0.987440316053554     
   1.62000000000000       9.814609674493654E-003  0.987057837566443     
   1.65000000000000       1.001301663992545E-002  0.986668815611296     
   1.68000000000000       1.021460339935643E-002  0.986273232723017     
   1.71000000000000       1.041935919289666E-002  0.985871080387694     
   1.74000000000000       1.062726696237073E-002  0.985462360020094     
   1.77000000000000       1.083830269576088E-002  0.985047084035640     
   1.80000000000000       1.105243470815409E-002  0.984625277026030     
   1.83000000000000       1.126962285300954E-002  0.984196977048520     
   1.86000000000000       1.148981765706179E-002  0.983762237039665     
   1.89000000000000       1.171295937168394E-002  0.983321126365116     
   1.92000000000000       1.193897693308174E-002  0.982873732517857     
   1.95000000000000       1.216778682332263E-002  0.982420162977886     
   1.98000000000000       1.239929182395892E-002  0.981960547246874     
   2.01000000000000       1.263337965399337E-002  0.981495039071533     
   2.04000000000000       1.286992148422409E-002  0.981023818869275     
   2.07000000000000       1.310877032077331E-002  0.980547096368944     
   2.10000000000000       1.334975925197223E-002  0.980065113477841     
   2.13000000000000       1.359269955507804E-002  0.979578147383483     
   2.16000000000000       1.383737866261041E-002  0.979086513894191     
   2.19000000000000       1.408355799301719E-002  0.978590571016159     
   2.22000000000000       1.433097065704259E-002  0.978090722755310     
   2.25000000000000       1.457931906007111E-002  0.977587423119249     
   2.28000000000000       1.482827243279637E-002  0.977081180276825     
   2.31000000000000       1.507746433765896E-002  0.976572560808906     
   2.34000000000000       1.532649021843599E-002  0.976062193952560     
   2.37000000000000       1.557490508556608E-002  0.975550775700177     
   2.40000000000000       1.582222146038834E-002  0.975039072563700     
   2.43000000000000       1.606790774167005E-002  0.974527924750576     
   2.46000000000000       1.631138720241222E-002  0.974018248421963     
   2.49000000000000       1.655203787933613E-002  0.973511036615995     
   2.52000000000000       1.678919367665762E-002  0.973007358323419     
   2.55000000000000       1.702214706001393E-002  0.972508355107559     
   2.58000000000000       1.725015376739727E-002  0.972015234579538     
   2.61000000000000       1.747243998342304E-002  0.971529259994913     
   2.64000000000000       1.768821240061272E-002  0.971051735260366     
   2.67000000000000       1.789667149782840E-002  0.970583984767651     
   2.70000000000000       1.809702817599053E-002  0.970127327748136     
   2.73000000000000       1.828852358606189E-002  0.969683047298676     
   2.76000000000000       1.847045156259591E-002  0.969252354876244     
   2.79000000000000       1.864218256999067E-002  0.968836351855538     
   2.82000000000000       1.880318755041648E-002  0.968435990585462     
   2.85000000000000       1.895305964513902E-002  0.968052038095843     
   2.88000000000000       1.909153159030863E-002  0.967685045972141     
   2.91000000000000       1.921848676304524E-002  0.967335329743461     
   2.94000000000000       1.933396239343757E-002  0.967002960391016     
   2.97000000000000       1.943814454104517E-002  0.966687768984976     
   3.00000000000000       1.953135501645504E-002  0.966389364306501     
   3.03000000000000       1.961403210918659E-002  0.966107161243160     
   3.06000000000000       1.968670747018213E-002  0.965840415735368     
   3.09000000000000       1.974997962566088E-002  0.965588265867926     
   3.12000000000000       1.980449090623511E-002  0.965349769408798     
   3.15000000000000       1.985090341551499E-002  0.965123940870040     
   3.18000000000000       1.988987888527945E-002  0.964909786137033     
   3.21000000000000       1.992206749747311E-002  0.964706321162439     
   3.24000000000000       1.994809050690558E-002  0.964512598458378     
   3.27000000000000       1.996853547279439E-002  0.964327719985797     
   3.30000000000000       1.998395569026518E-002  0.964150836255119     
   3.33000000000000       1.999485757367737E-002  0.963981165223158     
   3.36000000000000       2.000170106501632E-002  0.963817996742846     
   3.39000000000000       2.000490903457465E-002  0.963660678257527     
   3.42000000000000       2.000486470320420E-002  0.963508615592041     
   3.45000000000000       2.000191059264489E-002  0.963361277385559     
   3.48000000000000       1.999635747215085E-002  0.963218182791198     
   3.51000000000000       1.998848623581883E-002  0.963078895685542     
   3.54000000000000       1.997854653485179E-002  0.962943027855234     
   3.57000000000000       1.996676329380481E-002  0.962810230767019     
   3.60000000000000       1.995334052648631E-002  0.962680187659454     
   3.63000000000000       1.993845985007395E-002  0.962552615699752     
   3.66000000000000       1.992228405672031E-002  0.962427262167815     
   3.69000000000000       1.990496172349345E-002  0.962303896461598     
   3.72000000000000       1.988662623391143E-002  0.962182310630354     
   3.75000000000000       1.986739665080883E-002  0.962062319207473     
   3.78000000000000       1.984738194833170E-002  0.961943752957732     
   3.81000000000000       1.982668143290820E-002  0.961826456911059     
   3.84000000000000       1.980538384997922E-002  0.961710292158382     
   3.87000000000000       1.978356979993834E-002  0.961595133006232     
   3.90000000000000       1.976131398917739E-002  0.961480862766238     
   3.93000000000000       1.973868403869886E-002  0.961367375086340     
   3.96000000000000       1.971574057700029E-002  0.961254574527827     
   3.99000000000000       1.969253977126637E-002  0.961142373024467     
   4.02000000000000       1.966913384087413E-002  0.961030688162293     
   4.05000000000000       1.964556974555778E-002  0.960919445251148     
   4.08000000000000       1.962188980894798E-002  0.960808577021583     
   4.11000000000000       1.959813386169961E-002  0.960698020354923     
   4.14000000000000       1.957433891439144E-002  0.960587715972436     
   4.17000000000000       1.955053797185982E-002  0.960477610508615     
   4.20000000000000       1.952676076968668E-002  0.960367655943568     
   4.23000000000000       1.950303560199195E-002  0.960257806716492     
   4.26000000000000       1.947938875503762E-002  0.960148019875333     
   4.29000000000000       1.945584333400072E-002  0.960038257148465     
   4.32000000000000       1.943241985392173E-002  0.959928484544493     
   4.35000000000000       1.940913792764484E-002  0.959818669736561     
   4.38000000000000       1.938601583533324E-002  0.959708782027413     
   4.41000000000000       1.936306924228719E-002  0.959598794505786     
   4.44000000000000       1.934031147022974E-002  0.959488684105834     
   4.47000000000000       1.931775508853920E-002  0.959378429285105     
   4.50000000000000       1.929541192371963E-002  0.959268009344625     
   4.53000000000000       1.927329165779674E-002  0.959157406588446     
   4.56000000000000       1.925140165708396E-002  0.959046607035810     
   4.59000000000000       1.922974832222565E-002  0.958935598627242     
   4.62000000000000       1.920833774507727E-002  0.958824369695257     
   4.65000000000000       1.918717437606206E-002  0.958712910745539     
   4.68000000000000       1.916626034568847E-002  0.958601215895173     
   4.71000000000000       1.914559633705196E-002  0.958489281911210     
   4.74000000000000       1.912518282466072E-002  0.958377106086455     
   4.77000000000000       1.910501922970993E-002  0.958264687007353     
   4.80000000000000       1.908510277282826E-002  0.958152026564553     
   4.83000000000000       1.906542870862240E-002  0.958039129998924     
   4.86000000000000       1.904599172279788E-002  0.957926003874026     
   4.89000000000000       1.902678602439792E-002  0.957812655356789     
   4.92000000000000       1.900780400452661E-002  0.957699094215579     
   4.95000000000000       1.898903581959929E-002  0.957585333847689     
   4.98000000000000       1.897047041435759E-002  0.957471390035357     
   5.01000000000000       1.895209658612106E-002  0.957357279008208     
   5.04000000000000       1.893390207444327E-002  0.957243018406584     
   5.07000000000000       1.891587261226233E-002  0.957128629006560     
   5.10000000000000       1.889799230443471E-002  0.957014134515366     
   5.13000000000000       1.888024508957969E-002  0.956899559416841     
   5.16000000000000       1.886261493458365E-002  0.956784928118198     
   5.19000000000000       1.884508471761314E-002  0.956670266604596     
   5.22000000000000       1.882763597514761E-002  0.956555603175767     
   5.25000000000000       1.881025002188092E-002  0.956440967032349     
   5.28000000000000       1.879290923968478E-002  0.956326386028055     
   5.31000000000000       1.877559649363306E-002  0.956211887099672     
   5.34000000000000       1.875829433114567E-002  0.956097497692327     
   5.37000000000000       1.874098534769353E-002  0.955983245523558     
   5.40000000000000       1.872365365472810E-002  0.955869156448892     
   5.43000000000000       1.870628536373938E-002  0.955755253191067     
   5.46000000000000       1.868886753570045E-002  0.955641556772487     
   5.49000000000000       1.867138769107921E-002  0.955528087551701     
   5.52000000000000       1.865383453550354E-002  0.955414864399815     
   5.55000000000000       1.863619916286734E-002  0.955301902709949     
   5.58000000000000       1.861847456232078E-002  0.955189214635007     
   5.61000000000000       1.860065446222080E-002  0.955076810955757     
   5.64000000000000       1.858273312546015E-002  0.954964701701188     
   5.67000000000000       1.856470630884915E-002  0.954852894894962     
   5.70000000000000       1.854657188431517E-002  0.954741395230915     
   5.73000000000000       1.852832876541297E-002  0.954630205404497     
   5.76000000000000       1.850997597765533E-002  0.954519327780754     
   5.79000000000000       1.849151282527214E-002  0.954408764442862     
   5.82000000000000       1.847293997550600E-002  0.954298515603724     
   5.85000000000000       1.845425947830288E-002  0.954188579098470     
   5.88000000000000       1.843547356360502E-002  0.954078952145882     
   5.91000000000000       1.841658405977465E-002  0.953969632524135     
   5.94000000000000       1.839759293050174E-002  0.953860618027728     
   5.97000000000000       1.837850329521596E-002  0.953751904800855     
   6.00000000000000       1.835931897443747E-002  0.953643487581766     
   6.03000000000000       1.834004340132402E-002  0.953535361456088     
   6.06000000000000       1.832067936190362E-002  0.953427522536016     
   6.09000000000000       1.830122980639470E-002  0.953319966948595     
   6.12000000000000       1.828169865264680E-002  0.953212689352253     
   6.15000000000000       1.826209003517112E-002  0.953105683734447     
   6.18000000000000       1.824240740335800E-002  0.952998944969290     
   6.21000000000000       1.822265351494564E-002  0.952892469095251     
   6.24000000000000       1.820283140147650E-002  0.952786252003069     
   6.27000000000000       1.818294490475958E-002  0.952680288267918     
   6.30000000000000       1.816299778278269E-002  0.952574572278337     
   6.33000000000000       1.814299298306454E-002  0.952469099563325     
   6.36000000000000       1.812293281876519E-002  0.952363866776302     
   6.39000000000000       1.810281999137322E-002  0.952258870230690     
   6.42000000000000       1.808265789214816E-002  0.952154105050071     
   6.45000000000000       1.806244966281507E-002  0.952049566457027     
   6.48000000000000       1.804219760345734E-002  0.951945250904249     
   6.51000000000000       1.802190346716162E-002  0.951841155863794     
   6.54000000000000       1.800156948232908E-002  0.951737278311750     
   6.57000000000000       1.798119848863952E-002  0.951633614122606     
   6.60000000000000       1.796079300140643E-002  0.951530159411988     
   6.63000000000000       1.794035470859925E-002  0.951426911529121     
   6.66000000000000       1.791988482799877E-002  0.951323868738400     
   6.69000000000000       1.789938510549750E-002  0.951221028709548     
   6.72000000000000       1.787885786214685E-002  0.951118388054451     
   6.75000000000000       1.785830508054505E-002  0.951015943666432     
   6.78000000000000       1.783772794896504E-002  0.950913693633630     
   6.81000000000000       1.781712723308323E-002  0.950811636887984     
   6.84000000000000       1.779650424669806E-002  0.950709771728004     
   6.87000000000000       1.777586088079199E-002  0.950608095394896     
   6.90000000000000       1.775519871661290E-002  0.950506605376615     
   6.93000000000000       1.773451858041142E-002  0.950405300296150     
   6.96000000000000       1.771382088890517E-002  0.950304179592164     
   6.99000000000000       1.769310659441609E-002  0.950203242090943     
   7.02000000000000       1.767237725901157E-002  0.950102485528115     
   7.05000000000000       1.765163419737358E-002  0.950001907791676     
   7.08000000000000       1.763087801153769E-002  0.949901507830797     
   7.11000000000000       1.761010887513298E-002  0.949801285422483     
   7.14000000000000       1.758932744908264E-002  0.949701239814335     
   7.17000000000000       1.756853505619027E-002  0.949601369113141     
   7.20000000000000       1.754773286440669E-002  0.949501671431809     
   7.23000000000000       1.752692137668271E-002  0.949402145854394     
   7.26000000000000       1.750610062484489E-002  0.949302792333433     
   7.29000000000000       1.748527103861913E-002  0.949203610439684     
   7.32000000000000       1.746443376580831E-002  0.949104598561463     
   7.35000000000000       1.744358992155289E-002  0.949005754899884     
   7.38000000000000       1.742274001480890E-002  0.948907078513219     
   7.41000000000000       1.740188402906903E-002  0.948808569379344     
   7.44000000000000       1.738102221198248E-002  0.948710227304602     
   7.47000000000000       1.736015556801307E-002  0.948612050913374     
   7.50000000000000       1.733928522032072E-002  0.948514038409583     
   7.53000000000000       1.731841176385201E-002  0.948416188704828     
   7.56000000000000       1.729753521731664E-002  0.948318501670246     
   7.59000000000000       1.727665568955056E-002  0.948220977264887     
   7.62000000000000       1.725577404021327E-002  0.948123614346835     
   7.65000000000000       1.723489142320888E-002  0.948026411097469     
   7.68000000000000       1.721400857097305E-002  0.947929366207045     
   7.71000000000000       1.719312560850532E-002  0.947832479331714     
   7.74000000000000       1.717224255226383E-002  0.947735750495261     
   7.77000000000000       1.715136009074379E-002  0.947639178815130     
   7.80000000000000       1.713047939025540E-002  0.947542762488703     
   7.83000000000000       1.710960134183216E-002  0.947446499960634     
   7.86000000000000       1.708872623176847E-002  0.947350390593723     
   7.89000000000000       1.706785404211903E-002  0.947254434376324     
   7.92000000000000       1.704698525764579E-002  0.947158630709152     
   7.95000000000000       1.702612099824317E-002  0.947062977903347     
   7.98000000000000       1.700526230288822E-002  0.946967474187474     
   8.01000000000000       1.698440965424602E-002  0.946872118587905     
   8.04000000000000       1.696356307105299E-002  0.946776910947708     
   8.07000000000000       1.694272282271498E-002  0.946681850935184     
   8.10000000000000       1.692188989164827E-002  0.946586937111808     
   8.13000000000000       1.690106541986596E-002  0.946492167577572     
   8.16000000000000       1.688025009819603E-002  0.946397541018959     
   8.19000000000000       1.685944405776984E-002  0.946303057028749     
   8.22000000000000       1.683864738760122E-002  0.946208715458566     
   8.25000000000000       1.681786083220976E-002  0.946114515251477     
   8.28000000000000       1.679708555326457E-002  0.946020454527792     
   8.31000000000000       1.677632243519351E-002  0.945926531675343     
   8.34000000000000       1.675557178608444E-002  0.945832745957659     
   8.37000000000000       1.673483360408435E-002  0.945739097257833     
   8.40000000000000       1.671410832746494E-002  0.945645584960883     
   8.43000000000000       1.669339701503399E-002  0.945552207408097     
   8.46000000000000       1.667270069844972E-002  0.945458962784646     
   8.49000000000000       1.665201990089122E-002  0.945365849990472     
   8.52000000000000       1.663135465322950E-002  0.945272868759100     
   8.55000000000000       1.661070509876506E-002  0.945180018848098     
   8.58000000000000       1.659007205016418E-002  0.945087299026161     
   8.61000000000000       1.656945659762688E-002  0.944994707442001     
   8.64000000000000       1.654885948152267E-002  0.944902242654883     
   8.67000000000000       1.652828088276244E-002  0.944809904095429     
   8.70000000000000       1.650772076061190E-002  0.944717691690311     
   8.73000000000000       1.648717957176970E-002  0.944625604753525     
   8.76000000000000       1.646665832420954E-002  0.944533641637090     
   8.79000000000000       1.644615793420436E-002  0.944441800653668     
   8.82000000000000       1.642567880765601E-002  0.944350080849206     
   8.85000000000000       1.640522089475332E-002  0.944258482054295     
   8.88000000000000       1.638478429580403E-002  0.944167004058571     
   8.91000000000000       1.636436976083055E-002  0.944075645677881     
   8.94000000000000       1.634397828405228E-002  0.943984405165702     
   8.97000000000000       1.632361051266042E-002  0.943893281191634     
   9.00000000000000       1.630326655295045E-002  0.943802273269257     
   9.03000000000000       1.628294629163877E-002  0.943711381398192     
   9.06000000000000       1.626265008681100E-002  0.943620605002385     
   9.09000000000000       1.624237884271416E-002  0.943529942562768     
   9.12000000000000       1.622213340003980E-002  0.943439392483034     
   9.15000000000000       1.620191411767592E-002  0.943348953852762     
   9.18000000000000       1.618172089289198E-002  0.943258626542861     
   9.21000000000000       1.616155370988625E-002  0.943168410471820     
   9.24000000000000       1.614141317477370E-002  0.943078304650558     
   9.27000000000000       1.612130019629921E-002  0.942988307452868     
   9.30000000000000       1.610121539651977E-002  0.942898417567724     
   9.33000000000000       1.608115887446806E-002  0.942808634485438     
   9.36000000000000       1.606113043968983E-002  0.942718958267245     
   9.39000000000000       1.604113027149701E-002  0.942629388568927     
   9.42000000000000       1.602115913446693E-002  0.942539924085506     
   9.45000000000000       1.600121783753261E-002  0.942450563266918     
   9.48000000000000       1.598130676890487E-002  0.942361305136067     
   9.51000000000000       1.596142582771914E-002  0.942272149511686     
   9.54000000000000       1.594157485409188E-002  0.942183096466748     
   9.57000000000000       1.592175423946274E-002  0.942094145325447     
   9.60000000000000       1.590196480159824E-002  0.942005294619136     
   9.63000000000000       1.588220719501320E-002  0.941916542983821     
   9.66000000000000       1.586248158864660E-002  0.941827889771578     
   9.69000000000000       1.584278775907693E-002  0.941739335025477     
   9.72000000000000       1.582312566222388E-002  0.941650878685421     
   9.75000000000000       1.580349585996996E-002  0.941562519773743     
   9.78000000000000       1.578389914020456E-002  0.941474256796435     
   9.81000000000000       1.576433598354802E-002  0.941386088625689     
   9.84000000000000       1.574480637222084E-002  0.941298014906043     
   9.87000000000000       1.572531003909325E-002  0.941210035790988     
   9.90000000000000       1.570584709517733E-002  0.941122151002996     
   9.93000000000000       1.568641820746471E-002  0.941034359345838     
   9.96000000000000       1.566702408209544E-002  0.940946659397167     
   9.99000000000000       1.564766502756117E-002  0.940859050276675     
   10.0200000000000       1.562834088177274E-002  0.940771531866416     
   10.0500000000000       1.560905139988198E-002  0.940684104327615     
   10.0800000000000       1.558979684690123E-002  0.940596767142356     
   10.1100000000000       1.557057793241672E-002  0.940509518990063     
   10.1400000000000       1.555139525476701E-002  0.940422358576154     
   10.1700000000000       1.553224896424882E-002  0.940335285256175     
   10.2000000000000       1.551313879963767E-002  0.940248299087250     
   10.2300000000000       1.549406458295225E-002  0.940161400161590     
   10.2600000000000       1.547502670712278E-002  0.940074587742561     
   10.2900000000000       1.545602587669302E-002  0.939987860465342     
   10.3200000000000       1.543706257370665E-002  0.939901217188579     
   10.3500000000000       1.541813681073663E-002  0.939814657479183     
   10.3800000000000       1.539924826917573E-002  0.939728181508561     
   10.4100000000000       1.538039685989144E-002  0.939641789254396     
   10.4400000000000       1.536158306808070E-002  0.939555479806012     
   10.4700000000000       1.534280756238810E-002  0.939469251811805     
   10.5000000000000       1.532407071087924E-002  0.939383104288941     
   10.5300000000000       1.530537241160201E-002  0.939297036984966     
   10.5600000000000       1.528671232249633E-002  0.939211050133368     
   10.5900000000000       1.526809044678466E-002  0.939125143580121     
   10.6200000000000       1.524950732736072E-002  0.939039316290717     
   10.6500000000000       1.523096358007292E-002  0.938953566962546     
   10.6800000000000       1.521245946762216E-002  0.938867894764236     
   10.7100000000000       1.519399479663359E-002  0.938782299591607     
   10.7400000000000       1.517556922569053E-002  0.938696781700541     
   10.7700000000000       1.515718284166550E-002  0.938611340809089     
   10.8000000000000       1.513883621687332E-002  0.938525975804206     
   10.8300000000000       1.512052990765996E-002  0.938440685450889     
   10.8600000000000       1.510226408333322E-002  0.938355469055069     
   10.8900000000000       1.508403848013015E-002  0.938270326630076     
   10.9200000000000       1.506585277158889E-002  0.938185258428000     
   10.9500000000000       1.504770711325600E-002  0.938100264055535     
   10.9800000000000       1.502960208629234E-002  0.938015342357064     
   11.0100000000000       1.501153818766482E-002  0.937930492171525     
   11.0400000000000       1.499351550675856E-002  0.937845712924310     
   11.0700000000000       1.497553372720120E-002  0.937761004719131     
   11.1000000000000       1.495759254350022E-002  0.937676367790361     
   11.1300000000000       1.493969216291883E-002  0.937591801655962     
   11.1600000000000       1.492183316197057E-002  0.937507305143772     
   11.1900000000000       1.490401598270476E-002  0.937422877164795     
   11.2200000000000       1.488624064836215E-002  0.937338517244544     
   11.2500000000000       1.486850680404336E-002  0.937254225554575     
   11.2800000000000       1.485081416497201E-002  0.937170002307477     
   11.3100000000000       1.483316297377691E-002  0.937085846956624     
   11.3400000000000       1.481555379446460E-002  0.937001758330702     
   11.3700000000000       1.479798702121419E-002  0.936917735405720     
   11.4000000000000       1.478046262448049E-002  0.936833777787832     
   11.4300000000000       1.476298022140203E-002  0.936749885698571     
   11.4600000000000       1.474553954341614E-002  0.936666059331794     
   11.4900000000000       1.472814085391115E-002  0.936582298099456     
   11.5200000000000       1.471078470062412E-002  0.936498600841816     
   11.5500000000000       1.469347143830933E-002  0.936414966589787     
   11.5800000000000       1.467620099721932E-002  0.936331395011325     
   11.6100000000000       1.465897297412143E-002  0.936247886364158     
   11.6400000000000       1.464178710961698E-002  0.936164440831099     
   11.6700000000000       1.462464367521851E-002  0.936081057803857     
   11.7000000000000       1.460754320135012E-002  0.935997736140337     
   11.7300000000000       1.459048601239405E-002  0.935914474914695     
   11.7600000000000       1.457347201007695E-002  0.935831273838849     
   11.7900000000000       1.455650077620156E-002  0.935748133196093     
   11.8200000000000       1.453957205219808E-002  0.935665053168449     
   11.8500000000000       1.452268610676948E-002  0.935582033146496     
   11.8800000000000       1.450584345356005E-002  0.935499072008963     
   11.9100000000000       1.448904439569294E-002  0.935416168861088     
   11.9400000000000       1.447228881720227E-002  0.935333323441986     
   11.9700000000000       1.445557628896892E-002  0.935250536051941     
   12.0000000000000       1.443890654456883E-002  0.935167806883396     
   12.0300000000000       1.442227984014605E-002  0.935085135343259     
   12.0600000000000       1.440569667376535E-002  0.935002520332875     
   12.0900000000000       1.438915733609917E-002  0.934919960976631     
   12.1200000000000       1.437266170361325E-002  0.934837457025095     
   12.1500000000000       1.435620933975344E-002  0.934755008787907     
   12.1800000000000       1.433979996187739E-002  0.934672616478862     
   12.2100000000000       1.432343380445860E-002  0.934590279537549     
   12.2400000000000       1.430711135110740E-002  0.934507996889590     
   12.2700000000000       1.429083288826962E-002  0.934425767667384     
   12.3000000000000       1.427459829440622E-002  0.934343591618106     
   12.3300000000000       1.425840712917374E-002  0.934261469053089     
   12.3600000000000       1.424225908621036E-002  0.934179400217080     
   12.3900000000000       1.422615436937132E-002  0.934097384598117     
   12.4200000000000       1.421009344823317E-002  0.934015421148671     
   12.4500000000000       1.419407661242234E-002  0.933933508999286     
   12.4800000000000       1.417810375151817E-002  0.933851647879732     
   12.5100000000000       1.416217442577305E-002  0.933769838094530     
   12.5400000000000       1.414628829898475E-002  0.933688079926730     
   12.5700000000000       1.413044553526170E-002  0.933606372928306     
   12.6000000000000       1.411464658932436E-002  0.933524716082965     
   12.6300000000000       1.409889176033889E-002  0.933443108511251     
   12.6600000000000       1.408318095772920E-002  0.933361549912357     
   12.6900000000000       1.406751374787343E-002  0.933280040574112     
   12.7200000000000       1.405188976053337E-002  0.933198580822062     
   12.7500000000000       1.403630911061641E-002  0.933117170287341     
   12.7800000000000       1.402077223543238E-002  0.933035807991854     
   12.8100000000000       1.400527944875195E-002  0.932954493040203     
   12.8400000000000       1.398983068811323E-002  0.932873225088806     
   12.8700000000000       1.397442553293057E-002  0.932792004397279     
   12.9000000000000       1.395906357721499E-002  0.932710831333872     
   12.9300000000000       1.394374487704896E-002  0.932629705623414     
   12.9600000000000       1.392846984759315E-002  0.932548626336176     
   12.9900000000000       1.391323882068449E-002  0.932467592557621     
   13.0200000000000       1.389805176964648E-002  0.932386603890439     
   13.0500000000000       1.388290829522573E-002  0.932305660552929     
   13.0800000000000       1.386780795703382E-002  0.932224762951517     
   13.1100000000000       1.385275074294934E-002  0.932143910917719     
   13.1400000000000       1.383773703871431E-002  0.932063103583950     
   13.1700000000000       1.382276719573101E-002  0.931982340016709     
   13.2000000000000       1.380784122992976E-002  0.931901619755645     
   13.2300000000000       1.379295877287653E-002  0.931820942963435     
   13.2600000000000       1.377811935465106E-002  0.931740310074918     
   13.2900000000000       1.376332288663247E-002  0.931659721038389     
   13.3200000000000       1.374856971510844E-002  0.931579175065858     
   13.3500000000000       1.373386021014248E-002  0.931498671209149     
   13.3800000000000       1.371919443593288E-002  0.931418208937716     
   13.4100000000000       1.370457206509890E-002  0.931337788343757     
   13.4400000000000       1.368999260685929E-002  0.931257409875425     
   13.4700000000000       1.367545589001468E-002  0.931177073603227     
   13.5000000000000       1.366096220865467E-002  0.931096778839448     
   13.5300000000000       1.364651194767142E-002  0.931016524630450     
   13.5600000000000       1.363210522363856E-002  0.930936310371116     
   13.5900000000000       1.361774176062941E-002  0.930856136068648     
   13.6200000000000       1.360342105937607E-002  0.930776002164511     
   13.6500000000000       1.358914286366271E-002  0.930695908850254     
   13.6800000000000       1.357490740039407E-002  0.930615855561136     
   13.7100000000000       1.356071506193460E-002  0.930535841353016     
   13.7400000000000       1.354656601934876E-002  0.930455865545357     
   13.7700000000000       1.353246005801709E-002  0.930375928047211     
   13.8000000000000       1.351839668575049E-002  0.930296029269488     
   13.8300000000000       1.350437556398849E-002  0.930216169515224     
   13.8600000000000       1.349039683627296E-002  0.930136348365236     
   13.8900000000000       1.347646089098496E-002  0.930056564906233     
   13.9200000000000       1.346256795327929E-002  0.929976818385838     
   13.9500000000000       1.344871787840607E-002  0.929897108604197     
   13.9800000000000       1.343491019903310E-002  0.929817435915582     
   14.0100000000000       1.342114450323332E-002  0.929737800715434     
   14.0400000000000       1.340742083563224E-002  0.929658202749414     
   14.0700000000000       1.339373956464311E-002  0.929578641163023     
   14.1000000000000       1.338010096594348E-002  0.929499115141139     
   14.1300000000000       1.336650497122968E-002  0.929419624367656     
   14.1600000000000       1.335295115666563E-002  0.929340169113953     
   14.1900000000000       1.333943905279750E-002  0.929260749839237     
   14.2200000000000       1.332596859294620E-002  0.929181366466030     
   14.2500000000000       1.331254010503167E-002  0.929102018232412     
   14.2800000000000       1.329915390775128E-002  0.929022704276388     
   14.3100000000000       1.328581001320113E-002  0.928943424162625     
   14.3400000000000       1.327250805898063E-002  0.928864178055379     
   14.3700000000000       1.325924754040059E-002  0.928784966440845     
   14.4000000000000       1.324602827328577E-002  0.928705789418927     
   14.4300000000000       1.323285052078231E-002  0.928626646357726     
   14.4600000000000       1.321971463225062E-002  0.928547536372354     
   14.4900000000000       1.320662070092899E-002  0.928468458910618     
   14.5200000000000       1.319356844158921E-002  0.928389414009472     
   14.5500000000000       1.318055734150570E-002  0.928310402140060     
   14.5800000000000       1.316758710196347E-002  0.928231423565228     
   14.6100000000000       1.315465789528345E-002  0.928152477820067     
   14.6400000000000       1.314177008335618E-002  0.928073564029945     
   14.6700000000000       1.312892383746916E-002  0.927994681534656     
   14.7000000000000       1.311611896183643E-002  0.927915830229349     
   14.7300000000000       1.310335496531660E-002  0.927837010526742     
   14.7600000000000       1.309063144876570E-002  0.927758222821695     
   14.7900000000000       1.307794846933750E-002  0.927679466846682     
   14.8200000000000       1.306530637690960E-002  0.927600741779803     
   14.8500000000000       1.305270541310930E-002  0.927522046869578     
   14.8800000000000       1.304014547950699E-002  0.927443381861690     
   14.9100000000000       1.302762613558255E-002  0.927364747069986     
   14.9400000000000       1.301514690725870E-002  0.927286142975238     
   14.9700000000000       1.300270771867163E-002  0.927207569523846     
   15.0000000000000       1.299030887697856E-002  0.927129025996658     
   15.0300000000000       1.297795068078607E-002  0.927050511577306     
   15.0600000000000       1.296563313201254E-002  0.926972025862035     
   15.0900000000000       1.295335586632052E-002  0.926893569032066     
   15.1200000000000       1.294111836954797E-002  0.926815141597258     
   15.1500000000000       1.292892042668204E-002  0.926736743713778     
   15.1800000000000       1.291676226720892E-002  0.926658374818093     
   15.2100000000000       1.290464422643546E-002  0.926580034066741     
   15.2400000000000       1.289256640427845E-002  0.926501720915087     
   15.2700000000000       1.288052853244406E-002  0.926423435387346     
   15.3000000000000       1.286853009679013E-002  0.926345177961650     
   15.3300000000000       1.285657075288342E-002  0.926266948975102     
   15.3600000000000       1.284465061761985E-002  0.926188748067326     
   15.3900000000000       1.283277003466946E-002  0.926110574417913     
   15.4200000000000       1.282092919370446E-002  0.926032427359665     
   15.4500000000000       1.280912793532521E-002  0.925954306746211     
   15.4800000000000       1.279736578559249E-002  0.925876212966626     
   15.5100000000000       1.278564229753441E-002  0.925798146486355     
   15.5400000000000       1.277395744723699E-002  0.925720107179572     
   15.5700000000000       1.276231155014017E-002  0.925642094310033     
   15.6000000000000       1.275070487056408E-002  0.925564107117912     
   15.6300000000000       1.273913736339623E-002  0.925486145283956     
   15.6600000000000       1.272760863019502E-002  0.925408209060748     
   15.6900000000000       1.271611816285070E-002  0.925330298972164     
   15.7200000000000       1.270466578297141E-002  0.925252415131460     
   15.7500000000000       1.269325173491962E-002  0.925174556953067     
   15.7800000000000       1.268187633424495E-002  0.925096723628309     
   15.8100000000000       1.267053964802923E-002  0.925018914674287     
   15.8400000000000       1.265924138016752E-002  0.924941130173661     
   15.8700000000000       1.264798101108468E-002  0.924863370632078     
   15.9000000000000       1.263675821525044E-002  0.924785636372927     
   15.9300000000000       1.262557312227625E-002  0.924707927022425     
   15.9600000000000       1.261442606573381E-002  0.924630241782082     
   15.9900000000000       1.260331721514929E-002  0.924552580026939     
   16.0200000000000       1.259224639341013E-002  0.924474941651868     
   16.0500000000000       1.258121311939878E-002  0.924397327072479     
   16.0800000000000       1.257021695086190E-002  0.924319736761020     
   16.1100000000000       1.255925786720111E-002  0.924242170596297     
   16.1400000000000       1.254833617667879E-002  0.924164627862637     
   16.1700000000000       1.253745213303390E-002  0.924087107828801     
   16.2000000000000       1.252660568446438E-002  0.924009610199437     
   16.2300000000000       1.251579643113612E-002  0.923932135242489     
   16.2600000000000       1.250502386347211E-002  0.923854683495281     
   16.2900000000000       1.249428779413832E-002  0.923777255095044     
   16.3200000000000       1.248358845537293E-002  0.923699849487622     
   16.3500000000000       1.247292615681249E-002  0.923622465888016     
   16.3800000000000       1.246230096848704E-002  0.923545103823077     
   16.4100000000000       1.245171260281261E-002  0.923467763374842     
   16.4400000000000       1.244116054192511E-002  0.923390445054946     
   16.4700000000000       1.243064444241031E-002  0.923313149221989     
   16.5000000000000       1.242016440996747E-002  0.923235875553244     
   16.5300000000000       1.240972077005964E-002  0.923158623280576     
   16.5600000000000       1.239931370151277E-002  0.923081391780765     
   16.5900000000000       1.238894304640539E-002  0.923004180932189     
   16.6200000000000       1.237860833598045E-002  0.922926991138979     
   16.6500000000000       1.236830910989489E-002  0.922849822904999     
   16.6800000000000       1.235804530930773E-002  0.922772676180288     
   16.7100000000000       1.234781722384025E-002  0.922695550299055     
   16.7400000000000       1.233762511768180E-002  0.922618444533059     
   16.7700000000000       1.232746896697846E-002  0.922541358558507     
   16.8000000000000       1.231734839854401E-002  0.922464292610540     
   16.8300000000000       1.230726289529960E-002  0.922387247238713     
   16.8600000000000       1.229721222184125E-002  0.922310222661183     
   16.8900000000000       1.228719657346279E-002  0.922233218403133     
   16.9200000000000       1.227721626401432E-002  0.922156233696433     
   16.9500000000000       1.226727139632354E-002  0.922079268034538     
   16.9800000000000       1.225736172335157E-002  0.922002321447265     
   17.0100000000000       1.224748673891437E-002  0.921925394428246     
   17.0400000000000       1.223764605320571E-002  0.921848487407316     
   17.0700000000000       1.222783971327961E-002  0.921771600171477     
   17.1000000000000       1.221806803315960E-002  0.921694731998181     
   17.1300000000000       1.220833122356572E-002  0.921617882235960     
   17.1600000000000       1.219862917759219E-002  0.921541050697642     
   17.1900000000000       1.218896146086029E-002  0.921464237736301     
   17.2200000000000       1.217932758302207E-002  0.921387443896086     
   17.2500000000000       1.216972740990456E-002  0.921310669254362     
   17.2800000000000       1.216016119437573E-002  0.921233913232573     
   17.3100000000000       1.215062922362392E-002  0.921157175093186     
   17.3400000000000       1.214113152993941E-002  0.921080454442422     
   17.3700000000000       1.213166779528434E-002  0.921003751436046     
   17.4000000000000       1.212223750106281E-002  0.920927066618109     
   17.4300000000000       1.211284033444672E-002  0.920850400326170     
   17.4600000000000       1.210347642299946E-002  0.920773752217961     
   17.4900000000000       1.209414608415854E-002  0.920697121552119     
   17.5200000000000       1.208484947520077E-002  0.920620507759219     
   17.5500000000000       1.207558641921765E-002  0.920543910771061     
   17.5800000000000       1.206635644199152E-002  0.920467331026507     
   17.6100000000000       1.205715909440307E-002  0.920390769036959     
   17.6400000000000       1.204799432870284E-002  0.920314224754290     
   17.6700000000000       1.203886243131076E-002  0.920237697535543     
   17.7000000000000       1.202976365692488E-002  0.920161186688572     
   17.7300000000000       1.202069797605220E-002  0.920084691921714     
   17.7600000000000       1.201166501682086E-002  0.920008213491420     
   17.7900000000000       1.200266426563807E-002  0.919931751963038     
   17.8200000000000       1.199369548305051E-002  0.919855307580205     
   17.8500000000000       1.198475885442189E-002  0.919778879904921     
   17.8800000000000       1.197585468893685E-002  0.919702468200359     
   17.9100000000000       1.196698309496460E-002  0.919626071975666     
   17.9400000000000       1.195814383901009E-002  0.919549691262330     
   17.9700000000000       1.194933642395641E-002  0.919473326558237     
   18.0000000000000       1.194056044708930E-002  0.919396978328714     
   18.0300000000000       1.193181592994634E-002  0.919320646422240     
   18.0600000000000       1.192310317626118E-002  0.919244330160102     
   18.0900000000000       1.191442240812358E-002  0.919168028899954     
   18.1200000000000       1.190577354438188E-002  0.919091742438355     
   18.1500000000000       1.189715617430439E-002  0.919015471109505     
   18.1800000000000       1.188856979958335E-002  0.918939215480941     
   18.2100000000000       1.188001424496299E-002  0.918862975711140     
   18.2400000000000       1.187148973557804E-002  0.918786751295063     
   18.2700000000000       1.186299656716227E-002  0.918710541512896     
   18.3000000000000       1.185453480605373E-002  0.918634345944039     
   18.3300000000000       1.184610417483610E-002  0.918558164700698     
   18.3600000000000       1.183770416572359E-002  0.918481998319253     
   18.3900000000000       1.182933442102633E-002  0.918405847216220     
   18.4200000000000       1.182099501531939E-002  0.918329711159926     
   18.4500000000000       1.181268625965146E-002  0.918253589455088     
   18.4800000000000       1.180440834672702E-002  0.918177481507165     
   18.5100000000000       1.179616115409259E-002  0.918101387185899     
   18.5400000000000       1.178794424440790E-002  0.918025306883651     
   18.5700000000000       1.177975713912152E-002  0.917949241159668     
   18.6000000000000       1.177159971568293E-002  0.917873190101435     
   18.6300000000000       1.176347222569421E-002  0.917797153159454     
   18.6600000000000       1.175537495043679E-002  0.917721129635962     
   18.6900000000000       1.174730792212400E-002  0.917645119169850     
   18.7200000000000       1.173927083075409E-002  0.917569121936460     
   18.7500000000000       1.173126316583327E-002  0.917493138496101     
   18.7800000000000       1.172328460926408E-002  0.917417169220849     
   18.8100000000000       1.171533527465711E-002  0.917341213820339     
   18.8400000000000       1.170741547489215E-002  0.917265271594589     
   18.8700000000000       1.169952537833162E-002  0.917189341991155     
   18.9000000000000       1.169166483116592E-002  0.917113424937982     
   18.9300000000000       1.168383337897785E-002  0.917037520869596     
   18.9600000000000       1.167603056320745E-002  0.916961630333095     
   18.9900000000000       1.166825630217345E-002  0.916885753361185     
   19.0200000000000       1.166051086459335E-002  0.916809889376825     
   19.0500000000000       1.165279451885226E-002  0.916734037704565     
   19.0800000000000       1.164510727121217E-002  0.916658198031028     
   19.1100000000000       1.163744878889133E-002  0.916582370578984     
   19.1400000000000       1.162981856319687E-002  0.916506555923120     
   19.1700000000000       1.162221630805074E-002  0.916430754399678     
   19.2000000000000       1.161464216459143E-002  0.916354965678200     
   19.2300000000000       1.160709644508730E-002  0.916279189060701     
   19.2600000000000       1.159957929946197E-002  0.916203424029139     
   19.2900000000000       1.159209055177122E-002  0.916127670555399     
   19.3200000000000       1.158462973767672E-002  0.916051929103459     
   19.3500000000000       1.157719641605645E-002  0.915976200209010     
   19.3800000000000       1.156979053491051E-002  0.915900483866294     
   19.4100000000000       1.156241237367909E-002  0.915824779483099     
   19.4400000000000       1.155506219085451E-002  0.915749086403683     
   19.4700000000000       1.154773997474097E-002  0.915673404350516     
   19.5000000000000       1.154044537812338E-002  0.915597733580010     
   19.5300000000000       1.153317789610135E-002  0.915522074675490     
   19.5600000000000       1.152593726616838E-002  0.915446427948106     
   19.5900000000000       1.151872364767863E-002  0.915370793043025     
   19.6200000000000       1.151153735175474E-002  0.915295169267532     
   19.6500000000000       1.150437851605538E-002  0.915219556129441     
   19.6800000000000       1.149724695089474E-002  0.915143953631319     
   19.7100000000000       1.149014218730338E-002  0.915068362256553     
   19.7400000000000       1.148306379743042E-002  0.914992782533033     
   19.7700000000000       1.147601174877077E-002  0.914917214431995     
   19.8000000000000       1.146898632712971E-002  0.914841657355151     
   19.8300000000000       1.146198778481068E-002  0.914766110662306     
   19.8600000000000       1.145501609973990E-002  0.914690574100272     
   19.8900000000000       1.144807091737515E-002  0.914615047947039     
   19.9200000000000       1.144115173696146E-002  0.914539532791423     
   19.9500000000000       1.143425831101307E-002  0.914464028930958     
   19.9800000000000       1.142739080947934E-002  0.914388535999748     
   20.0100000000000       1.142054954287713E-002  0.914313053311562     
   20.0400000000000       1.141373464268151E-002  0.914237580391375     
   20.0700000000000       1.140694591305232E-002  0.914162117260259     
   20.1000000000000       1.140018288437176E-002  0.914086664412937     
   20.1300000000000       1.139344513715472E-002  0.914011222374560     
   20.1600000000000       1.138673264921722E-002  0.913935791107646     
   20.1900000000000       1.138004570962641E-002  0.913860370014764     
   20.2200000000000       1.137338456841277E-002  0.913784958466471     
   20.2500000000000       1.136674920017756E-002  0.913709556223069     
   20.2800000000000       1.136013924919618E-002  0.913634163573466     
   20.3100000000000       1.135355421833162E-002  0.913558781110317     
   20.3400000000000       1.134699386689200E-002  0.913483409128885     
   20.3700000000000       1.134045836896658E-002  0.913408047263721     
   20.4000000000000       1.133394803547831E-002  0.913332694835269     
   20.4300000000000       1.132746299748559E-002  0.913257351377281     
   20.4600000000000       1.132100305986124E-002  0.913182016918192     
   20.4900000000000       1.131456775553124E-002  0.913106691957247     
   20.5200000000000       1.130815666837235E-002  0.913031377022341     
   20.5500000000000       1.130176977820910E-002  0.912956072080358     
   20.5800000000000       1.129540737492095E-002  0.912880776540449     
   20.6100000000000       1.128906971004312E-002  0.912805489779122     
   20.6400000000000       1.128275676133818E-002  0.912730211560118     
   20.6700000000000       1.127646817737317E-002  0.912654942173662     
   20.7000000000000       1.127020346382377E-002  0.912579682215188     
   20.7300000000000       1.126396237912566E-002  0.912504431988343     
   20.7600000000000       1.125774509574206E-002  0.912429191138448     
   20.7900000000000       1.125155192605898E-002  0.912353958992548     
   20.8200000000000       1.124538300601778E-002  0.912278735085396     
   20.8500000000000       1.123923814746375E-002  0.912203519442596     
   20.8800000000000       1.123311688871129E-002  0.912128312561766     
   20.9100000000000       1.122701881234895E-002  0.912053114978645     
   20.9400000000000       1.122094389258115E-002  0.911977926676479     
   20.9700000000000       1.121489241782101E-002  0.911902747076253     
   21.0000000000000       1.120886464452373E-002  0.911827575556076     
   21.0300000000000       1.120286055952215E-002  0.911752411873952     
   21.0600000000000       1.119687982071387E-002  0.911677256312578     
   21.0900000000000       1.119092193598322E-002  0.911602109468981     
   21.1200000000000       1.118498665592049E-002  0.911526971664789     
   21.1500000000000       1.117907414591596E-002  0.911451842565752     
   21.1800000000000       1.117318472058442E-002  0.911376721505728     
   21.2100000000000       1.116731852550185E-002  0.911301608013528     
   21.2400000000000       1.116147538522732E-002  0.911226502102585     
   21.2700000000000       1.115565484630032E-002  0.911151404262920     
   21.3000000000000       1.114985648606598E-002  0.911076315042259     
   21.3300000000000       1.114408026601114E-002  0.911001234451204     
   21.3600000000000       1.113832647062280E-002  0.910926161927930     
   21.3900000000000       1.113259536414950E-002  0.910851096848583     
   21.4200000000000       1.112688694781827E-002  0.910776038957184     
   21.4500000000000       1.112120089365600E-002  0.910700988520572     
   21.4800000000000       1.111553671169968E-002  0.910625946135529     
   21.5100000000000       1.110989413853111E-002  0.910550912149926     
   21.5400000000000       1.110427332705129E-002  0.910475886259281     
   21.5700000000000       1.109867459434398E-002  0.910400867805228     
   21.6000000000000       1.109309809973934E-002  0.910325856304670     
   21.6300000000000       1.108754368580028E-002  0.910250851750321     
   21.6600000000000       1.108201091036858E-002  0.910175854618488     
   21.6900000000000       1.107649934254525E-002  0.910100865471619     
   21.7200000000000       1.107100892445195E-002  0.910025884357697     
   21.7500000000000       1.106553993373216E-002  0.909950910737962     
   21.7800000000000       1.106009264462798E-002  0.909875943984085     
   21.8100000000000       1.105466707749457E-002  0.909800983818832     
   21.8400000000000       1.104926292315809E-002  0.909726030485235     
   21.8700000000000       1.104387969454605E-002  0.909651084576963     
   21.9000000000000       1.103851710900671E-002  0.909576146474793     
   21.9300000000000       1.103317530138654E-002  0.909501215913270     
   21.9600000000000       1.102785459074848E-002  0.909426292243834     
   21.9900000000000       1.102255515361081E-002  0.909351374966636     
   22.0200000000000       1.101727685540914E-002  0.909276464045893     
   22.0500000000000       1.101201926874601E-002  0.909201559937741     
   22.0800000000000       1.100678195264080E-002  0.909126663220347     
   22.1100000000000       1.100156482365359E-002  0.909051773988050     
   22.1400000000000       1.099636814902541E-002  0.908976891731833     
   22.1700000000000       1.099119221439056E-002  0.908902015817657     
   22.2000000000000       1.098603706335633E-002  0.908827145940789     
   22.2300000000000       1.098090241014022E-002  0.908752282312826     
   22.2600000000000       1.097578777225183E-002  0.908677425520227     
   22.2900000000000       1.097069284365886E-002  0.908602575981470     
   22.3200000000000       1.096561773536542E-002  0.908527733479358     
   22.3500000000000       1.096056276704036E-002  0.908452897378503     
   22.3800000000000       1.095552813506838E-002  0.908378067158705     
   22.4100000000000       1.095051373220574E-002  0.908303242748704     
   22.4400000000000       1.094551914970540E-002  0.908228424577598     
   22.4700000000000       1.094054393599723E-002  0.908153613238304     
   22.5000000000000       1.093558797642260E-002  0.908078808879258     
   22.5300000000000       1.093065152349217E-002  0.908004011028815     
   22.5600000000000       1.092573487472826E-002  0.907929219047462     
   22.5900000000000       1.092083810046906E-002  0.907854432597827     
   22.6200000000000       1.091596094282437E-002  0.907779651852789     
   22.6500000000000       1.091110292659152E-002  0.907704877386198     
   22.6800000000000       1.090626371947995E-002  0.907630109656891     
   22.7100000000000       1.090144340265336E-002  0.907555348505047     
   22.7400000000000       1.089664229400125E-002  0.907480593313333     
   22.7700000000000       1.089186061163420E-002  0.907405843538981     
   22.8000000000000       1.088709827961342E-002  0.907331099069119     
   22.8300000000000       1.088235491214398E-002  0.907256360298593     
   22.8600000000000       1.087763004799284E-002  0.907181627832013     
   22.8900000000000       1.087292353634861E-002  0.907106901878114     
   22.9200000000000       1.086823560984422E-002  0.907032182011225     
   22.9500000000000       1.086356657737097E-002  0.906957467588246     
   22.9800000000000       1.085891653878569E-002  0.906882758235217     
   23.0100000000000       1.085428526844349E-002  0.906808054079453     
   23.0400000000000       1.084967230212875E-002  0.906733355675549     
   23.0700000000000       1.084507727986810E-002  0.906658663522991     
   23.1000000000000       1.084050024690785E-002  0.906583977528072     
   23.1300000000000       1.083594151586109E-002  0.906509297098032     
   23.1600000000000       1.083140132752406E-002  0.906434621666841     
   23.1900000000000       1.082687964073807E-002  0.906359951074815     
   23.2200000000000       1.082237609727426E-002  0.906285285675130     
   23.2500000000000       1.081789022864565E-002  0.906210626078935     
   23.2800000000000       1.081342184392164E-002  0.906135972559561     
   23.3100000000000       1.080897114992799E-002  0.906061324746752     
   23.3400000000000       1.080453846528177E-002  0.905986681997523     
   23.3700000000000       1.080012392139858E-002  0.905912043898670     
   23.4000000000000       1.079572732898859E-002  0.905837410525666     
   23.4300000000000       1.079134823941483E-002  0.905762782406152     
   23.4600000000000       1.078698626522443E-002  0.905688160077987     
   23.4900000000000       1.078264140981838E-002  0.905613543521532     
   23.5200000000000       1.077831397587210E-002  0.905538932176788     
   23.5500000000000       1.077400422683903E-002  0.905464325455437     
   23.5800000000000       1.076971215923228E-002  0.905389723146829     
   23.6100000000000       1.076543744716650E-002  0.905315125555064     
   23.6400000000000       1.076117961876759E-002  0.905240533290692     
   23.6700000000000       1.075693844028487E-002  0.905165946693623     
   23.7000000000000       1.075271408614227E-002  0.905091365459019     
   23.7300000000000       1.074850688182572E-002  0.905016788949651     
   23.7600000000000       1.074431699152348E-002  0.904942216711838     
   23.7900000000000       1.074014426605178E-002  0.904867648763662     
   23.8200000000000       1.073598827766685E-002  0.904793085597330     
   23.8500000000000       1.073184861340043E-002  0.904718527784141     
   23.8800000000000       1.072772522935129E-002  0.904643975385183     
   23.9100000000000       1.072361841242365E-002  0.904569427882978     
   23.9400000000000       1.071952844761964E-002  0.904494884669726     
   23.9700000000000       1.071545537135095E-002  0.904420345480823     
   24.0000000000000       1.071139889483836E-002  0.904345810564152     
   24.0300000000000       1.070735854802498E-002  0.904271280520793     
   24.0600000000000       1.070333405321970E-002  0.904196755756524     
   24.0900000000000       1.069932554541802E-002  0.904122236042022     
   24.1200000000000       1.069533335280762E-002  0.904047720753495     
   24.1500000000000       1.069135767266288E-002  0.903973209397109     
   24.1800000000000       1.068739839917722E-002  0.903898701928906     
   24.2100000000000       1.068345513130330E-002  0.903824198796754     
   24.2400000000000       1.067952743433007E-002  0.903749700597848     
   24.2700000000000       1.067561521248069E-002  0.903675207478747     
   24.3000000000000       1.067171872995246E-002  0.903600718975609     
   24.3300000000000       1.066783829099495E-002  0.903526234465951     
   24.3600000000000       1.066397397340160E-002  0.903451753629518     
   24.3900000000000       1.066012553004989E-002  0.903377276651379     
   24.4200000000000       1.065629249903797E-002  0.903302804112904     
   24.4500000000000       1.065247455947913E-002  0.903228336482025     
   24.4800000000000       1.064867179981932E-002  0.903153873614531     
   24.5100000000000       1.064488454542009E-002  0.903079414909779     
   24.5400000000000       1.064111302595753E-002  0.903004959835834     
   24.5700000000000       1.063735718166967E-002  0.902930508283109     
   24.6000000000000       1.063361664422763E-002  0.902856060646202     
   24.6300000000000       1.062989096271795E-002  0.902781617538254     
   24.6600000000000       1.062617998624111E-002  0.902707179193494     
   24.6900000000000       1.062248394842569E-002  0.902632745213779     
   24.7200000000000       1.061880316915970E-002  0.902558314968891     
   24.7500000000000       1.061513776827172E-002  0.902483888082660     
   24.7800000000000       1.061148754443919E-002  0.902409464671548     
   24.8100000000000       1.060785205110441E-002  0.902335045286074     
   24.8400000000000       1.060423092700226E-002  0.902260630449455     
   24.8700000000000       1.060062420727430E-002  0.902186220110928     
   24.9000000000000       1.059703220755435E-002  0.902111813704643     
   24.9300000000000       1.059345518812697E-002  0.902037410664519     
   24.9600000000000       1.058989313723814E-002  0.901963010812974     
   24.9900000000000       1.058634572522587E-002  0.901888614482786     
   25.0200000000000       1.058281249210795E-002  0.901814222291046     
   25.0500000000000       1.057929323041105E-002  0.901739834558730     
   25.0800000000000       1.057578813468350E-002  0.901665450965832     
   25.1100000000000       1.057229753543843E-002  0.901591070883583     
   25.1400000000000       1.056882159427102E-002  0.901516693881235     
   25.1700000000000       1.056536015921599E-002  0.901442320001893     
   25.2000000000000       1.056191280675165E-002  0.901367949753706     
   25.2300000000000       1.055847914022464E-002  0.901293583705191     
   25.2600000000000       1.055505913561534E-002  0.901219221905280     
   25.2900000000000       1.055165309063626E-002  0.901144863836227     
   25.3200000000000       1.054826129315997E-002  0.901070508903845     
   25.3500000000000       1.054488378059291E-002  0.900996156861566     
   25.3800000000000       1.054152026754100E-002  0.900921807972555     
   25.4100000000000       1.053817029339112E-002  0.900847462844341     
   25.4400000000000       1.053483359483936E-002  0.900773121880165     
   25.4700000000000       1.053151031862573E-002  0.900698784850175     
   25.5000000000000       1.052820079938936E-002  0.900624451138513     
   25.5300000000000       1.052490523919736E-002  0.900550120262960     
   25.5600000000000       1.052162353826478E-002  0.900475792189758     
   25.5900000000000       1.051835530392171E-002  0.900401467373346     
   25.6200000000000       1.051510011122665E-002  0.900327146414711     
   25.6500000000000       1.051185787265196E-002  0.900252829465781     
   25.6800000000000       1.050862885868064E-002  0.900178516071429     
   25.7100000000000       1.050541338039458E-002  0.900104205617669     
   25.7400000000000       1.050221152461523E-002  0.900029897789476     
   25.7700000000000       1.049902305521154E-002  0.899955592773705     
   25.8000000000000       1.049584752029497E-002  0.899881291153933     
   25.8300000000000       1.049268460396797E-002  0.899806993407387     
   25.8600000000000       1.048953439676615E-002  0.899732699405032     
   25.8900000000000       1.048639722944689E-002  0.899658408557561     
   25.9200000000000       1.048327334211650E-002  0.899584120336355     
   25.9500000000000       1.048016268913701E-002  0.899509834628697     
   25.9800000000000       1.047706491625378E-002  0.899435551824684     
   26.0100000000000       1.047397957921713E-002  0.899361272542593     
   26.0400000000000       1.047090652474636E-002  0.899286997036944     
   26.0700000000000       1.046784598600169E-002  0.899212724930253     
   26.1000000000000       1.046479829141542E-002  0.899138455599447     
   26.1300000000000       1.046176357649081E-002  0.899064188663250     
   26.1600000000000       1.045874165854221E-002  0.898989924226880     
   26.1900000000000       1.045573210421379E-002  0.898915662835383     
   26.2200000000000       1.045273455086708E-002  0.898841405027963     
   26.2500000000000       1.044974902544656E-002  0.898767150784657     
   26.2800000000000       1.044677584537570E-002  0.898692899558246     
   26.3100000000000       1.044381528509689E-002  0.898618650780954     
   26.3400000000000       1.044086735413665E-002  0.898544404260564     
   26.3700000000000       1.043793174360859E-002  0.898470160313364     
   26.4000000000000       1.043500800044033E-002  0.898395919558088     
   26.4300000000000       1.043209590597200E-002  0.898321682347172     
   26.4600000000000       1.042919564565286E-002  0.898247448395383     
   26.4900000000000       1.042630755782608E-002  0.898173217083733     
   26.5200000000000       1.042343182485658E-002  0.898098987968751     
   26.5500000000000       1.042056832071724E-002  0.898024761070262     
   26.5800000000000       1.041771664035863E-002  0.897950536880715     
   26.6100000000000       1.041487638278304E-002  0.897876315985915     
   26.6400000000000       1.041204750570079E-002  0.897802098479765     
   26.6700000000000       1.040923030250082E-002  0.897727883874049     
   26.7000000000000       1.040642507684894E-002  0.897653671571452     
   26.7300000000000       1.040363189342518E-002  0.897579461301399     
   26.7600000000000       1.040085049477202E-002  0.897505253298446     
   26.7900000000000       1.039808043045275E-002  0.897431048164127     
   26.8200000000000       1.039532141979019E-002  0.897356846339571     
   26.8500000000000       1.039257359049864E-002  0.897282647644865     
   26.8800000000000       1.038983728176356E-002  0.897208451480644     
   26.9100000000000       1.038711271980268E-002  0.897134257347359     
   26.9400000000000       1.038439983737691E-002  0.897060065177384     
   26.9700000000000       1.038169826700974E-002  0.896985875397663     
   27.0000000000000       1.037900757995127E-002  0.896911688622518     
   27.0300000000000       1.037632766150533E-002  0.896837505060123     
   27.0600000000000       1.037365876944122E-002  0.896763324298766     
   27.0900000000000       1.037100122997925E-002  0.896689145723758     
   27.1200000000000       1.036835516184773E-002  0.896614968989121     
   27.1500000000000       1.036572036395658E-002  0.896540794241561     
   27.1800000000000       1.036309640035671E-002  0.896466622047817     
   27.2100000000000       1.036048293483184E-002  0.896392452924053     
   27.2400000000000       1.035788002849205E-002  0.896318286805947     
   27.2700000000000       1.035528801073781E-002  0.896244123131372     
   27.3000000000000       1.035270714729768E-002  0.896169961353079     
   27.3300000000000       1.035013743070567E-002  0.896095801315756     
   27.3600000000000       1.034757853940826E-002  0.896021643369606     
   27.3900000000000       1.034503002921865E-002  0.895947488137579     
   27.4200000000000       1.034249171295474E-002  0.895873335937470     
   27.4500000000000       1.033996380085409E-002  0.895799186451082     
   27.4800000000000       1.033744663335375E-002  0.895725039061137     
   27.5100000000000       1.033494038095187E-002  0.895650893351186     
   27.5400000000000       1.033244490259697E-002  0.895576749375942     
   27.5700000000000       1.032995978845979E-002  0.895502607650662     
   27.6000000000000       1.032748465625044E-002  0.895428468748956     
   27.6300000000000       1.032501949362656E-002  0.895354332728319     
   27.6600000000000       1.032256460822180E-002  0.895280199082971     
   27.6900000000000       1.032012029945887E-002  0.895206067228844     
   27.7200000000000       1.031768661943807E-002  0.895131936924592     
   27.7500000000000       1.031526329963763E-002  0.895057808434500     
   27.7800000000000       1.031284989380032E-002  0.894983682369511     
   27.8100000000000       1.031044614568490E-002  0.894909559147053     
   27.8400000000000       1.030805220651717E-002  0.894835438557657     
   27.8700000000000       1.030566842088672E-002  0.894761319998774     
   27.9000000000000       1.030329500750892E-002  0.894687202990577     
   27.9300000000000       1.030093188770479E-002  0.894613087493716     
   27.9600000000000       1.029857868860672E-002  0.894538973956921     
   27.9900000000000       1.029623499388733E-002  0.894464862990589     
   28.0200000000000       1.029390071377791E-002  0.894390754775142     
   28.0500000000000       1.029157612121426E-002  0.894316648880855     
   28.0800000000000       1.028926154186835E-002  0.894242544700397     
   28.1100000000000       1.028695708596999E-002  0.894168441910032     
   28.1400000000000       1.028466254368040E-002  0.894094340681251     
   28.1700000000000       1.028237748034928E-002  0.894020241592686     
   28.2000000000000       1.028010157773254E-002  0.893946145146262     
   28.2300000000000       1.027783491790921E-002  0.893872051253212     
   28.2600000000000       1.027557783789581E-002  0.893797959345231     
   28.2900000000000       1.027333059967268E-002  0.893723868888600     
   28.3200000000000       1.027109318789844E-002  0.893649779749930     
   28.3500000000000       1.026886527625741E-002  0.893575692298607     
   28.3800000000000       1.026664642833228E-002  0.893501607159227     
   28.4100000000000       1.026443647653220E-002  0.893427524630395     
   28.4400000000000       1.026223564585495E-002  0.893353444377518     
   28.4700000000000       1.026004427901261E-002  0.893279365786319     
   28.5000000000000       1.025786254165034E-002  0.893205288456440     
   28.5300000000000       1.025569028668946E-002  0.893131212462110     
   28.5600000000000       1.025352710433504E-002  0.893057138330681     
   28.5900000000000       1.025137262482191E-002  0.892983066628966     
   28.6200000000000       1.024922685328495E-002  0.892908997396208     
   28.6500000000000       1.024709010601473E-002  0.892834930119421     
   28.6800000000000       1.024496268175410E-002  0.892760864223094     
   28.7100000000000       1.024284462809184E-002  0.892686799481957     
   28.7400000000000       1.024073567326730E-002  0.892612736175822     
   28.7700000000000       1.023863537580952E-002  0.892538674920263     
   28.8000000000000       1.023654349392806E-002  0.892464616121216     
   28.8300000000000       1.023446019198943E-002  0.892390559556171     
   28.8600000000000       1.023238581872870E-002  0.892316504622889     
   28.8900000000000       1.023032059112704E-002  0.892242450852449     
   28.9200000000000       1.022826442733617E-002  0.892168398219784     
   28.9500000000000       1.022621695458413E-002  0.892094347184146     
   28.9800000000000       1.022417776494270E-002  0.892020298354272     
   29.0100000000000       1.022214678210353E-002  0.891946251898858     
   29.0400000000000       1.022012428751020E-002  0.891872207381838     
   29.0700000000000       1.021811060845099E-002  0.891798164200829     
   29.1000000000000       1.021610585367758E-002  0.891724122043006     
   29.1300000000000       1.021410981218863E-002  0.891650081091173     
   29.1600000000000       1.021212205268764E-002  0.891576041929298     
   29.1900000000000       1.021014226692576E-002  0.891502005054008     
   29.2200000000000       1.020817054753199E-002  0.891427970368071     
   29.2500000000000       1.020620723649936E-002  0.891353937302557     
   29.2800000000000       1.020425259658723E-002  0.891279905330553     
   29.3100000000000       1.020230661206227E-002  0.891205874328052     
   29.3400000000000       1.020036895775655E-002  0.891131844672155     
   29.3700000000000       1.019843920299039E-002  0.891057816988574     
   29.4000000000000       1.019651718957827E-002  0.890983791570280     
   29.4300000000000       1.019460314975274E-002  0.890909768078875     
   29.4600000000000       1.019269742928883E-002  0.890835745902906     
   29.4900000000000       1.019080019493777E-002  0.890761724648600     
   29.5200000000000       1.018891130079286E-002  0.890687704397140     
   29.5500000000000       1.018703034030589E-002  0.890613685680086     
   29.5800000000000       1.018515695030329E-002  0.890539669063212     
   29.6100000000000       1.018329114326715E-002  0.890465654582433     
   29.6400000000000       1.018143324022218E-002  0.890391641724939     
   29.6700000000000       1.017958354251125E-002  0.890317629919146     
   29.7000000000000       1.017774209986803E-002  0.890243618944815     
   29.7300000000000       1.017590864337252E-002  0.890169609085951     
   29.7600000000000       1.017408273607312E-002  0.890095600959846     
   29.7900000000000       1.017226414198425E-002  0.890021594971765     
   29.8200000000000       1.017045303048547E-002  0.889947590899178     
   29.8500000000000       1.016864975388561E-002  0.889873588142142     
   29.8800000000000       1.016685453232196E-002  0.889799586234959     
   29.9100000000000       1.016506728746603E-002  0.889725585155348     
   29.9400000000000       1.016328765070161E-002  0.889651585364334     
   29.9700000000000       1.016151521856959E-002  0.889577587471743     
   30.0000000000000       1.015974991873941E-002  0.889503591647911     
   30.0300000000000       1.015799203609969E-002  0.889429597459327     
   30.0600000000000       1.015624190159098E-002  0.889355604306007     
   30.0900000000000       1.015449962826780E-002  0.889281611876537     
   30.1200000000000       1.015276500999904E-002  0.889207620354116     
   30.1500000000000       1.015103762006276E-002  0.889133630323234     
   30.1800000000000       1.014931715327955E-002  0.889059642283149     
   30.2100000000000       1.014760370442591E-002  0.888985656141073     
   30.2400000000000       1.014589761859305E-002  0.888911671331446     
   30.2700000000000       1.014419916312419E-002  0.888837687328334     
   30.3000000000000       1.014250832797747E-002  0.888763704006784     
   30.3300000000000       1.014082479373199E-002  0.888689721742436     
   30.3600000000000       1.013914813339128E-002  0.888615741162182     
   30.3900000000000       1.013747818969080E-002  0.888541762564701     
   30.4200000000000       1.013581519610166E-002  0.888467785617781     
   30.4500000000000       1.013415950224438E-002  0.888393809712310     
   30.4800000000000       1.013251128085970E-002  0.888319834453168     
   30.5100000000000       1.013087039300806E-002  0.888245859918238     
   30.5400000000000       1.012923643778015E-002  0.888171886637079     
   30.5700000000000       1.012760905348860E-002  0.888097915179451     
   30.6000000000000       1.012598825166154E-002  0.888023945590155     
   30.6300000000000       1.012437435494743E-002  0.887949977362341     
   30.6600000000000       1.012276767000265E-002  0.887876009924401     
   30.6900000000000       1.012116825410033E-002  0.887802043052055     
   30.7200000000000       1.011957584602763E-002  0.887728077024284     
   30.7500000000000       1.011799001295355E-002  0.887654112457894     
   30.7800000000000       1.011641051750946E-002  0.887580149766443     
   30.8100000000000       1.011483752744382E-002  0.887506188737967     
   30.8400000000000       1.011327139817754E-002  0.887432228776318     
   30.8700000000000       1.011171235696475E-002  0.887358269412711     
   30.9000000000000       1.011016033440169E-002  0.887284310618238     
   30.9300000000000       1.010861496926406E-002  0.887210352848581     
   30.9600000000000       1.010707585926660E-002  0.887136396716951     
   30.9900000000000       1.010554292824581E-002  0.887062442406252     
   31.0200000000000       1.010401646034132E-002  0.886988489492796     
   31.0500000000000       1.010249679174082E-002  0.886914537376928     
   31.0800000000000       1.010098404446130E-002  0.886840585740893     
   31.1100000000000       1.009947802212451E-002  0.886766634759358     
   31.1400000000000       1.009797830356835E-002  0.886692685013341     
   31.1700000000000       1.009648458101154E-002  0.886618737011124     
   31.2000000000000       1.009499694442555E-002  0.886544790674951     
   31.2300000000000       1.009351574032762E-002  0.886470845446000     
   31.2600000000000       1.009204124365930E-002  0.886396900794643     
   31.2900000000000       1.009057345497158E-002  0.886322956586563     
   31.3200000000000       1.008911206435683E-002  0.886249013188373     
   31.3500000000000       1.008765664689607E-002  0.886175071227999     
   31.3800000000000       1.008620703929572E-002  0.886101131018989     
   31.4100000000000       1.008476347120116E-002  0.886027192243637     
   31.4400000000000       1.008332629654469E-002  0.885953254294966     
   31.4700000000000       1.008189569793946E-002  0.885879316770139     
   31.5000000000000       1.008047154811412E-002  0.885805379735350     
   31.5300000000000       1.007905345384421E-002  0.885731443712884     
   31.5600000000000       1.007764105088750E-002  0.885657509280297     
   31.5900000000000       1.007623434293591E-002  0.885583576501242     
   31.6200000000000       1.007483365147569E-002  0.885509644879857     
   31.6500000000000       1.007343929051080E-002  0.885435713841505     
   31.6800000000000       1.007205132917318E-002  0.885361783150539     
   31.7100000000000       1.007066951796311E-002  0.885287853073291     
   31.7400000000000       1.006929342804790E-002  0.885213924223918     
   31.7700000000000       1.006792281489854E-002  0.885139997031295     
   31.8000000000000       1.006655783897770E-002  0.885066071302869     
   31.8300000000000       1.006519885816262E-002  0.884992146447894     
   31.8600000000000       1.006384610989221E-002  0.884918221989547     
   31.8900000000000       1.006249953805810E-002  0.884844297884645     
   31.9200000000000       1.006115879161153E-002  0.884770374577463     
   31.9500000000000       1.005982346701535E-002  0.884696452685970     
   31.9800000000000       1.005849347786144E-002  0.884622532414428     
   32.0100000000000       1.005716910377964E-002  0.884548613355313     
   32.0400000000000       1.005585068723763E-002  0.884474694907992     
   32.0700000000000       1.005453836289238E-002  0.884400776742202     
   32.1000000000000       1.005323194813002E-002  0.884326859016720     
   32.1300000000000       1.005193102842342E-002  0.884252942305386     
   32.1600000000000       1.005063528899718E-002  0.884179027130214     
   32.1900000000000       1.004934480912339E-002  0.884105113437254     
   32.2200000000000       1.004805993500531E-002  0.884031200677709     
   32.2500000000000       1.004678095141016E-002  0.883957288314774     
   32.2800000000000       1.004550787340152E-002  0.883883376197991     
   32.3100000000000       1.004424040380478E-002  0.883809464678533     
   32.3400000000000       1.004297811883653E-002  0.883735554384621     
   32.3700000000000       1.004172084359800E-002  0.883661645651792     
   32.4000000000000       1.004046879939375E-002  0.883587738184065     
   32.4300000000000       1.003922234448613E-002  0.883513831376976     
   32.4600000000000       1.003798167434671E-002  0.883439924815030     
   32.4900000000000       1.003674667720531E-002  0.883366018545880     
   32.5200000000000       1.003551696948759E-002  0.883292113079777     
   32.5500000000000       1.003429218147276E-002  0.883218209004474     
   32.5800000000000       1.003307230326923E-002  0.883144306410592     
   32.6100000000000       1.003185765246728E-002  0.883070404817973     
   32.6400000000000       1.003064855176832E-002  0.882996503646982     
   32.6700000000000       1.002944508556127E-002  0.882922602644802     
   32.7000000000000       1.002824701944576E-002  0.882848702058721     
   32.7300000000000       1.002705392891196E-002  0.882774802497798     
   32.7600000000000       1.002586555780890E-002  0.882700904411372     
   32.7900000000000       1.002468205434518E-002  0.882627007633857     
   32.8200000000000       1.002350377786045E-002  0.882553111581908     
   32.8500000000000       1.002233097824061E-002  0.882479215767000     
   32.8800000000000       1.002116361618296E-002  0.882405320125499     
   32.9100000000000       1.002000135336013E-002  0.882331425084931     
   32.9400000000000       1.001884378348911E-002  0.882257531268313     
   32.9700000000000       1.001769080469778E-002  0.882183638908160     
   33.0000000000000       1.001654268854074E-002  0.882109747618924     
   33.0300000000000       1.001539978421101E-002  0.882035856798556     
   33.0600000000000       1.001426224182161E-002  0.881961966099532     
   33.0900000000000       1.001312989586426E-002  0.881888075658639     
   33.1200000000000       1.001200233975725E-002  0.881814186038858     
   33.1500000000000       1.001087924855965E-002  0.881740297778973     
   33.1800000000000       1.000976068577063E-002  0.881666410856159     
   33.2100000000000       1.000864699532598E-002  0.881592524735100     
   33.2400000000000       1.000753847331004E-002  0.881518638869486     
   33.2700000000000       1.000643515240303E-002  0.881444753087347     
   33.3000000000000       1.000533675099976E-002  0.881370867718880     
   33.3300000000000       1.000424284623687E-002  0.881296983391110     
   33.3600000000000       1.000315324725186E-002  0.881223100466830     
   33.3900000000000       1.000206816285051E-002  0.881149218678231     
   33.4200000000000       1.000098795514524E-002  0.881075337424434     
   33.4500000000000       9.999912834662122E-003  0.881001456273641     
   33.4800000000000       9.998842708262443E-003  0.880927575249375     
   33.5100000000000       9.997777204020076E-003  0.880853694845401     
   33.5400000000000       9.996715944895311E-003  0.880779815660672     
   33.5700000000000       9.995658902616097E-003  0.880705937819279     
   33.6000000000000       9.994606388064035E-003  0.880632060861432     
   33.6300000000000       9.993558733331751E-003  0.880558184201540     
   33.6600000000000       9.992516040680358E-003  0.880484307565139     
   33.6900000000000       9.991478093717405E-003  0.880410431175060     
   33.7200000000000       9.990444473073946E-003  0.880336555632425     
   33.7500000000000       9.989414907722725E-003  0.880262681410424     
   33.7800000000000       9.988389529168841E-003  0.880188808376978     
   33.8100000000000       9.987368696830149E-003  0.880114935958640     
   33.8400000000000       9.986352674570601E-003  0.880041063652707     
   33.8700000000000       9.985341442701683E-003  0.879967191370170     
   33.9000000000000       9.984334678017605E-003  0.879893319516984     
   33.9300000000000       9.983331970892519E-003  0.879819448720434     
   33.9600000000000       9.982333199826360E-003  0.879745579246488     
   33.9900000000000       9.981338624808669E-003  0.879671710737063     
   34.0200000000000       9.980348601625956E-003  0.879597842589126     
   34.0500000000000       9.979363297927431E-003  0.879523974434377     
   34.0800000000000       9.978382568101584E-003  0.879450106382568     
   34.1100000000000       9.977406015091927E-003  0.879376238982068     
   34.1400000000000       9.976433301750801E-003  0.879302372789907     
   34.1700000000000       9.975464471425659E-003  0.879228507820446     
   34.2000000000000       9.974499863552472E-003  0.879154643555597     
   34.2300000000000       9.973539786368042E-003  0.879080779438288     
   34.2600000000000       9.972584292566269E-003  0.879006915270869     
   34.2900000000000       9.971633118670140E-003  0.878933051357731     
   34.3200000000000       9.970685843203002E-003  0.878859188322493     
   34.3500000000000       9.969742256088598E-003  0.878785326558765     
   34.3800000000000       9.968802549724402E-003  0.878711465832748     
   34.4100000000000       9.967867089105886E-003  0.878637605548938     
   34.4400000000000       9.966936101317450E-003  0.878563745256737     
   34.4700000000000       9.966009514394355E-003  0.878489884951033     
   34.5000000000000       9.965086970118983E-003  0.878416025104861     
   34.5300000000000       9.964168083291237E-003  0.878342166328085     
   34.5600000000000       9.963252803304814E-003  0.878268308783324     
   34.5900000000000       9.962341431386624E-003  0.878194452035858     
   34.6200000000000       9.961434309118675E-003  0.878120595494143     
   34.6500000000000       9.960531558573767E-003  0.878046738858730     
   34.6800000000000       9.959632983878754E-003  0.877972882323420     
   34.7100000000000       9.958738172087332E-003  0.877899026478169     
   34.7400000000000       9.957846835139540E-003  0.877825171821803     
   34.7700000000000       9.956959083827826E-003  0.877751318261402     
   34.8000000000000       9.956075275872771E-003  0.877677465236445     
   34.8300000000000       9.955195690007442E-003  0.877603612228633     
   34.8600000000000       9.954320328357908E-003  0.877529759119726     
   34.8900000000000       9.953448885124724E-003  0.877455906289744     
   34.9200000000000       9.952580947568162E-003  0.877382054368469     
   34.9500000000000       9.951716371349633E-003  0.877308203658984     
   34.9800000000000       9.950855401438703E-003  0.877234353835914     
   35.0100000000000       9.949998399546739E-003  0.877160504296505     
   35.0400000000000       9.949145552300850E-003  0.877086654649242     
   35.0700000000000       9.948296736308419E-003  0.877012804972707     
   35.1000000000000       9.947451565861623E-003  0.876938955796836     
   35.1300000000000       9.946609690592183E-003  0.876865107696965     
   35.1600000000000       9.945771129935551E-003  0.876791260729566     
   35.1900000000000       9.944936216326507E-003  0.876717414397829     
   35.2200000000000       9.944105270389041E-003  0.876643568133635     
   35.2500000000000       9.943278366635255E-003  0.876569721710532     
   35.2800000000000       9.942455262019860E-003  0.876495875402893     
   35.3100000000000       9.941635537528117E-003  0.876422029828071     
   35.3400000000000       9.940818961633862E-003  0.876348185412521     
   35.3700000000000       9.940005706638656E-003  0.876274341961743     
   35.4000000000000       9.939196138992128E-003  0.876200498888074     
   35.4300000000000       9.938390503236836E-003  0.876126655720636     
   35.4600000000000       9.937588750617333E-003  0.876052812422107     
   35.4900000000000       9.936790538732757E-003  0.875978969440757     
   35.5200000000000       9.935995474269120E-003  0.875905127395916     
   35.5500000000000       9.935203481113463E-003  0.875831286492480     
   35.5800000000000       9.934414847764144E-003  0.875757446325531     
   35.6100000000000       9.933629924840010E-003  0.875683606298450     
   35.6400000000000       9.932848855587770E-003  0.875609766084474     
   35.6700000000000       9.932071466814789E-003  0.875535925844523     
   35.7000000000000       9.931297353668463E-003  0.875462086153850     
   35.7300000000000       9.930526209897331E-003  0.875388247537272     
   35.7600000000000       9.929758121992467E-003  0.875314409945831     
   35.7900000000000       9.928993443827290E-003  0.875240572835457     
   35.8200000000000       9.928232469327173E-003  0.875166735671789     
   35.8500000000000       9.927475224116687E-003  0.875092898304428     
   35.8800000000000       9.926721421975012E-003  0.875019061083506     
   35.9100000000000       9.925970647978750E-003  0.874945224638703     
   35.9400000000000       9.925222732628740E-003  0.874871389312464     
   35.9700000000000       9.924477902464052E-003  0.874797554817109     
   36.0000000000000       9.923736523965021E-003  0.874723720552188     
   36.0300000000000       9.922998803617694E-003  0.874649886101487     
   36.0600000000000       9.922264642160793E-003  0.874576051509067     
   36.0900000000000       9.921533667241616E-003  0.874502217282602     
   36.1200000000000       9.920805515168331E-003  0.874428384014559     
   36.1500000000000       9.920080178306829E-003  0.874354551807361     
   36.1800000000000       9.919357979339072E-003  0.874280720189789     
   36.2100000000000       9.918639250981050E-003  0.874206888583272     
   36.2400000000000       9.917924090851562E-003  0.874133056730335     
   36.2700000000000       9.917212278398575E-003  0.874059224871686     
   36.3000000000000       9.916503398649844E-003  0.873985393615056     
   36.3300000000000       9.915797197319796E-003  0.873911563420368     
   36.3600000000000       9.915093823162449E-003  0.873837734137154     
   36.3900000000000       9.914393642232934E-003  0.873763905188676     
   36.4200000000000       9.913696916902883E-003  0.873690076083193     
   36.4500000000000       9.913003623217349E-003  0.873616246748416     
   36.4800000000000       9.912313436701648E-003  0.873542417604039     
   36.5100000000000       9.911625956746288E-003  0.873468589276457     
   36.5400000000000       9.910941079301495E-003  0.873394762015331     
   36.5700000000000       9.910259076968079E-003  0.873320935450283     
   36.6000000000000       9.909580308459469E-003  0.873247108981284     
   36.6300000000000       9.908904939054984E-003  0.873173282252799     
   36.6600000000000       9.908232820081388E-003  0.873099455389674     
   36.6900000000000       9.907563556746157E-003  0.873025628948731     
   36.7200000000000       9.906896824343189E-003  0.872951803479852     
   36.7500000000000       9.906232681897975E-003  0.872877978982022     
   36.7800000000000       9.905571476970772E-003  0.872804154931562     
   36.8100000000000       9.904913518496195E-003  0.872730330778431     
   36.8400000000000       9.904258856824695E-003  0.872656506337955     
   36.8700000000000       9.903607227344983E-003  0.872582681926835     
   36.9000000000000       9.902958214470103E-003  0.872508858171396     
   36.9300000000000       9.902311622055994E-003  0.872435035454379     
   36.9600000000000       9.901667654875152E-003  0.872361213530486     
   36.9900000000000       9.901026682582239E-003  0.872287391804276     
   37.0200000000000       9.900388931922223E-003  0.872213569834184     
   37.0500000000000       9.899754329302686E-003  0.872139747627110     
   37.0800000000000       9.899122517838151E-003  0.872065925664699     
   37.1100000000000       9.898493121206872E-003  0.871992104554324     
   37.1400000000000       9.897866102147615E-003  0.871918284447142     
   37.1700000000000       9.897241770637827E-003  0.871844464902031     
   37.2000000000000       9.896620470718437E-003  0.871770645331342     
   37.2300000000000       9.896002323946555E-003  0.871696825445151     
   37.2600000000000       9.895387134090388E-003  0.871623005447387     
   37.2900000000000       9.894774492183213E-003  0.871549185932446     
   37.3200000000000       9.894164120727886E-003  0.871475367393092     
   37.3500000000000       9.893556141745655E-003  0.871401549727029     
   37.3800000000000       9.892950918682154E-003  0.871327732372047     
   37.4100000000000       9.892348731644065E-003  0.871253914815765     
   37.4400000000000       9.891749582669652E-003  0.871180096948885     
   37.4700000000000       9.891153167272038E-003  0.871106279158989     
   37.5000000000000       9.890559079005195E-003  0.871032462076358     
   37.5300000000000       9.889967184185330E-003  0.870958645996727     
   37.5600000000000       9.889377736296272E-003  0.870884830588901     
   37.5900000000000       9.888791100765819E-003  0.870811015251816     
   37.6200000000000       9.888207465323059E-003  0.870737199600469     
   37.6500000000000       9.887626707348971E-003  0.870663383721047     
   37.6800000000000       9.887048444270477E-003  0.870589568148131     
   37.7100000000000       9.886472333467742E-003  0.870515753454651     
   37.7400000000000       9.885898403787509E-003  0.870441939690654     
   37.7700000000000       9.885326993738161E-003  0.870368126357132     
   37.8000000000000       9.884758426634969E-003  0.870294312889495     
   37.8300000000000       9.884192778380345E-003  0.870220499067396     
   37.8600000000000       9.883629807840641E-003  0.870146685170980     
   37.8900000000000       9.883069100743345E-003  0.870072871819475     
   37.9200000000000       9.882510433600682E-003  0.869999059435659     
   37.9500000000000       9.881953986222859E-003  0.869925247820921     
   37.9800000000000       9.881400129449628E-003  0.869851436388120     
   38.0100000000000       9.880849110257934E-003  0.869777624670435     
   38.0400000000000       9.880300881920840E-003  0.869703812635597     
   38.0700000000000       9.879755105164208E-003  0.869630000735605     
   38.1000000000000       9.879211392410527E-003  0.869556189589645     
   38.1300000000000       9.878669674819620E-003  0.869482379399358     
   38.1600000000000       9.878130246573177E-003  0.869408569758307     
   38.1900000000000       9.877593461844483E-003  0.869334760071842     
   38.2200000000000       9.877059466565937E-003  0.869260950016864     
   38.2500000000000       9.876528090404830E-003  0.869187139757921     
   38.2800000000000       9.875998932640606E-003  0.869113329872153     
   38.3100000000000       9.875471692886540E-003  0.869039520883429     
   38.3400000000000       9.874946463567333E-003  0.868965712741108     
   38.3700000000000       9.874423602986397E-003  0.868891904901551     
   38.4000000000000       9.873903408474669E-003  0.868818096832665     
   38.4300000000000       9.873385908901699E-003  0.868744288386747     
   38.4600000000000       9.872870821734289E-003  0.868670479916047     
   38.4900000000000       9.872357736668246E-003  0.868596672050953     
   38.5200000000000       9.871846489391409E-003  0.868522865133468     
   38.5500000000000       9.871337311073343E-003  0.868449058876039     
   38.5800000000000       9.870830572084823E-003  0.868375252679555     
   38.6100000000000       9.870326482633448E-003  0.868301446129535     
   38.6400000000000       9.869824947393134E-003  0.868227639271478     
   38.6700000000000       9.869325598280914E-003  0.868153832613946     
   38.7000000000000       9.868828075991537E-003  0.868080026749979     
   38.7300000000000       9.868332376975941E-003  0.868006221782924     
   38.7600000000000       9.867838827734964E-003  0.867932417242949     
   38.7900000000000       9.867347764940632E-003  0.867858612552724     
   38.8200000000000       9.866859290511490E-003  0.867784807455466     
   38.8500000000000       9.866373188467765E-003  0.867711002192063     
   38.8800000000000       9.865889048172795E-003  0.867637197370589     
   38.9100000000000       9.865406618837487E-003  0.867563393452503     
   38.9400000000000       9.864926052304147E-003  0.867489590289727     
   38.9700000000000       9.864447718275363E-003  0.867415787307207     
   39.0000000000000       9.863971883548116E-003  0.867341984013619     
   39.0300000000000       9.863498529144534E-003  0.867268180336097     
   39.0600000000000       9.863027335509776E-003  0.867194376693595     
   39.0900000000000       9.862557905746163E-003  0.867120573713338     
   39.1200000000000       9.862090138103397E-003  0.867046771648182     
   39.1500000000000       9.861624307798293E-003  0.866972970130945     
   39.1800000000000       9.861160777562036E-003  0.866899168562671     
   39.2100000000000       9.860699717789989E-003  0.866825366586984     
   39.2400000000000       9.860240985377154E-003  0.866751564326932     
   39.2700000000000       9.859784190257754E-003  0.866677762338414     
   39.3000000000000       9.859329010175623E-003  0.866603961173712     
   39.3300000000000       9.858875505467735E-003  0.866530160836600     
   39.3600000000000       9.858424026502036E-003  0.866456360806385     
   39.3900000000000       9.857974886951301E-003  0.866382560532831     
   39.4200000000000       9.857528143032743E-003  0.866308759829006     
   39.4500000000000       9.857083535990243E-003  0.866234959008957     
   39.4800000000000       9.856640654039135E-003  0.866161158698991     
   39.5100000000000       9.856199301933433E-003  0.866087359286515     
   39.5400000000000       9.855759685414708E-003  0.866013560531786     
   39.5700000000000       9.855322177680594E-003  0.865939761841171     
   39.6000000000000       9.854887011098800E-003  0.865865962771307     
   39.6300000000000       9.854454118598246E-003  0.865792163325495     
   39.6600000000000       9.854023148870239E-003  0.865718363982633     
   39.6900000000000       9.853593727753540E-003  0.865644565352177     
   39.7200000000000       9.853165817603274E-003  0.865570767592116     
   39.7500000000000       9.852739729812602E-003  0.865496970266412     
   39.7800000000000       9.852315813019976E-003  0.865423172787410     
   39.8100000000000       9.851894195309322E-003  0.865349374861692     
   39.8400000000000       9.851474687322568E-003  0.865275576688616     
   39.8700000000000       9.851056884606210E-003  0.865201778860885     
   39.9000000000000       9.850640509796756E-003  0.865127981876310     
   39.9300000000000       9.850225684023443E-003  0.865054185640626     
   39.9600000000000       9.849812773238126E-003  0.864980389595067     
   39.9900000000000       9.849402063309460E-003  0.864906593225153     
