  0.100000000000000       0.000000000000000E+000  0.100000000000000     
  0.000000000000000E+000
  0.100000000000000       0.000000000000000E+000  0.100000000000000     
  0.000000000000000E+000
  0.200000000000000       0.000000000000000E+000  0.107782944382101     
  2.020386986510407E-002
  0.200000000000000       0.000000000000000E+000  0.107782944382101     
  2.020386986510407E-002
  0.300000000000000       0.000000000000000E+000  0.116150480185978     
  2.380516388939755E-002
  0.300000000000000       0.000000000000000E+000  0.116150480185978     
  2.380516388939755E-002
  0.400000000000000       0.000000000000000E+000  0.125142382085952     
  2.612464139656961E-002
  0.400000000000000       0.000000000000000E+000  0.125142382085952     
  2.612464139656961E-002
  0.500000000000000       0.000000000000000E+000  0.134800237860310     
  2.783373008606482E-002
  0.500000000000000       0.000000000000000E+000  0.134800237860310     
  2.783373008606482E-002
  0.600000000000000       0.000000000000000E+000  0.145167301259151     
  2.917658548495392E-002
  0.600000000000000       0.000000000000000E+000  0.145167301259151     
  2.917658548495392E-002
  0.700000000000000       0.000000000000000E+000  0.156288263235766     
  3.027528535677226E-002
  0.700000000000000       0.000000000000000E+000  0.156288263235766     
  3.027528535677226E-002
  0.800000000000000       0.000000000000000E+000  0.168208915872287     
  3.119086858328755E-002
  0.800000000000000       0.000000000000000E+000  0.168208915872287     
  3.119086858328755E-002
  0.900000000000000       0.000000000000000E+000  0.180975675153924     
  3.198437404626747E-002
  0.900000000000000       0.000000000000000E+000  0.180975675153924     
  3.198437404626747E-002
   1.00000000000000       0.000000000000000E+000  0.194634917676426     
  3.265580174571202E-002
   1.00000000000000       0.000000000000000E+000  0.194634917676426     
  3.265580174571202E-002
   1.10000000000000       0.000000000000000E+000  0.209232071064554     
  3.320515168162119E-002
   1.10000000000000       0.000000000000000E+000  0.209232071064554     
  3.320515168162119E-002
   1.20000000000000       0.000000000000000E+000  0.224810376537158     
  3.375450161753037E-002
   1.20000000000000       0.000000000000000E+000  0.224810376537158     
  3.375450161753037E-002
   1.30000000000000       0.000000000000000E+000  0.241409211529799     
  3.424281267167185E-002
   1.30000000000000       0.000000000000000E+000  0.241409211529799     
  3.424281267167185E-002
   1.40000000000000       0.000000000000000E+000  0.259061815637201     
  3.467008484404566E-002
   1.40000000000000       0.000000000000000E+000  0.259061815637201     
  3.467008484404566E-002
   1.50000000000000       0.000000000000000E+000  0.277792195649830     
  3.503631813465177E-002
   1.50000000000000       0.000000000000000E+000  0.277792195649830     
  3.503631813465177E-002
   1.60000000000000       0.000000000000000E+000  0.297610879327953     
  3.534151254349020E-002
   1.60000000000000       0.000000000000000E+000  0.297610879327953     
  3.534151254349020E-002
   1.70000000000000       0.000000000000000E+000  0.318509013006236     
  3.564670695232863E-002
   1.70000000000000       0.000000000000000E+000  0.318509013006236     
  3.564670695232863E-002
   1.80000000000000       0.000000000000000E+000  0.340449999248139     
  3.595190136116706E-002
   1.80000000000000       0.000000000000000E+000  0.340449999248139     
  3.595190136116706E-002
   1.90000000000000       0.000000000000000E+000  0.363357350119304     
  3.619605688823781E-002
   1.90000000000000       0.000000000000000E+000  0.363357350119304     
  3.619605688823781E-002
   2.00000000000000       0.000000000000000E+000  0.387096569698322     
  3.644021241530855E-002
   2.00000000000000       0.000000000000000E+000  0.387096569698322     
  3.644021241530855E-002
   2.10000000000000       0.000000000000000E+000  0.411447746811716     
  3.662332906061161E-002
   2.10000000000000       0.000000000000000E+000  0.411447746811716     
  3.662332906061161E-002
   2.20000000000000       0.000000000000000E+000  0.436065221467490     
  3.680644570591467E-002
   2.20000000000000       0.000000000000000E+000  0.436065221467490     
  3.680644570591467E-002
   2.30000000000000       0.000000000000000E+000  0.460424872231257     
  3.698956235121773E-002
   2.30000000000000       0.000000000000000E+000  0.460424872231257     
  3.698956235121773E-002
   2.40000000000000       0.000000000000000E+000  0.483774146423015     
  3.717267899652078E-002
   2.40000000000000       0.000000000000000E+000  0.483774146423015     
  3.717267899652078E-002
   2.50000000000000       0.000000000000000E+000  0.505123709354540     
  3.729475676005616E-002
   2.50000000000000       0.000000000000000E+000  0.505123709354540     
  3.729475676005616E-002
   2.60000000000000       0.000000000000000E+000  0.523330853476479     
  3.741683452359153E-002
   2.60000000000000       0.000000000000000E+000  0.523330853476479     
  3.741683452359153E-002
   2.70000000000000       0.000000000000000E+000  0.537298040751443     
  3.753891228712690E-002
   2.70000000000000       0.000000000000000E+000  0.537298040751443     
  3.753891228712690E-002
   2.80000000000000       0.000000000000000E+000  0.546258432476126     
  3.766099005066227E-002
   2.80000000000000       0.000000000000000E+000  0.546258432476126     
  3.766099005066227E-002
   2.90000000000000       0.000000000000000E+000  0.550065607194449     
  3.778306781419764E-002
   2.90000000000000       0.000000000000000E+000  0.550065607194449     
  3.778306781419764E-002
   3.00000000000000       0.000000000000000E+000  0.549324764450988     
  3.790514557773302E-002
   3.00000000000000       0.000000000000000E+000  0.549324764450988     
  3.790514557773302E-002
   3.10000000000000       0.000000000000000E+000  0.545192505636946     
  3.796618445950070E-002
   3.10000000000000       0.000000000000000E+000  0.545192505636946     
  3.796618445950070E-002
   3.20000000000000       0.000000000000000E+000  0.538927495896348     
  3.802722334126839E-002
   3.20000000000000       0.000000000000000E+000  0.538927495896348     
  3.802722334126839E-002
   3.30000000000000       0.000000000000000E+000  0.531528881763518     
  3.814930110480376E-002
   3.30000000000000       0.000000000000000E+000  0.531528881763518     
  3.814930110480376E-002
   3.40000000000000       0.000000000000000E+000  0.523640801802303     
  3.821033998657145E-002
   3.40000000000000       0.000000000000000E+000  0.523640801802303     
  3.821033998657145E-002
   3.50000000000000       3.228956845510590E-002  0.517579854257626     
  3.833241775010682E-002
   3.50000000000000       3.228956845510590E-002  0.517579854257626     
  3.833241775010682E-002
   3.60000000000000       3.485320148934871E-002  0.519984652970995     
  3.845449551364219E-002
   3.60000000000000       3.485320148934871E-002  0.519984652970995     
  3.845449551364219E-002
   3.70000000000000       3.607397912470243E-002  0.522079826647358     
  3.851553439540988E-002
   3.70000000000000       3.607397912470243E-002  0.522079826647358     
  3.851553439540988E-002
   3.80000000000000       3.680644570591467E-002  0.522480315038604     
  3.863761215894525E-002
   3.80000000000000       3.680644570591467E-002  0.522480315038604     
  3.863761215894525E-002
   3.90000000000000       3.729475676005616E-002  0.520902988355527     
  3.869865104071293E-002
   3.90000000000000       3.729475676005616E-002  0.520902988355527     
  3.869865104071293E-002
   4.00000000000000       3.778306781419764E-002  0.518912027182150     
  3.882072880424831E-002
   4.00000000000000       3.778306781419764E-002  0.518912027182150     
  3.882072880424831E-002
   4.10000000000000       3.784410669596533E-002  0.514104555515707     
  3.888176768601599E-002
   4.10000000000000       3.784410669596533E-002  0.514104555515707     
  3.888176768601599E-002
   4.20000000000000       3.784410669596533E-002  0.507491020551093     
  3.894280656778368E-002
   4.20000000000000       3.784410669596533E-002  0.507491020551093     
  3.894280656778368E-002
   4.30000000000000       3.821033998657145E-002  0.502652659239615     
  3.900384544955136E-002
   4.30000000000000       3.821033998657145E-002  0.502652659239615     
  3.900384544955136E-002
   4.40000000000000       3.827137886833913E-002  0.496430276712554     
  3.906488433131905E-002
   4.40000000000000       3.827137886833913E-002  0.496430276712554     
  3.906488433131905E-002
   4.50000000000000       3.833241775010682E-002  0.489638777522845     
  3.912592321308674E-002
   4.50000000000000       3.833241775010682E-002  0.489638777522845     
  3.912592321308674E-002
   4.60000000000000       3.839345663187450E-002  0.482549841405047     
  3.918696209485442E-002
   4.60000000000000       3.839345663187450E-002  0.482549841405047     
  3.918696209485442E-002
   4.70000000000000       3.845449551364219E-002  0.475320198457746     
  3.924800097662211E-002
   4.70000000000000       3.845449551364219E-002  0.475320198457746     
  3.924800097662211E-002
   4.80000000000000       3.851553439540988E-002  0.468056949402785     
  3.930903985838979E-002
   4.80000000000000       3.851553439540988E-002  0.468056949402785     
  3.930903985838979E-002
   4.90000000000000       3.857657327717756E-002  0.460838185285430     
  3.937007874015748E-002
   4.90000000000000       3.857657327717756E-002  0.460838185285430     
  3.937007874015748E-002
   5.00000000000000       3.869865104071293E-002  0.453722792960996     
  3.943111762192517E-002
   5.00000000000000       3.869865104071293E-002  0.453722792960996     
  3.943111762192517E-002
   5.10000000000000       3.875968992248062E-002  0.446755154403172     
  3.949215650369285E-002
   5.10000000000000       3.875968992248062E-002  0.446755154403172     
  3.949215650369285E-002
   5.20000000000000       3.882072880424831E-002  0.439968183539418     
  3.955319538546054E-002
   5.20000000000000       3.882072880424831E-002  0.439968183539418     
  3.955319538546054E-002
   5.30000000000000       3.888176768601599E-002  0.433385902061973     
  3.961423426722822E-002
   5.30000000000000       3.888176768601599E-002  0.433385902061973     
  3.961423426722822E-002
   5.40000000000000       3.894280656778368E-002  0.427025388921807     
  3.967527314899591E-002
   5.40000000000000       3.894280656778368E-002  0.427025388921807     
  3.967527314899591E-002
   5.50000000000000       3.900384544955136E-002  0.420898040144081     
  3.973631203076360E-002
   5.50000000000000       3.900384544955136E-002  0.420898040144081     
  3.973631203076360E-002
   5.60000000000000       3.906488433131905E-002  0.415009586989495     
  3.979735091253128E-002
   5.60000000000000       3.906488433131905E-002  0.415009586989495     
  3.979735091253128E-002
   5.70000000000000       3.912592321308674E-002  0.409361288027019     
  3.985838979429897E-002
   5.70000000000000       3.912592321308674E-002  0.409361288027019     
  3.985838979429897E-002
   5.80000000000000       3.918696209485442E-002  0.403951539276852     
  3.991942867606665E-002
   5.80000000000000       3.918696209485442E-002  0.403951539276852     
  3.991942867606665E-002
   5.90000000000000       3.924800097662211E-002  0.398776410256633     
  3.998046755783434E-002
   5.90000000000000       3.924800097662211E-002  0.398776410256633     
  3.998046755783434E-002
   6.00000000000000       3.930903985838979E-002  0.393830297653528     
  4.004150643960203E-002
   6.00000000000000       3.930903985838979E-002  0.393830297653528     
  4.004150643960203E-002
   6.10000000000000       3.930903985838979E-002  0.389107120227897     
  4.010254532136971E-002
   6.10000000000000       3.930903985838979E-002  0.389107120227897     
  4.010254532136971E-002
   6.20000000000000       3.937007874015748E-002  0.384598143714343     
  4.016358420313740E-002
   6.20000000000000       3.937007874015748E-002  0.384598143714343     
  4.016358420313740E-002
   6.30000000000000       3.943111762192517E-002  0.380293482773555     
  4.022462308490508E-002
   6.30000000000000       3.943111762192517E-002  0.380293482773555     
  4.022462308490508E-002
   6.40000000000000       3.949215650369285E-002  0.376183228704853     
  4.028566196667277E-002
   6.40000000000000       3.949215650369285E-002  0.376183228704853     
  4.028566196667277E-002
   6.50000000000000       3.955319538546054E-002  0.372257829814932     
  4.034670084844046E-002
   6.50000000000000       3.955319538546054E-002  0.372257829814932     
  4.034670084844046E-002
   6.60000000000000       3.961423426722822E-002  0.368508652502926     
  4.040773973020814E-002
   6.60000000000000       3.961423426722822E-002  0.368508652502926     
  4.040773973020814E-002
   6.70000000000000       3.967527314899591E-002  0.364928177078408     
  4.046877861197583E-002
   6.70000000000000       3.967527314899591E-002  0.364928177078408     
  4.046877861197583E-002
   6.80000000000000       3.973631203076360E-002  0.361509898043154     
  4.052981749374351E-002
   6.80000000000000       3.973631203076360E-002  0.361509898043154     
  4.052981749374351E-002
   6.90000000000000       3.979735091253128E-002  0.358248091160119     
  4.059085637551120E-002
   6.90000000000000       3.979735091253128E-002  0.358248091160119     
  4.059085637551120E-002
   7.00000000000000       3.985838979429897E-002  0.355137569858662     
  4.065189525727889E-002
   7.00000000000000       3.985838979429897E-002  0.355137569858662     
  4.065189525727889E-002
   7.10000000000000       3.991942867606665E-002  0.352173493444440     
  4.071293413904657E-002
   7.10000000000000       3.991942867606665E-002  0.352173493444440     
  4.071293413904657E-002
   7.20000000000000       3.998046755783434E-002  0.349351234494509     
  4.077397302081426E-002
   7.20000000000000       3.998046755783434E-002  0.349351234494509     
  4.077397302081426E-002
   7.30000000000000       4.004150643960203E-002  0.346666295479828     
  4.083501190258194E-002
   7.30000000000000       4.004150643960203E-002  0.346666295479828     
  4.083501190258194E-002
   7.40000000000000       4.010254532136971E-002  0.344114259974761     
  4.089605078434963E-002
   7.40000000000000       4.010254532136971E-002  0.344114259974761     
  4.089605078434963E-002
   7.50000000000000       4.016358420313740E-002  0.341690766271907     
  4.095708966611732E-002
   7.50000000000000       4.016358420313740E-002  0.341690766271907     
  4.095708966611732E-002
   7.60000000000000       4.022462308490508E-002  0.339391494774640     
  4.101812854788500E-002
   7.60000000000000       4.022462308490508E-002  0.339391494774640     
  4.101812854788500E-002
   7.70000000000000       4.028566196667277E-002  0.337212163581177     
  4.107916742965269E-002
   7.70000000000000       4.028566196667277E-002  0.337212163581177     
  4.107916742965269E-002
   7.80000000000000       4.034670084844046E-002  0.335148528809400     
  4.114020631142037E-002
   7.80000000000000       4.034670084844046E-002  0.335148528809400     
  4.114020631142037E-002
   7.90000000000000       4.040773973020814E-002  0.333196387551618     
  4.120124519318806E-002
   7.90000000000000       4.040773973020814E-002  0.333196387551618     
  4.120124519318806E-002
   8.00000000000000       4.046877861197583E-002  0.331351582207813     
  4.126228407495575E-002
   8.00000000000000       4.046877861197583E-002  0.331351582207813     
  4.126228407495575E-002
   8.10000000000000       4.052981749374351E-002  0.329610005419305     
  4.132332295672343E-002
   8.10000000000000       4.052981749374351E-002  0.329610005419305     
  4.132332295672343E-002
   8.20000000000000       4.052981749374351E-002  0.327970301330765     
  4.138436183849112E-002
   8.20000000000000       4.052981749374351E-002  0.327970301330765     
  4.138436183849112E-002
   8.30000000000000       4.059085637551120E-002  0.326427096720730     
  4.144540072025880E-002
   8.30000000000000       4.059085637551120E-002  0.326427096720730     
  4.144540072025880E-002
   8.40000000000000       4.065189525727889E-002  0.324975267719030     
  4.150643960202649E-002
   8.40000000000000       4.065189525727889E-002  0.324975267719030     
  4.150643960202649E-002
   8.50000000000000       4.071293413904657E-002  0.323610934359851     
  4.156747848379418E-002
   8.50000000000000       4.071293413904657E-002  0.323610934359851     
  4.156747848379418E-002
   8.60000000000000       4.077397302081426E-002  0.322330290170840     
  4.162851736556186E-002
   8.60000000000000       4.077397302081426E-002  0.322330290170840     
  4.162851736556186E-002
   8.70000000000000       4.083501190258194E-002  0.321129606041190     
  4.168955624732955E-002
   8.70000000000000       4.083501190258194E-002  0.321129606041190     
  4.168955624732955E-002
   8.80000000000000       4.089605078434963E-002  0.320005233687586     
  4.175059512909723E-002
   8.80000000000000       4.089605078434963E-002  0.320005233687586     
  4.175059512909723E-002
   8.90000000000000       4.095708966611732E-002  0.318953608720061     
  4.181163401086492E-002
   8.90000000000000       4.095708966611732E-002  0.318953608720061     
  4.181163401086492E-002
   9.00000000000000       4.101812854788500E-002  0.317971253348124     
  4.187267289263261E-002
   9.00000000000000       4.101812854788500E-002  0.317971253348124     
  4.187267289263261E-002
   9.10000000000000       4.107916742965269E-002  0.317054778743181     
  4.193371177440029E-002
   9.10000000000000       4.107916742965269E-002  0.317054778743181     
  4.193371177440029E-002
   9.20000000000000       4.114020631142037E-002  0.316200887079627     
  4.199475065616798E-002
   9.20000000000000       4.114020631142037E-002  0.316200887079627     
  4.199475065616798E-002
   9.30000000000000       4.120124519318806E-002  0.315406373282202     
  4.205578953793566E-002
   9.30000000000000       4.120124519318806E-002  0.315406373282202     
  4.205578953793566E-002
   9.40000000000000       4.126228407495575E-002  0.314668126485712     
  4.211682841970335E-002
   9.40000000000000       4.126228407495575E-002  0.314668126485712     
  4.211682841970335E-002
   9.50000000000000       4.132332295672343E-002  0.313983131229495     
  4.217786730147104E-002
   9.50000000000000       4.132332295672343E-002  0.313983131229495     
  4.217786730147104E-002
   9.60000000000000       4.138436183849112E-002  0.313348468387540     
  4.223890618323872E-002
   9.60000000000000       4.138436183849112E-002  0.313348468387540     
  4.223890618323872E-002
   9.70000000000000       4.144540072025880E-002  0.312761315849121     
  4.229994506500641E-002
   9.70000000000000       4.144540072025880E-002  0.312761315849121     
  4.229994506500641E-002
   9.80000000000000       4.150643960202649E-002  0.312218948955597     
  4.236098394677409E-002
   9.80000000000000       4.150643960202649E-002  0.312218948955597     
  4.236098394677409E-002
   9.90000000000000       4.156747848379418E-002  0.311718740700711     
  4.242202282854178E-002
   9.90000000000000       4.156747848379418E-002  0.311718740700711     
  4.242202282854178E-002
   10.0000000000000       4.162851736556186E-002  0.311258161705422     
  4.248306171030947E-002
   10.0000000000000       4.162851736556186E-002  0.311258161705422     
  4.248306171030947E-002
   10.1000000000000       4.168955624732955E-002  0.310834779974261     
  4.254410059207715E-002
   10.1000000000000       4.168955624732955E-002  0.310834779974261     
  4.254410059207715E-002
   10.2000000000000       4.175059512909723E-002  0.310446260441302     
  4.260513947384484E-002
   10.2000000000000       4.175059512909723E-002  0.310446260441302     
  4.260513947384484E-002
   10.3000000000000       4.181163401086492E-002  0.310090364329708     
  4.266617835561252E-002
   10.3000000000000       4.181163401086492E-002  0.310090364329708     
  4.266617835561252E-002
   10.4000000000000       4.187267289263261E-002  0.309764948306117     
  4.272721723738021E-002
   10.4000000000000       4.187267289263261E-002  0.309764948306117     
  4.272721723738021E-002
   10.5000000000000       4.193371177440029E-002  0.309467963477050     
  4.278825611914790E-002
   10.5000000000000       4.193371177440029E-002  0.309467963477050     
  4.278825611914790E-002
   10.6000000000000       4.199475065616798E-002  0.309197454200279     
  4.284929500091558E-002
   10.6000000000000       4.199475065616798E-002  0.309197454200279     
  4.284929500091558E-002
   10.7000000000000       4.205578953793566E-002  0.308951556752447     
  4.291033388268327E-002
   10.7000000000000       4.205578953793566E-002  0.308951556752447     
  4.291033388268327E-002
   10.8000000000000       4.211682841970335E-002  0.308728497828097     
  4.297137276445095E-002
   10.8000000000000       4.211682841970335E-002  0.308728497828097     
  4.297137276445095E-002
   10.9000000000000       4.217786730147104E-002  0.308526592929404     
  4.303241164621864E-002
   10.9000000000000       4.217786730147104E-002  0.308526592929404     
  4.303241164621864E-002
   11.0000000000000       4.223890618323872E-002  0.308344244585151     
  4.309345052798633E-002
   11.0000000000000       4.223890618323872E-002  0.308344244585151     
  4.309345052798633E-002
   11.1000000000000       4.229994506500641E-002  0.308179940469415     
  4.315448940975401E-002
   11.1000000000000       4.229994506500641E-002  0.308179940469415     
  4.315448940975401E-002
   11.2000000000000       4.236098394677409E-002  0.308032251397451     
  4.321552829152170E-002
   11.2000000000000       4.236098394677409E-002  0.308032251397451     
  4.321552829152170E-002
   11.3000000000000       4.236098394677409E-002  0.307900842969886     
  4.327656717328938E-002
   11.3000000000000       4.236098394677409E-002  0.307900842969886     
  4.327656717328938E-002
   11.4000000000000       4.242202282854178E-002  0.307783613946150     
  4.333760605505707E-002
   11.4000000000000       4.242202282854178E-002  0.307783613946150     
  4.333760605505707E-002
   11.5000000000000       4.248306171030947E-002  0.307679096200161     
  4.339864493682476E-002
   11.5000000000000       4.248306171030947E-002  0.307679096200161     
  4.339864493682476E-002
   11.6000000000000       4.254410059207715E-002  0.307586175200811     
  4.345968381859244E-002
   11.6000000000000       4.254410059207715E-002  0.307586175200811     
  4.345968381859244E-002
   11.7000000000000       4.260513947384484E-002  0.307503808229072     
  4.352072270036013E-002
   11.7000000000000       4.260513947384484E-002  0.307503808229072     
  4.352072270036013E-002
   11.8000000000000       4.266617835561252E-002  0.307431021790103     
  4.358176158212781E-002
   11.8000000000000       4.266617835561252E-002  0.307431021790103     
  4.358176158212781E-002
   11.9000000000000       4.272721723738021E-002  0.307366908985416     
  4.364280046389550E-002
   11.9000000000000       4.272721723738021E-002  0.307366908985416     
  4.364280046389550E-002
   12.0000000000000       4.278825611914790E-002  0.307310626838829     
  4.370383934566319E-002
   12.0000000000000       4.278825611914790E-002  0.307310626838829     
  4.370383934566319E-002
   12.1000000000000       4.284929500091558E-002  0.307261393597403     
  4.376487822743087E-002
   12.1000000000000       4.284929500091558E-002  0.307261393597403     
  4.376487822743087E-002
   12.2000000000000       4.291033388268327E-002  0.307218486010605     
  4.382591710919856E-002
   12.2000000000000       4.291033388268327E-002  0.307218486010605     
  4.382591710919856E-002
   12.3000000000000       4.297137276445095E-002  0.307181236599840     
  4.388695599096624E-002
   12.3000000000000       4.297137276445095E-002  0.307181236599840     
  4.388695599096624E-002
   12.4000000000000       4.303241164621864E-002  0.307149030929980     
  4.394799487273393E-002
   12.4000000000000       4.303241164621864E-002  0.307149030929980     
  4.394799487273393E-002
   12.5000000000000       4.309345052798633E-002  0.307121304894452     
  4.400903375450162E-002
   12.5000000000000       4.309345052798633E-002  0.307121304894452     
  4.400903375450162E-002
   12.6000000000000       4.315448940975401E-002  0.307097542019481     
  4.407007263626930E-002
   12.6000000000000       4.315448940975401E-002  0.307097542019481     
  4.407007263626930E-002
   12.7000000000000       4.321552829152170E-002  0.307077270793515     
  4.413111151803699E-002
   12.7000000000000       4.321552829152170E-002  0.307077270793515     
  4.413111151803699E-002
   12.8000000000000       4.327656717328938E-002  0.307060062049399     
  4.419215039980467E-002
   12.8000000000000       4.327656717328938E-002  0.307060062049399     
  4.419215039980467E-002
   12.9000000000000       4.333760605505707E-002  0.307045526381403     
  4.425318928157236E-002
   12.9000000000000       4.333760605505707E-002  0.307045526381403     
  4.425318928157236E-002
   13.0000000000000       4.339864493682476E-002  0.307033311625345     
  4.431422816334005E-002
   13.0000000000000       4.339864493682476E-002  0.307033311625345     
  4.431422816334005E-002
   13.1000000000000       4.345968381859244E-002  0.307023100400177     
  4.437526704510773E-002
   13.1000000000000       4.345968381859244E-002  0.307023100400177     
  4.437526704510773E-002
   13.2000000000000       4.352072270036013E-002  0.307014607722777     
  4.443630592687542E-002
   13.2000000000000       4.352072270036013E-002  0.307014607722777     
  4.443630592687542E-002
   13.3000000000000       4.358176158212781E-002  0.307007578692505     
  4.449734480864311E-002
   13.3000000000000       4.358176158212781E-002  0.307007578692505     
  4.449734480864311E-002
   13.4000000000000       4.364280046389550E-002  0.307001786266598     
  4.455838369041079E-002
   13.4000000000000       4.364280046389550E-002  0.307001786266598     
  4.455838369041079E-002
   13.5000000000000       4.370383934566319E-002  0.306997029113361     
  4.461942257217848E-002
   13.5000000000000       4.370383934566319E-002  0.306997029113361     
  4.461942257217848E-002
   13.6000000000000       4.376487822743087E-002  0.306993129558557     
  4.468046145394616E-002
   13.6000000000000       4.376487822743087E-002  0.306993129558557     
  4.468046145394616E-002
   13.7000000000000       4.382591710919856E-002  0.306989931623566     
  4.474150033571385E-002
   13.7000000000000       4.382591710919856E-002  0.306989931623566     
  4.474150033571385E-002
   13.8000000000000       4.388695599096624E-002  0.306987299159772     
  4.480253921748154E-002
   13.8000000000000       4.388695599096624E-002  0.306987299159772     
  4.480253921748154E-002
   13.9000000000000       4.394799487273393E-002  0.306985114077137     
  4.486357809924922E-002
   13.9000000000000       4.394799487273393E-002  0.306985114077137     
  4.486357809924922E-002
   14.0000000000000       4.400903375450162E-002  0.306983274669467     
  4.492461698101691E-002
   14.0000000000000       4.400903375450162E-002  0.306983274669467     
  4.492461698101691E-002
   14.1000000000000       4.407007263626930E-002  0.306981694043650     
  4.498565586278459E-002
   14.1000000000000       4.407007263626930E-002  0.306981694043650     
  4.498565586278459E-002
   14.2000000000000       4.413111151803699E-002  0.306980298629910     
  4.504669474455228E-002
   14.2000000000000       4.413111151803699E-002  0.306980298629910     
  4.504669474455228E-002
   14.3000000000000       4.419215039980467E-002  0.306979026805449     
  4.510773362631997E-002
   14.3000000000000       4.419215039980467E-002  0.306979026805449     
  4.510773362631997E-002
   14.4000000000000       4.425318928157236E-002  0.306977827600114     
  4.516877250808765E-002
   14.4000000000000       4.425318928157236E-002  0.306977827600114     
  4.516877250808765E-002
   14.5000000000000       4.431422816334005E-002  0.306976659497535     
  4.522981138985534E-002
   14.5000000000000       4.431422816334005E-002  0.306976659497535     
  4.522981138985534E-002
   14.6000000000000       4.437526704510773E-002  0.306975489324323     
  4.529085027162302E-002
   14.6000000000000       4.437526704510773E-002  0.306975489324323     
  4.529085027162302E-002
   14.7000000000000       4.443630592687542E-002  0.306974291230353     
  4.535188915339071E-002
   14.7000000000000       4.443630592687542E-002  0.306974291230353     
  4.535188915339071E-002
   14.8000000000000       4.449734480864311E-002  0.306973045745063     
  4.541292803515840E-002
   14.8000000000000       4.449734480864311E-002  0.306973045745063     
  4.541292803515840E-002
   14.9000000000000       4.455838369041079E-002  0.306971738917710     
  4.547396691692608E-002
   14.9000000000000       4.455838369041079E-002  0.306971738917710     
  4.547396691692608E-002
   15.0000000000000       4.461942257217848E-002  0.306970361534837     
  4.553500579869377E-002
   15.0000000000000       4.461942257217848E-002  0.306970361534837     
  4.553500579869377E-002
   15.1000000000000       4.468046145394616E-002  0.306968908407957     
  4.559604468046145E-002
   15.1000000000000       4.468046145394616E-002  0.306968908407957     
  4.559604468046145E-002
   15.2000000000000       4.474150033571385E-002  0.306967377731772     
  4.565708356222914E-002
   15.2000000000000       4.474150033571385E-002  0.306967377731772     
  4.565708356222914E-002
   15.3000000000000       4.480253921748154E-002  0.306965770504802     
  4.571812244399683E-002
   15.3000000000000       4.480253921748154E-002  0.306965770504802     
  4.571812244399683E-002
   15.4000000000000       4.486357809924922E-002  0.306964090013958     
  4.577916132576451E-002
   15.4000000000000       4.486357809924922E-002  0.306964090013958     
  4.577916132576451E-002
   15.5000000000000       4.492461698101691E-002  0.306962341373946     
  4.584020020753220E-002
   15.5000000000000       4.492461698101691E-002  0.306962341373946     
  4.584020020753220E-002
   15.6000000000000       4.498565586278459E-002  0.306960531120250     
  4.590123908929988E-002
   15.6000000000000       4.498565586278459E-002  0.306960531120250     
  4.590123908929988E-002
   15.7000000000000       4.504669474455228E-002  0.306958666851479     
  4.596227797106757E-002
   15.7000000000000       4.504669474455228E-002  0.306958666851479     
  4.596227797106757E-002
   15.8000000000000       4.510773362631997E-002  0.306956756915858     
  4.602331685283526E-002
   15.8000000000000       4.510773362631997E-002  0.306956756915858     
  4.602331685283526E-002
   15.9000000000000       4.516877250808765E-002  0.306954810143117     
  4.608435573460294E-002
   15.9000000000000       4.516877250808765E-002  0.306954810143117     
  4.608435573460294E-002
   16.0000000000000       4.522981138985534E-002  0.306952835609327     
  4.614539461637063E-002
   16.0000000000000       4.522981138985534E-002  0.306952835609327     
  4.614539461637063E-002
   16.1000000000000       4.529085027162302E-002  0.306950842441535     
  4.620643349813831E-002
   16.1000000000000       4.529085027162302E-002  0.306950842441535     
  4.620643349813831E-002
   16.2000000000000       4.535188915339071E-002  0.306948839650863     
  4.626747237990600E-002
   16.2000000000000       4.535188915339071E-002  0.306948839650863     
  4.626747237990600E-002
   16.3000000000000       4.541292803515840E-002  0.306946835995494     
  4.632851126167369E-002
   16.3000000000000       4.541292803515840E-002  0.306946835995494     
  4.632851126167369E-002
   16.4000000000000       4.547396691692608E-002  0.306944839869657     
  4.638955014344137E-002
   16.4000000000000       4.547396691692608E-002  0.306944839869657     
  4.638955014344137E-002
   16.5000000000000       4.553500579869377E-002  0.306942859214591     
  4.645058902520906E-002
   16.5000000000000       4.553500579869377E-002  0.306942859214591     
  4.645058902520906E-002
   16.6000000000000       4.559604468046145E-002  0.306940901450763     
  4.651162790697674E-002
   16.6000000000000       4.559604468046145E-002  0.306940901450763     
  4.651162790697674E-002
   16.7000000000000       4.565708356222914E-002  0.306938973427538     
  4.657266678874443E-002
   16.7000000000000       4.565708356222914E-002  0.306938973427538     
  4.657266678874443E-002
   16.8000000000000       4.571812244399683E-002  0.306937081388503     
  4.663370567051212E-002
   16.8000000000000       4.571812244399683E-002  0.306937081388503     
  4.663370567051212E-002
   16.9000000000000       4.577916132576451E-002  0.306935230952330     
  4.669474455227980E-002
   16.9000000000000       4.577916132576451E-002  0.306935230952330     
  4.669474455227980E-002
   17.0000000000000       4.584020020753220E-002  0.306933427101860     
  4.675578343404749E-002
   17.0000000000000       4.584020020753220E-002  0.306933427101860     
  4.675578343404749E-002
   17.1000000000000       4.590123908929988E-002  0.306931674187142     
  4.681682231581517E-002
   17.1000000000000       4.590123908929988E-002  0.306931674187142     
  4.681682231581517E-002
   17.2000000000000       4.596227797106757E-002  0.306929975934161     
  4.687786119758286E-002
   17.2000000000000       4.596227797106757E-002  0.306929975934161     
  4.687786119758286E-002
   17.3000000000000       4.602331685283526E-002  0.306928335462853     
  4.693890007935055E-002
   17.3000000000000       4.602331685283526E-002  0.306928335462853     
  4.693890007935055E-002
   17.4000000000000       4.608435573460294E-002  0.306926755308848     
  4.699993896111823E-002
   17.4000000000000       4.608435573460294E-002  0.306926755308848     
  4.699993896111823E-002
   17.5000000000000       4.614539461637063E-002  0.306925237451635     
  4.706097784288592E-002
   17.5000000000000       4.614539461637063E-002  0.306925237451635     
  4.706097784288592E-002
   17.6000000000000       4.620643349813831E-002  0.306923783344613     
  4.712201672465360E-002
   17.6000000000000       4.620643349813831E-002  0.306923783344613     
  4.712201672465360E-002
   17.7000000000000       4.626747237990600E-002  0.306922393949998     
  4.718305560642129E-002
   17.7000000000000       4.626747237990600E-002  0.306922393949998     
  4.718305560642129E-002
   17.8000000000000       4.632851126167369E-002  0.306921069772742     
  4.724409448818898E-002
   17.8000000000000       4.632851126167369E-002  0.306921069772742     
  4.724409448818898E-002
   17.9000000000000       4.638955014344137E-002  0.306919810898608     
  4.730513336995666E-002
   17.9000000000000       4.638955014344137E-002  0.306919810898608     
  4.730513336995666E-002
   18.0000000000000       4.645058902520906E-002  0.306918617029773     
  4.736617225172435E-002
   18.0000000000000       4.645058902520906E-002  0.306918617029773     
  4.736617225172435E-002
   18.1000000000000       4.651162790697674E-002  0.306917487523945     
  4.742721113349203E-002
   18.1000000000000       4.651162790697674E-002  0.306917487523945     
  4.742721113349203E-002
   18.2000000000000       4.657266678874443E-002  0.306916421428395     
  4.748825001525972E-002
   18.2000000000000       4.657266678874443E-002  0.306916421428395     
  4.748825001525972E-002
   18.3000000000000       4.663370567051212E-002  0.306915417518117     
  4.754928889702741E-002
   18.3000000000000       4.663370567051212E-002  0.306915417518117     
  4.754928889702741E-002
   18.4000000000000       4.669474455227980E-002  0.306914474329370     
  4.761032777879509E-002
   18.4000000000000       4.669474455227980E-002  0.306914474329370     
  4.761032777879509E-002
   18.5000000000000       4.675578343404749E-002  0.306913590192937     
  4.767136666056278E-002
   18.5000000000000       4.675578343404749E-002  0.306913590192937     
  4.767136666056278E-002
   18.6000000000000       4.681682231581517E-002  0.306912763265784     
  4.773240554233046E-002
   18.6000000000000       4.681682231581517E-002  0.306912763265784     
  4.773240554233046E-002
   18.7000000000000       4.687786119758286E-002  0.306911991561506     
  4.779344442409815E-002
   18.7000000000000       4.687786119758286E-002  0.306911991561506     
  4.779344442409815E-002
   18.8000000000000       4.693890007935055E-002  0.306911272977394     
  4.785448330586584E-002
   18.8000000000000       4.693890007935055E-002  0.306911272977394     
  4.785448330586584E-002
   18.9000000000000       4.699993896111823E-002  0.306910605321512     
  4.791552218763352E-002
   18.9000000000000       4.699993896111823E-002  0.306910605321512     
  4.791552218763352E-002
   19.0000000000000       4.706097784288592E-002  0.306909986335426     
  4.797656106940121E-002
   19.0000000000000       4.706097784288592E-002  0.306909986335426     
  4.797656106940121E-002
   19.1000000000000       4.712201672465360E-002  0.306909413717964     
  4.803759995116889E-002
   19.1000000000000       4.712201672465360E-002  0.306909413717964     
  4.803759995116889E-002
   19.2000000000000       4.718305560642129E-002  0.306908885143669     
  4.809863883293658E-002
   19.2000000000000       4.718305560642129E-002  0.306908885143669     
  4.809863883293658E-002
   19.3000000000000       4.724409448818898E-002  0.306908398282065     
  4.815967771470427E-002
   19.3000000000000       4.724409448818898E-002  0.306908398282065     
  4.815967771470427E-002
   19.4000000000000       4.730513336995666E-002  0.306907950813488     
  4.822071659647195E-002
   19.4000000000000       4.730513336995666E-002  0.306907950813488     
  4.822071659647195E-002
   19.5000000000000       4.736617225172435E-002  0.306907540443259     
  4.828175547823964E-002
   19.5000000000000       4.736617225172435E-002  0.306907540443259     
  4.828175547823964E-002
   19.6000000000000       4.742721113349203E-002  0.306907164915257     
  4.834279436000732E-002
   19.6000000000000       4.742721113349203E-002  0.306907164915257     
  4.834279436000732E-002
   19.7000000000000       4.748825001525972E-002  0.306906822021870     
  4.840383324177501E-002
   19.7000000000000       4.748825001525972E-002  0.306906822021870     
  4.840383324177501E-002
   19.8000000000000       4.754928889702741E-002  0.306906509613528     
  4.846487212354270E-002
   19.8000000000000       4.754928889702741E-002  0.306906509613528     
  4.846487212354270E-002
   19.9000000000000       4.761032777879509E-002  0.306906225607308     
  4.852591100531038E-002
   19.9000000000000       4.761032777879509E-002  0.306906225607308     
  4.852591100531038E-002
   20.0000000000000       4.767136666056278E-002  0.306905967993256     
  4.858694988707807E-002
   20.0000000000000       4.767136666056278E-002  0.306905967993256     
  4.858694988707807E-002
   20.1000000000000       4.773240554233046E-002  0.306905734838336     
  4.864798876884575E-002
   20.1000000000000       4.773240554233046E-002  0.306905734838336     
  4.864798876884575E-002
   20.2000000000000       4.779344442409815E-002  0.306905524291888     
  4.870902765061344E-002
   20.2000000000000       4.779344442409815E-002  0.306905524291888     
  4.870902765061344E-002
   20.3000000000000       4.785448330586584E-002  0.306905334590070     
  4.877006653238113E-002
   20.3000000000000       4.785448330586584E-002  0.306905334590070     
  4.877006653238113E-002
   20.4000000000000       4.791552218763352E-002  0.306905164054489     
  4.883110541414881E-002
   20.4000000000000       4.791552218763352E-002  0.306905164054489     
  4.883110541414881E-002
   20.5000000000000       4.797656106940121E-002  0.306905011094976     
  4.889214429591650E-002
   20.5000000000000       4.797656106940121E-002  0.306905011094976     
  4.889214429591650E-002
   20.6000000000000       4.803759995116889E-002  0.306904874210818     
  4.895318317768418E-002
   20.6000000000000       4.803759995116889E-002  0.306904874210818     
  4.895318317768418E-002
   20.7000000000000       4.809863883293658E-002  0.306904751988634     
  4.901422205945187E-002
   20.7000000000000       4.809863883293658E-002  0.306904751988634     
  4.901422205945187E-002
   20.8000000000000       4.815967771470427E-002  0.306904643103179     
  4.907526094121956E-002
   20.8000000000000       4.815967771470427E-002  0.306904643103179     
  4.907526094121956E-002
   20.9000000000000       4.822071659647195E-002  0.306904546314743     
  4.913629982298724E-002
   20.9000000000000       4.822071659647195E-002  0.306904546314743     
  4.913629982298724E-002
   21.0000000000000       4.828175547823964E-002  0.306904460466101     
  4.919733870475493E-002
   21.0000000000000       4.828175547823964E-002  0.306904460466101     
  4.919733870475493E-002
   21.1000000000000       4.834279436000732E-002  0.306904384483613     
  4.925837758652261E-002
   21.1000000000000       4.834279436000732E-002  0.306904384483613     
  4.925837758652261E-002
   21.2000000000000       4.840383324177501E-002  0.306904317371140     
  4.931941646829030E-002
   21.2000000000000       4.840383324177501E-002  0.306904317371140     
  4.931941646829030E-002
   21.3000000000000       4.846487212354270E-002  0.306904258208064     
  4.938045535005799E-002
   21.3000000000000       4.846487212354270E-002  0.306904258208064     
  4.938045535005799E-002
   21.4000000000000       4.852591100531038E-002  0.306904206147664     
  4.944149423182567E-002
   21.4000000000000       4.852591100531038E-002  0.306904206147664     
  4.944149423182567E-002
   21.5000000000000       4.858694988707807E-002  0.306904160411876     
  4.950253311359336E-002
   21.5000000000000       4.858694988707807E-002  0.306904160411876     
  4.950253311359336E-002
   21.6000000000000       4.864798876884575E-002  0.306904120287165     
  4.956357199536104E-002
   21.6000000000000       4.864798876884575E-002  0.306904120287165     
  4.956357199536104E-002
   21.7000000000000       4.870902765061344E-002  0.306904085125148     
  4.962461087712873E-002
   21.7000000000000       4.870902765061344E-002  0.306904085125148     
  4.962461087712873E-002
   21.8000000000000       4.877006653238113E-002  0.306904054334649     
  4.968564975889642E-002
   21.8000000000000       4.877006653238113E-002  0.306904054334649     
  4.968564975889642E-002
   21.9000000000000       4.883110541414881E-002  0.306904027380293     
  4.974668864066410E-002
   21.9000000000000       4.883110541414881E-002  0.306904027380293     
  4.974668864066410E-002
   22.0000000000000       4.889214429591650E-002  0.306904003777462     
  4.980772752243179E-002
   22.0000000000000       4.889214429591650E-002  0.306904003777462     
  4.980772752243179E-002
   22.1000000000000       4.895318317768418E-002  0.306903983091914     
  4.986876640419947E-002
   22.1000000000000       4.895318317768418E-002  0.306903983091914     
  4.986876640419947E-002
   22.2000000000000       4.901422205945187E-002  0.306903964933088     
  4.992980528596716E-002
   22.2000000000000       4.901422205945187E-002  0.306903964933088     
  4.992980528596716E-002
   22.3000000000000       4.907526094121956E-002  0.306903948952530     
  4.999084416773485E-002
   22.3000000000000       4.907526094121956E-002  0.306903948952530     
  4.999084416773485E-002
   22.4000000000000       4.913629982298724E-002  0.306903934840488     
  5.005188304950253E-002
   22.4000000000000       4.913629982298724E-002  0.306903934840488     
  5.005188304950253E-002
   22.5000000000000       4.919733870475493E-002  0.306903922321870     
  5.011292193127022E-002
   22.5000000000000       4.919733870475493E-002  0.306903922321870     
  5.011292193127022E-002
   22.6000000000000       4.925837758652261E-002  0.306903911155213     
  5.017396081303790E-002
   22.6000000000000       4.925837758652261E-002  0.306903911155213     
  5.017396081303790E-002
   22.7000000000000       4.931941646829030E-002  0.306903901128606     
  5.023499969480559E-002
   22.7000000000000       4.931941646829030E-002  0.306903901128606     
  5.023499969480559E-002
   22.8000000000000       4.938045535005799E-002  0.306903892056749     
  5.029603857657328E-002
   22.8000000000000       4.938045535005799E-002  0.306903892056749     
  5.029603857657328E-002
   22.9000000000000       4.944149423182567E-002  0.306903883778912     
  5.035707745834096E-002
   22.9000000000000       4.944149423182567E-002  0.306903883778912     
  5.035707745834096E-002
   23.0000000000000       4.950253311359336E-002  0.306903876157565     
  5.041811634010865E-002
   23.0000000000000       4.950253311359336E-002  0.306903876157565     
  5.041811634010865E-002
   23.1000000000000       4.956357199536104E-002  0.306903869073367     
  5.047915522187633E-002
   23.1000000000000       4.956357199536104E-002  0.306903869073367     
  5.047915522187633E-002
   23.2000000000000       4.962461087712873E-002  0.306903862425735     
  5.054019410364402E-002
   23.2000000000000       4.962461087712873E-002  0.306903862425735     
  5.054019410364402E-002
   23.3000000000000       4.968564975889642E-002  0.306903856130734     
  5.060123298541171E-002
   23.3000000000000       4.968564975889642E-002  0.306903856130734     
  5.060123298541171E-002
   23.4000000000000       4.974668864066410E-002  0.306903850118613     
  5.066227186717939E-002
   23.4000000000000       4.974668864066410E-002  0.306903850118613     
  5.066227186717939E-002
   23.5000000000000       4.980772752243179E-002  0.306903844331004     
  5.072331074894708E-002
   23.5000000000000       4.980772752243179E-002  0.306903844331004     
  5.072331074894708E-002
   23.6000000000000       4.986876640419947E-002  0.306903838721262     
  5.078434963071476E-002
   23.6000000000000       4.986876640419947E-002  0.306903838721262     
  5.078434963071476E-002
   23.7000000000000       4.992980528596716E-002  0.306903833252146     
  5.084538851248245E-002
   23.7000000000000       4.992980528596716E-002  0.306903833252146     
  5.084538851248245E-002
   23.8000000000000       4.999084416773485E-002  0.306903827893901     
  5.090642739425014E-002
   23.8000000000000       4.999084416773485E-002  0.306903827893901     
  5.090642739425014E-002
   23.9000000000000       5.005188304950253E-002  0.306903822626023     
  5.096746627601782E-002
   23.9000000000000       5.005188304950253E-002  0.306903822626023     
  5.096746627601782E-002
   24.0000000000000       5.011292193127022E-002  0.306903817431408     
  5.102850515778551E-002
   24.0000000000000       5.011292193127022E-002  0.306903817431408     
  5.102850515778551E-002
   24.1000000000000       5.017396081303790E-002  0.306903812300399     
  5.108954403955319E-002
   24.1000000000000       5.017396081303790E-002  0.306903812300399     
  5.108954403955319E-002
   24.2000000000000       5.023499969480559E-002  0.306903807226748     
  5.115058292132088E-002
   24.2000000000000       5.023499969480559E-002  0.306903807226748     
  5.115058292132088E-002
   24.3000000000000       5.029603857657328E-002  0.306903802207710     
  5.121162180308857E-002
   24.3000000000000       5.029603857657328E-002  0.306903802207710     
  5.121162180308857E-002
   24.4000000000000       5.035707745834096E-002  0.306903797243120     
  5.127266068485625E-002
   24.4000000000000       5.035707745834096E-002  0.306903797243120     
  5.127266068485625E-002
   24.5000000000000       5.041811634010865E-002  0.306903792334194     
  5.133369956662394E-002
   24.5000000000000       5.041811634010865E-002  0.306903792334194     
  5.133369956662394E-002
   24.6000000000000       5.047915522187633E-002  0.306903787486817     
  5.139473844839162E-002
   24.6000000000000       5.047915522187633E-002  0.306903787486817     
  5.139473844839162E-002
   24.7000000000000       5.054019410364402E-002  0.306903782706090     
  5.145577733015931E-002
   24.7000000000000       5.054019410364402E-002  0.306903782706090     
  5.145577733015931E-002
   24.8000000000000       5.060123298541171E-002  0.306903777997856     
  5.151681621192700E-002
   24.8000000000000       5.060123298541171E-002  0.306903777997856     
  5.151681621192700E-002
   24.9000000000000       5.066227186717939E-002  0.306903773368623     
  5.157785509369468E-002
   24.9000000000000       5.066227186717939E-002  0.306903773368623     
  5.157785509369468E-002
   25.0000000000000       5.072331074894708E-002  0.306903768826130     
  5.163889397546237E-002
   25.0000000000000       5.072331074894708E-002  0.306903768826130     
  5.163889397546237E-002
   25.1000000000000       5.078434963071476E-002  0.306903764377270     
  5.169993285723005E-002
   25.1000000000000       5.078434963071476E-002  0.306903764377270     
  5.169993285723005E-002
   25.2000000000000       5.084538851248245E-002  0.306903760029395     
  5.176097173899774E-002
   25.2000000000000       5.084538851248245E-002  0.306903760029395     
  5.176097173899774E-002
   25.3000000000000       5.090642739425014E-002  0.306903755788672     
  5.182201062076543E-002
   25.3000000000000       5.090642739425014E-002  0.306903755788672     
  5.182201062076543E-002
   25.4000000000000       5.096746627601782E-002  0.306903751660736     
  5.188304950253311E-002
   25.4000000000000       5.096746627601782E-002  0.306903751660736     
  5.188304950253311E-002
   25.5000000000000       5.102850515778551E-002  0.306903747652685     
  5.194408838430080E-002
   25.5000000000000       5.102850515778551E-002  0.306903747652685     
  5.194408838430080E-002
   25.6000000000000       5.108954403955319E-002  0.306903743768186     
  5.200512726606848E-002
   25.6000000000000       5.108954403955319E-002  0.306903743768186     
  5.200512726606848E-002
   25.7000000000000       5.115058292132088E-002  0.306903740012671     
  5.206616614783617E-002
   25.7000000000000       5.115058292132088E-002  0.306903740012671     
  5.206616614783617E-002
   25.8000000000000       5.121162180308857E-002  0.306903736388098     
  5.212720502960386E-002
   25.8000000000000       5.121162180308857E-002  0.306903736388098     
  5.212720502960386E-002
   25.9000000000000       5.127266068485625E-002  0.306903732899048     
  5.218824391137154E-002
   25.9000000000000       5.127266068485625E-002  0.306903732899048     
  5.218824391137154E-002
   26.0000000000000       5.133369956662394E-002  0.306903729546884     
  5.224928279313923E-002
   26.0000000000000       5.133369956662394E-002  0.306903729546884     
  5.224928279313923E-002
   26.1000000000000       5.139473844839162E-002  0.306903726332687     
  5.231032167490691E-002
   26.1000000000000       5.139473844839162E-002  0.306903726332687     
  5.231032167490691E-002
   26.2000000000000       5.145577733015931E-002  0.306903723257930     
  5.237136055667460E-002
   26.2000000000000       5.145577733015931E-002  0.306903723257930     
  5.237136055667460E-002
   26.3000000000000       5.151681621192700E-002  0.306903720322156     
  5.243239943844229E-002
   26.3000000000000       5.151681621192700E-002  0.306903720322156     
  5.243239943844229E-002
   26.4000000000000       5.157785509369468E-002  0.306903717525006     
  5.249343832020997E-002
   26.4000000000000       5.157785509369468E-002  0.306903717525006     
  5.249343832020997E-002
   26.5000000000000       5.163889397546237E-002  0.306903714864785     
  5.255447720197766E-002
   26.5000000000000       5.163889397546237E-002  0.306903714864785     
  5.255447720197766E-002
   26.6000000000000       5.169993285723005E-002  0.306903712341047     
  5.261551608374535E-002
   26.6000000000000       5.169993285723005E-002  0.306903712341047     
  5.261551608374535E-002
   26.7000000000000       5.176097173899774E-002  0.306903709950976     
  5.267655496551303E-002
   26.7000000000000       5.176097173899774E-002  0.306903709950976     
  5.267655496551303E-002
   26.8000000000000       5.182201062076543E-002  0.306903707691272     
  5.273759384728072E-002
   26.8000000000000       5.182201062076543E-002  0.306903707691272     
  5.273759384728072E-002
   26.9000000000000       5.188304950253311E-002  0.306903705559236     
  5.279863272904840E-002
   26.9000000000000       5.188304950253311E-002  0.306903705559236     
  5.279863272904840E-002
   27.0000000000000       5.194408838430080E-002  0.306903703552828     
  5.285967161081609E-002
   27.0000000000000       5.194408838430080E-002  0.306903703552828     
  5.285967161081609E-002
   27.1000000000000       5.200512726606848E-002  0.306903701666578     
  5.292071049258378E-002
   27.1000000000000       5.200512726606848E-002  0.306903701666578     
  5.292071049258378E-002
   27.2000000000000       5.206616614783617E-002  0.306903699897257     
  5.298174937435146E-002
   27.2000000000000       5.206616614783617E-002  0.306903699897257     
  5.298174937435146E-002
   27.3000000000000       5.212720502960386E-002  0.306903698240351     
  5.304278825611915E-002
   27.3000000000000       5.212720502960386E-002  0.306903698240351     
  5.304278825611915E-002
   27.4000000000000       5.218824391137154E-002  0.306903696692696     
  5.310382713788683E-002
   27.4000000000000       5.218824391137154E-002  0.306903696692696     
  5.310382713788683E-002
   27.5000000000000       5.224928279313923E-002  0.306903695248796     
  5.316486601965452E-002
   27.5000000000000       5.224928279313923E-002  0.306903695248796     
  5.316486601965452E-002
   27.6000000000000       5.231032167490691E-002  0.306903693904503     
  5.322590490142221E-002
   27.6000000000000       5.231032167490691E-002  0.306903693904503     
  5.322590490142221E-002
   27.7000000000000       5.237136055667460E-002  0.306903692655466     
  5.328694378318989E-002
   27.7000000000000       5.237136055667460E-002  0.306903692655466     
  5.328694378318989E-002
   27.8000000000000       5.243239943844229E-002  0.306903691495903     
  5.334798266495758E-002
   27.8000000000000       5.243239943844229E-002  0.306903691495903     
  5.334798266495758E-002
   27.9000000000000       5.249343832020997E-002  0.306903690422956     
  5.340902154672526E-002
   27.9000000000000       5.249343832020997E-002  0.306903690422956     
  5.340902154672526E-002
   28.0000000000000       5.255447720197766E-002  0.306903689430960     
  5.347006042849295E-002
   28.0000000000000       5.255447720197766E-002  0.306903689430960     
  5.347006042849295E-002
   28.1000000000000       5.261551608374535E-002  0.306903688515442     
  5.353109931026064E-002
   28.1000000000000       5.261551608374535E-002  0.306903688515442     
  5.353109931026064E-002
   28.2000000000000       5.267655496551303E-002  0.306903687672103     
  5.359213819202832E-002
   28.2000000000000       5.267655496551303E-002  0.306903687672103     
  5.359213819202832E-002
   28.3000000000000       5.273759384728072E-002  0.306903686896893     
  5.365317707379601E-002
   28.3000000000000       5.273759384728072E-002  0.306903686896893     
  5.365317707379601E-002
   28.4000000000000       5.279863272904840E-002  0.306903686185682     
  5.371421595556369E-002
   28.4000000000000       5.279863272904840E-002  0.306903686185682     
  5.371421595556369E-002
   28.5000000000000       5.285967161081609E-002  0.306903685533695     
  5.377525483733138E-002
   28.5000000000000       5.285967161081609E-002  0.306903685533695     
  5.377525483733138E-002
   28.6000000000000       5.292071049258378E-002  0.306903684937130     
  5.383629371909907E-002
   28.6000000000000       5.292071049258378E-002  0.306903684937130     
  5.383629371909907E-002
   28.7000000000000       5.298174937435146E-002  0.306903684392421     
  5.389733260086675E-002
   28.7000000000000       5.298174937435146E-002  0.306903684392421     
  5.389733260086675E-002
   28.8000000000000       5.304278825611915E-002  0.306903683896227     
  5.395837148263444E-002
   28.8000000000000       5.304278825611915E-002  0.306903683896227     
  5.395837148263444E-002
   28.9000000000000       5.310382713788683E-002  0.306903683444320     
  5.401941036440212E-002
   28.9000000000000       5.310382713788683E-002  0.306903683444320     
  5.401941036440212E-002
   29.0000000000000       5.316486601965452E-002  0.306903683033951     
  5.408044924616981E-002
   29.0000000000000       5.316486601965452E-002  0.306903683033951     
  5.408044924616981E-002
   29.1000000000000       5.322590490142221E-002  0.306903682661319     
  5.414148812793750E-002
   29.1000000000000       5.322590490142221E-002  0.306903682661319     
  5.414148812793750E-002
   29.2000000000000       5.328694378318989E-002  0.306903682324477     
  5.420252700970518E-002
   29.2000000000000       5.328694378318989E-002  0.306903682324477     
  5.420252700970518E-002
   29.3000000000000       5.334798266495758E-002  0.306903682018974     
  5.426356589147287E-002
   29.3000000000000       5.334798266495758E-002  0.306903682018974     
  5.426356589147287E-002
   29.4000000000000       5.340902154672526E-002  0.306903681743630     
  5.432460477324055E-002
   29.4000000000000       5.340902154672526E-002  0.306903681743630     
  5.432460477324055E-002
   29.5000000000000       5.347006042849295E-002  0.306903681495938     
  5.438564365500824E-002
   29.5000000000000       5.347006042849295E-002  0.306903681495938     
  5.438564365500824E-002
   29.6000000000000       5.353109931026064E-002  0.306903681271713     
  5.444668253677593E-002
   29.6000000000000       5.353109931026064E-002  0.306903681271713     
  5.444668253677593E-002
   29.7000000000000       5.359213819202832E-002  0.306903681070102     
  5.450772141854361E-002
   29.7000000000000       5.359213819202832E-002  0.306903681070102     
  5.450772141854361E-002
   29.8000000000000       5.365317707379601E-002  0.306903680889311     
  5.456876030031130E-002
   29.8000000000000       5.365317707379601E-002  0.306903680889311     
  5.456876030031130E-002
   29.9000000000000       5.371421595556369E-002  0.306903680727260     
  5.462979918207898E-002
   29.9000000000000       5.371421595556369E-002  0.306903680727260     
  5.462979918207898E-002
   30.0000000000000       5.377525483733138E-002  0.306903680582244     
  5.469083806384667E-002
   30.0000000000000       5.377525483733138E-002  0.306903680582244     
  5.469083806384667E-002
   30.1000000000000       5.383629371909907E-002  0.306903680451277     
  5.475187694561436E-002
   30.1000000000000       5.383629371909907E-002  0.306903680451277     
  5.475187694561436E-002
   30.2000000000000       5.389733260086675E-002  0.306903680335258     
  5.481291582738204E-002
   30.2000000000000       5.389733260086675E-002  0.306903680335258     
  5.481291582738204E-002
   30.3000000000000       5.395837148263444E-002  0.306903680230311     
  5.487395470914973E-002
   30.3000000000000       5.395837148263444E-002  0.306903680230311     
  5.487395470914973E-002
   30.4000000000000       5.401941036440212E-002  0.306903680136832     
  5.493499359091741E-002
   30.4000000000000       5.401941036440212E-002  0.306903680136832     
  5.493499359091741E-002
   30.5000000000000       5.408044924616981E-002  0.306903680053250     
  5.499603247268510E-002
   30.5000000000000       5.408044924616981E-002  0.306903680053250     
  5.499603247268510E-002
   30.6000000000000       5.414148812793750E-002  0.306903679978024     
  5.505707135445279E-002
   30.6000000000000       5.414148812793750E-002  0.306903679978024     
  5.505707135445279E-002
   30.7000000000000       5.420252700970518E-002  0.306903679910934     
  5.511811023622047E-002
   30.7000000000000       5.420252700970518E-002  0.306903679910934     
  5.511811023622047E-002
   30.8000000000000       5.426356589147287E-002  0.306903679850171     
  5.517914911798816E-002
   30.8000000000000       5.426356589147287E-002  0.306903679850171     
  5.517914911798816E-002
   30.9000000000000       5.432460477324055E-002  0.306903679796257     
  5.524018799975584E-002
   30.9000000000000       5.432460477324055E-002  0.306903679796257     
  5.524018799975584E-002
   31.0000000000000       5.438564365500824E-002  0.306903679747057     
  5.530122688152353E-002
   31.0000000000000       5.438564365500824E-002  0.306903679747057     
  5.530122688152353E-002
   31.1000000000000       5.444668253677593E-002  0.306903679703009     
  5.536226576329122E-002
   31.1000000000000       5.444668253677593E-002  0.306903679703009     
  5.536226576329122E-002
   31.2000000000000       5.450772141854361E-002  0.306903679663558     
  5.542330464505890E-002
   31.2000000000000       5.450772141854361E-002  0.306903679663558     
  5.542330464505890E-002
   31.3000000000000       5.456876030031130E-002  0.306903679627012     
  5.548434352682659E-002
   31.3000000000000       5.456876030031130E-002  0.306903679627012     
  5.548434352682659E-002
   31.4000000000000       5.462979918207898E-002  0.306903679593905     
  5.554538240859427E-002
   31.4000000000000       5.462979918207898E-002  0.306903679593905     
  5.554538240859427E-002
   31.5000000000000       5.469083806384667E-002  0.306903679563674     
  5.560642129036196E-002
   31.5000000000000       5.469083806384667E-002  0.306903679563674     
  5.560642129036196E-002
   31.6000000000000       5.475187694561436E-002  0.306903679536171     
  5.566746017212965E-002
   31.6000000000000       5.475187694561436E-002  0.306903679536171     
  5.566746017212965E-002
   31.7000000000000       5.481291582738204E-002  0.306903679510256     
  5.572849905389733E-002
   31.7000000000000       5.481291582738204E-002  0.306903679510256     
  5.572849905389733E-002
   31.8000000000000       5.487395470914973E-002  0.306903679486342     
  5.578953793566502E-002
   31.8000000000000       5.487395470914973E-002  0.306903679486342     
  5.578953793566502E-002
   31.9000000000000       5.493499359091741E-002  0.306903679464166     
  5.585057681743270E-002
   31.9000000000000       5.493499359091741E-002  0.306903679464166     
  5.585057681743270E-002
   32.0000000000000       5.499603247268510E-002  0.306903679443373     
  5.591161569920039E-002
   32.0000000000000       5.499603247268510E-002  0.306903679443373     
  5.591161569920039E-002
   32.1000000000000       5.505707135445279E-002  0.306903679423873     
  5.597265458096808E-002
   32.1000000000000       5.505707135445279E-002  0.306903679423873     
  5.597265458096808E-002
   32.2000000000000       5.511811023622047E-002  0.306903679406350     
  5.603369346273576E-002
   32.2000000000000       5.511811023622047E-002  0.306903679406350     
  5.603369346273576E-002
   32.3000000000000       5.517914911798816E-002  0.306903679388133     
  5.609473234450345E-002
   32.3000000000000       5.517914911798816E-002  0.306903679388133     
  5.609473234450345E-002
   32.4000000000000       5.524018799975584E-002  0.306903679371961     
  5.615577122627113E-002
   32.4000000000000       5.524018799975584E-002  0.306903679371961     
  5.615577122627113E-002
   32.5000000000000       5.530122688152353E-002  0.306903679355975     
  5.621681010803882E-002
   32.5000000000000       5.530122688152353E-002  0.306903679355975     
  5.621681010803882E-002
   32.6000000000000       5.536226576329122E-002  0.306903679340523     
  5.627784898980651E-002
   32.6000000000000       5.536226576329122E-002  0.306903679340523     
  5.627784898980651E-002
   32.7000000000000       5.542330464505890E-002  0.306903679325186     
  5.633888787157419E-002
   32.7000000000000       5.542330464505890E-002  0.306903679325186     
  5.633888787157419E-002
   32.8000000000000       5.548434352682659E-002  0.306903679311809     
  5.639992675334188E-002
   32.8000000000000       5.548434352682659E-002  0.306903679311809     
  5.639992675334188E-002
   32.9000000000000       5.554538240859427E-002  0.306903679297522     
  5.646096563510956E-002
   32.9000000000000       5.554538240859427E-002  0.306903679297522     
  5.646096563510956E-002
   33.0000000000000       5.560642129036196E-002  0.306903679284438     
  5.652200451687725E-002
   33.0000000000000       5.560642129036196E-002  0.306903679284438     
  5.652200451687725E-002
   33.1000000000000       5.566746017212965E-002  0.306903679271732     
  5.658304339864494E-002
   33.1000000000000       5.566746017212965E-002  0.306903679271732     
  5.658304339864494E-002
   33.2000000000000       5.572849905389733E-002  0.306903679259634     
  5.664408228041262E-002
   33.2000000000000       5.572849905389733E-002  0.306903679259634     
  5.664408228041262E-002
   33.3000000000000       5.578953793566502E-002  0.306903679247231     
  5.670512116218031E-002
   33.3000000000000       5.578953793566502E-002  0.306903679247231     
  5.670512116218031E-002
   33.4000000000000       5.585057681743270E-002  0.306903679236060     
  5.676616004394799E-002
   33.4000000000000       5.585057681743270E-002  0.306903679236060     
  5.676616004394799E-002
   33.5000000000000       5.591161569920039E-002  0.306903679224445     
  5.682719892571568E-002
   33.5000000000000       5.591161569920039E-002  0.306903679224445     
  5.682719892571568E-002
   33.6000000000000       5.597265458096808E-002  0.306903679214190     
  5.688823780748337E-002
   33.6000000000000       5.597265458096808E-002  0.306903679214190     
  5.688823780748337E-002
   33.7000000000000       5.603369346273576E-002  0.306903679203808     
  5.694927668925105E-002
   33.7000000000000       5.603369346273576E-002  0.306903679203808     
  5.694927668925105E-002
   33.8000000000000       5.609473234450345E-002  0.306903679193141     
  5.701031557101874E-002
   33.8000000000000       5.609473234450345E-002  0.306903679193141     
  5.701031557101874E-002
   33.9000000000000       5.615577122627113E-002  0.306903679183667     
  5.707135445278642E-002
   33.9000000000000       5.615577122627113E-002  0.306903679183667     
  5.707135445278642E-002
   34.0000000000000       5.621681010803882E-002  0.306903679174133     
  5.713239333455411E-002
   34.0000000000000       5.621681010803882E-002  0.306903679174133     
  5.713239333455411E-002
   34.1000000000000       5.627784898980651E-002  0.306903679165527     
  5.719343221632180E-002
   34.1000000000000       5.627784898980651E-002  0.306903679165527     
  5.719343221632180E-002
   34.2000000000000       5.633888787157419E-002  0.306903679156060     
  5.725447109808948E-002
   34.2000000000000       5.633888787157419E-002  0.306903679156060     
  5.725447109808948E-002
   34.3000000000000       5.639992675334188E-002  0.306903679147627     
  5.731550997985717E-002
   34.3000000000000       5.639992675334188E-002  0.306903679147627     
  5.731550997985717E-002
   34.4000000000000       5.646096563510956E-002  0.306903679139655     
  5.737654886162485E-002
   34.4000000000000       5.646096563510956E-002  0.306903679139655     
  5.737654886162485E-002
   34.5000000000000       5.652200451687725E-002  0.306903679132162     
  5.743758774339254E-002
   34.5000000000000       5.652200451687725E-002  0.306903679132162     
  5.743758774339254E-002
   34.6000000000000       5.658304339864494E-002  0.306903679124698     
  5.749862662516023E-002
   34.6000000000000       5.658304339864494E-002  0.306903679124698     
  5.749862662516023E-002
   34.7000000000000       5.664408228041262E-002  0.306903679117551     
  5.755966550692791E-002
   34.7000000000000       5.664408228041262E-002  0.306903679117551     
  5.755966550692791E-002
   34.8000000000000       5.670512116218031E-002  0.306903679111165     
  5.762070438869560E-002
   34.8000000000000       5.670512116218031E-002  0.306903679111165     
  5.762070438869560E-002
   34.9000000000000       5.676616004394799E-002  0.306903679104520     
  5.768174327046328E-002
   34.9000000000000       5.676616004394799E-002  0.306903679104520     
  5.768174327046328E-002
   35.0000000000000       5.682719892571568E-002  0.306903679098407     
  5.774278215223097E-002
   35.0000000000000       5.682719892571568E-002  0.306903679098407     
  5.774278215223097E-002
   35.1000000000000       5.688823780748337E-002  0.306903679093333     
  5.780382103399866E-002
   35.1000000000000       5.688823780748337E-002  0.306903679093333     
  5.780382103399866E-002
   35.2000000000000       5.694927668925105E-002  0.306903679087305     
  5.786485991576634E-002
   35.2000000000000       5.694927668925105E-002  0.306903679087305     
  5.786485991576634E-002
   35.3000000000000       5.701031557101874E-002  0.306903679082164     
  5.792589879753403E-002
   35.3000000000000       5.701031557101874E-002  0.306903679082164     
  5.792589879753403E-002
   35.4000000000000       5.707135445278642E-002  0.306903679077482     
  5.798693767930171E-002
   35.4000000000000       5.707135445278642E-002  0.306903679077482     
  5.798693767930171E-002
   35.5000000000000       5.713239333455411E-002  0.306903679073142     
  5.804797656106940E-002
   35.5000000000000       5.713239333455411E-002  0.306903679073142     
  5.804797656106940E-002
   35.6000000000000       5.719343221632180E-002  0.306903679068394     
  5.810901544283709E-002
   35.6000000000000       5.719343221632180E-002  0.306903679068394     
  5.810901544283709E-002
   35.7000000000000       5.725447109808948E-002  0.306903679064476     
  5.817005432460477E-002
   35.7000000000000       5.725447109808948E-002  0.306903679064476     
  5.817005432460477E-002
   35.8000000000000       5.731550997985717E-002  0.306903679061287     
  5.823109320637246E-002
   35.8000000000000       5.731550997985717E-002  0.306903679061287     
  5.823109320637246E-002
   35.9000000000000       5.737654886162485E-002  0.306903679057664     
  5.829213208814014E-002
   35.9000000000000       5.737654886162485E-002  0.306903679057664     
  5.829213208814014E-002
   36.0000000000000       5.743758774339254E-002  0.306903679053574     
  5.835317096990783E-002
   36.0000000000000       5.743758774339254E-002  0.306903679053574     
  5.835317096990783E-002
   36.1000000000000       5.749862662516023E-002  0.306903679050000     
  5.841420985167552E-002
   36.1000000000000       5.749862662516023E-002  0.306903679050000     
  5.841420985167552E-002
   36.2000000000000       5.755966550692791E-002  0.306903679047040     
  5.847524873344320E-002
   36.2000000000000       5.755966550692791E-002  0.306903679047040     
  5.847524873344320E-002
   36.3000000000000       5.762070438869560E-002  0.306903679044294     
  5.853628761521089E-002
   36.3000000000000       5.762070438869560E-002  0.306903679044294     
  5.853628761521089E-002
   36.4000000000000       5.768174327046328E-002  0.306903679042729     
  5.859732649697857E-002
   36.4000000000000       5.768174327046328E-002  0.306903679042729     
  5.859732649697857E-002
   36.5000000000000       5.774278215223097E-002  0.306903679040306     
  5.865836537874626E-002
   36.5000000000000       5.774278215223097E-002  0.306903679040306     
  5.865836537874626E-002
   36.6000000000000       5.780382103399866E-002  0.306903679037152     
  5.871940426051395E-002
   36.6000000000000       5.780382103399866E-002  0.306903679037152     
  5.871940426051395E-002
   36.7000000000000       5.786485991576634E-002  0.306903679035487     
  5.878044314228163E-002
   36.7000000000000       5.786485991576634E-002  0.306903679035487     
  5.878044314228163E-002
   36.8000000000000       5.792589879753403E-002  0.306903679032924     
  5.884148202404932E-002
   36.8000000000000       5.792589879753403E-002  0.306903679032924     
  5.884148202404932E-002
   36.9000000000000       5.798693767930171E-002  0.306903679031142     
  5.890252090581700E-002
   36.9000000000000       5.798693767930171E-002  0.306903679031142     
  5.890252090581700E-002
   37.0000000000000       5.804797656106940E-002  0.306903679029875     
  5.896355978758469E-002
   37.0000000000000       5.804797656106940E-002  0.306903679029875     
  5.896355978758469E-002
   37.1000000000000       5.810901544283709E-002  0.306903679027988     
  5.902459866935238E-002
   37.1000000000000       5.810901544283709E-002  0.306903679027988     
  5.902459866935238E-002
   37.2000000000000       5.817005432460477E-002  0.306903679026415     
  5.908563755112006E-002
   37.2000000000000       5.817005432460477E-002  0.306903679026415     
  5.908563755112006E-002
   37.3000000000000       5.823109320637246E-002  0.306903679024892     
  5.914667643288775E-002
   37.3000000000000       5.823109320637246E-002  0.306903679024892     
  5.914667643288775E-002
   37.4000000000000       5.829213208814014E-002  0.306903679024052     
  5.920771531465543E-002
   37.4000000000000       5.829213208814014E-002  0.306903679024052     
  5.920771531465543E-002
   37.5000000000000       5.835317096990783E-002  0.306903679022703     
  5.926875419642312E-002
   37.5000000000000       5.835317096990783E-002  0.306903679022703     
  5.926875419642312E-002
   37.6000000000000       5.841420985167552E-002  0.306903679021739     
  5.932979307819081E-002
   37.6000000000000       5.841420985167552E-002  0.306903679021739     
  5.932979307819081E-002
   37.7000000000000       5.847524873344320E-002  0.306903679021193     
  5.939083195995849E-002
   37.7000000000000       5.847524873344320E-002  0.306903679021193     
  5.939083195995849E-002
   37.8000000000000       5.853628761521089E-002  0.306903679020684     
  5.945187084172618E-002
   37.8000000000000       5.853628761521089E-002  0.306903679020684     
  5.945187084172618E-002
   37.9000000000000       5.859732649697857E-002  0.306903679019347     
  5.951290972349386E-002
   37.9000000000000       5.859732649697857E-002  0.306903679019347     
  5.951290972349386E-002
   38.0000000000000       5.865836537874626E-002  0.306903679019277     
  5.957394860526155E-002
   38.0000000000000       5.865836537874626E-002  0.306903679019277     
  5.957394860526155E-002
   38.1000000000000       5.871940426051395E-002  0.306903679017339     
  5.963498748702924E-002
   38.1000000000000       5.871940426051395E-002  0.306903679017339     
  5.963498748702924E-002
   38.2000000000000       5.878044314228163E-002  0.306903679017040     
  5.969602636879692E-002
   38.2000000000000       5.878044314228163E-002  0.306903679017040     
  5.969602636879692E-002
   38.3000000000000       5.884148202404932E-002  0.306903679017110     
  5.975706525056461E-002
   38.3000000000000       5.884148202404932E-002  0.306903679017110     
  5.975706525056461E-002
   38.4000000000000       5.890252090581700E-002  0.306903679016949     
  5.981810413233229E-002
   38.4000000000000       5.890252090581700E-002  0.306903679016949     
  5.981810413233229E-002
   38.5000000000000       5.896355978758469E-002  0.306903679015993     
  5.987914301409998E-002
   38.5000000000000       5.896355978758469E-002  0.306903679015993     
  5.987914301409998E-002
   38.6000000000000       5.902459866935238E-002  0.306903679015570     
  5.994018189586767E-002
   38.6000000000000       5.902459866935238E-002  0.306903679015570     
  5.994018189586767E-002
   38.7000000000000       5.908563755112006E-002  0.306903679015091     
  6.000122077763535E-002
   38.7000000000000       5.908563755112006E-002  0.306903679015091     
  6.000122077763535E-002
   38.8000000000000       5.914667643288775E-002  0.306903679014963     
  6.006225965940304E-002
   38.8000000000000       5.914667643288775E-002  0.306903679014963     
  6.006225965940304E-002
   38.9000000000000       5.920771531465543E-002  0.306903679014809     
  6.012329854117072E-002
   38.9000000000000       5.920771531465543E-002  0.306903679014809     
  6.012329854117072E-002
   39.0000000000000       5.926875419642312E-002  0.306903679014782     
  6.018433742293841E-002
   39.0000000000000       5.926875419642312E-002  0.306903679014782     
  6.018433742293841E-002
   39.1000000000000       5.932979307819081E-002  0.306903679014422     
  6.024537630470610E-002
   39.1000000000000       5.932979307819081E-002  0.306903679014422     
  6.024537630470610E-002
   39.2000000000000       5.939083195995849E-002  0.306903679014255     
  6.030641518647378E-002
   39.2000000000000       5.939083195995849E-002  0.306903679014255     
  6.030641518647378E-002
   39.3000000000000       5.945187084172618E-002  0.306903679014174     
  6.036745406824147E-002
   39.3000000000000       5.945187084172618E-002  0.306903679014174     
  6.036745406824147E-002
   39.4000000000000       5.951290972349386E-002  0.306903679014467     
  6.042849295000915E-002
   39.4000000000000       5.951290972349386E-002  0.306903679014467     
  6.042849295000915E-002
   39.5000000000000       5.957394860526155E-002  0.306903679014026     
  6.048953183177684E-002
   39.5000000000000       5.957394860526155E-002  0.306903679014026     
  6.048953183177684E-002
   39.6000000000000       5.963498748702924E-002  0.306903679013756     
  6.055057071354453E-002
   39.6000000000000       5.963498748702924E-002  0.306903679013756     
  6.055057071354453E-002
   39.7000000000000       5.969602636879692E-002  0.306903679013729     
  6.061160959531221E-002
   39.7000000000000       5.969602636879692E-002  0.306903679013729     
  6.061160959531221E-002
   39.8000000000000       5.975706525056461E-002  0.306903679013978     
  6.067264847707990E-002
   39.8000000000000       5.975706525056461E-002  0.306903679013978     
  6.067264847707990E-002
   39.9000000000000       5.981810413233229E-002  0.306903679013458     
  6.073368735884759E-002
   39.9000000000000       5.981810413233229E-002  0.306903679013458     
  6.073368735884759E-002
   40.0000000000000       5.987914301409998E-002  0.306903679014188     
  6.079472624061527E-002
   40.0000000000000       5.987914301409998E-002  0.306903679014188     
  6.079472624061527E-002
