  0.100000000000000       0.000000000000000E+000  0.100000000000000     
  0.000000000000000E+000
  0.100000000000000       0.000000000000000E+000  0.100000000000000     
  0.000000000000000E+000
  0.200000000000000       0.000000000000000E+000  0.107782944379268     
  2.014406055426688E-002
  0.200000000000000       0.000000000000000E+000  0.107782944379268     
  2.014406055426688E-002
  0.300000000000000       0.000000000000000E+000  0.116150480178665     
  2.380661701867904E-002
  0.300000000000000       0.000000000000000E+000  0.116150480178665     
  2.380661701867904E-002
  0.400000000000000       0.000000000000000E+000  0.125142382071338     
  2.612623611280674E-002
  0.400000000000000       0.000000000000000E+000  0.125142382071338     
  2.612623611280674E-002
  0.500000000000000       0.000000000000000E+000  0.134800237834942     
  2.783542912953241E-002
  0.500000000000000       0.000000000000000E+000  0.134800237834942     
  2.783542912953241E-002
  0.600000000000000       0.000000000000000E+000  0.145167301216530     
  2.917836649981687E-002
  0.600000000000000       0.000000000000000E+000  0.145167301216530     
  2.917836649981687E-002
  0.700000000000000       0.000000000000000E+000  0.156288263166583     
  3.027713343914052E-002
  0.700000000000000       0.000000000000000E+000  0.156288263166583     
  3.027713343914052E-002
  0.800000000000000       0.000000000000000E+000  0.168208915762412     
  3.113172994750336E-002
  0.800000000000000       0.000000000000000E+000  0.168208915762412     
  3.113172994750336E-002
  0.900000000000000       0.000000000000000E+000  0.180975674984138     
  3.198632645586619E-002
  0.900000000000000       0.000000000000000E+000  0.180975674984138     
  3.198632645586619E-002
   1.00000000000000       0.000000000000000E+000  0.194634917415305     
  3.259675253326822E-002
   1.00000000000000       0.000000000000000E+000  0.194634917415305     
  3.259675253326822E-002
   1.10000000000000       0.000000000000000E+000  0.209232070663121     
  3.320717861067025E-002
   1.10000000000000       0.000000000000000E+000  0.209232070663121     
  3.320717861067025E-002
   1.20000000000000       0.000000000000000E+000  0.224810375920309     
  3.369551947259187E-002
   1.20000000000000       0.000000000000000E+000  0.224810375920309     
  3.369551947259187E-002
   1.30000000000000       0.000000000000000E+000  0.241409210583105     
  3.418386033451349E-002
   1.30000000000000       0.000000000000000E+000  0.241409210583105     
  3.418386033451349E-002
   1.40000000000000       0.000000000000000E+000  0.259061814180751     
  3.467220119643511E-002
   1.40000000000000       0.000000000000000E+000  0.259061814180751     
  3.467220119643511E-002
   1.50000000000000       0.000000000000000E+000  0.277792193409079     
  3.503845684287633E-002
   1.50000000000000       0.000000000000000E+000  0.277792193409079     
  3.503845684287633E-002
   1.60000000000000       0.000000000000000E+000  0.297610875874806     
  3.528262727383714E-002
   1.60000000000000       0.000000000000000E+000  0.297610875874806     
  3.528262727383714E-002
   1.70000000000000       0.000000000000000E+000  0.318509007696428     
  3.564888292027835E-002
   1.70000000000000       0.000000000000000E+000  0.318509007696428     
  3.564888292027835E-002
   1.80000000000000       0.000000000000000E+000  0.340449991089736     
  3.589305335123916E-002
   1.80000000000000       0.000000000000000E+000  0.340449991089736     
  3.589305335123916E-002
   1.90000000000000       0.000000000000000E+000  0.363357337689956     
  3.613722378219997E-002
   1.90000000000000       0.000000000000000E+000  0.363357337689956     
  3.613722378219997E-002
   2.00000000000000       0.000000000000000E+000  0.387096551111035     
  3.638139421316079E-002
   2.00000000000000       0.000000000000000E+000  0.387096551111035     
  3.638139421316079E-002
   2.10000000000000       0.000000000000000E+000  0.411447720020017     
  3.662556464412160E-002
   2.10000000000000       0.000000000000000E+000  0.411447720020017     
  3.662556464412160E-002
   2.20000000000000       0.000000000000000E+000  0.436065185185209     
  3.674764985960200E-002
   2.20000000000000       0.000000000000000E+000  0.436065185185209     
  3.674764985960200E-002
   2.30000000000000       0.000000000000000E+000  0.460424827689067     
  3.699182029056281E-002
   2.30000000000000       0.000000000000000E+000  0.460424827689067     
  3.699182029056281E-002
   2.40000000000000       0.000000000000000E+000  0.483774098345702     
  3.711390550604322E-002
   2.40000000000000       0.000000000000000E+000  0.483774098345702     
  3.711390550604322E-002
   2.50000000000000       0.000000000000000E+000  0.505123664225213     
  3.723599072152362E-002
   2.50000000000000       0.000000000000000E+000  0.505123664225213     
  3.723599072152362E-002
   2.60000000000000       0.000000000000000E+000  0.523330812839738     
  3.735807593700403E-002
   2.60000000000000       0.000000000000000E+000  0.523330812839738     
  3.735807593700403E-002
   2.70000000000000       0.000000000000000E+000  0.537297994652445     
  3.748016115248443E-002
   2.70000000000000       0.000000000000000E+000  0.537297994652445     
  3.748016115248443E-002
   2.80000000000000       0.000000000000000E+000  0.546258354096404     
  3.760224636796484E-002
   2.80000000000000       0.000000000000000E+000  0.546258354096404     
  3.760224636796484E-002
   2.90000000000000       0.000000000000000E+000  0.550065447201598     
  3.772433158344524E-002
   2.90000000000000       0.000000000000000E+000  0.550065447201598     
  3.772433158344524E-002
   3.00000000000000       0.000000000000000E+000  0.549324431389080     
  3.784641679892565E-002
   3.00000000000000       0.000000000000000E+000  0.549324431389080     
  3.784641679892565E-002
   3.10000000000000       0.000000000000000E+000  0.545191797887250     
  3.796850201440605E-002
   3.10000000000000       0.000000000000000E+000  0.545191797887250     
  3.796850201440605E-002
   3.20000000000000       0.000000000000000E+000  0.538925915015292     
  3.796850201440605E-002
   3.20000000000000       0.000000000000000E+000  0.538925915015292     
  3.796850201440605E-002
   3.30000000000000       0.000000000000000E+000  0.531525250782954     
  3.809058722988646E-002
   3.30000000000000       0.000000000000000E+000  0.531525250782954     
  3.809058722988646E-002
   3.40000000000000       0.000000000000000E+000  0.523632808130485     
  3.821267244536686E-002
   3.40000000000000       0.000000000000000E+000  0.523632808130485     
  3.821267244536686E-002
   3.50000000000000       3.186424124038579E-002  0.516606195207154     
  3.833475766084727E-002
   3.50000000000000       3.186424124038579E-002  0.516606195207154     
  3.833475766084727E-002
   3.60000000000000       3.442803076547430E-002  0.517980553987521     
  3.845684287632768E-002
   3.60000000000000       3.442803076547430E-002  0.517980553987521     
  3.845684287632768E-002
   3.70000000000000       3.577096813575876E-002  0.519212026576312     
  3.857892809180808E-002
   3.70000000000000       3.577096813575876E-002  0.519212026576312     
  3.857892809180808E-002
   3.80000000000000       3.625930899768038E-002  0.517482133275785     
  3.870101330728849E-002
   3.80000000000000       3.625930899768038E-002  0.517482133275785     
  3.870101330728849E-002
   3.90000000000000       3.699182029056281E-002  0.516175020020423     
  3.882309852276889E-002
   3.90000000000000       3.699182029056281E-002  0.516175020020423     
  3.882309852276889E-002
   4.00000000000000       3.723599072152362E-002  0.512549721603147     
  3.894518373824930E-002
   4.00000000000000       3.723599072152362E-002  0.512549721603147     
  3.894518373824930E-002
   4.10000000000000       3.735807593700403E-002  0.507055649730647     
  3.906726895372970E-002
   4.10000000000000       3.735807593700403E-002  0.507055649730647     
  3.906726895372970E-002
   4.20000000000000       3.748016115248443E-002  0.500798554673438     
  3.918935416921011E-002
   4.20000000000000       3.748016115248443E-002  0.500798554673438     
  3.918935416921011E-002
   4.30000000000000       3.772433158344524E-002  0.494050052016192     
  3.931143938469051E-002
   4.30000000000000       3.772433158344524E-002  0.494050052016192     
  3.931143938469051E-002
   4.40000000000000       3.784641679892565E-002  0.487013918089513     
  3.943352460017092E-002
   4.40000000000000       3.784641679892565E-002  0.487013918089513     
  3.943352460017092E-002
   4.50000000000000       3.796850201440605E-002  0.479844562354825     
  3.955560981565132E-002
   4.50000000000000       3.796850201440605E-002  0.479844562354825     
  3.955560981565132E-002
   4.60000000000000       3.809058722988646E-002  0.472664168055515     
  3.967769503113173E-002
   4.60000000000000       3.809058722988646E-002  0.472664168055515     
  3.967769503113173E-002
   4.70000000000000       3.821267244536686E-002  0.465568805658423     
  3.979978024661213E-002
   4.70000000000000       3.821267244536686E-002  0.465568805658423     
  3.979978024661213E-002
   4.80000000000000       3.833475766084727E-002  0.458633266888559     
  3.992186546209254E-002
   4.80000000000000       3.833475766084727E-002  0.458633266888559     
  3.992186546209254E-002
   4.90000000000000       3.845684287632768E-002  0.451915924128627     
  4.004395067757294E-002
   4.90000000000000       3.845684287632768E-002  0.451915924128627     
  4.004395067757294E-002
   5.00000000000000       3.857892809180808E-002  0.445459267783265     
  4.016603589305335E-002
   5.00000000000000       3.857892809180808E-002  0.445459267783265     
  4.016603589305335E-002
   5.10000000000000       3.870101330728849E-002  0.439294152755912     
  4.028812110853375E-002
   5.10000000000000       3.870101330728849E-002  0.439294152755912     
  4.028812110853375E-002
   5.20000000000000       3.882309852276889E-002  0.433441870329282     
  4.041020632401416E-002
   5.20000000000000       3.882309852276889E-002  0.433441870329282     
  4.041020632401416E-002
   5.30000000000000       3.894518373824930E-002  0.427912228597030     
  4.053229153949457E-002
   5.30000000000000       3.894518373824930E-002  0.427912228597030     
  4.053229153949457E-002
   5.40000000000000       3.906726895372970E-002  0.422706005572628     
  4.065437675497497E-002
   5.40000000000000       3.906726895372970E-002  0.422706005572628     
  4.065437675497497E-002
   5.50000000000000       3.918935416921011E-002  0.417815592873152     
  4.077646197045538E-002
   5.50000000000000       3.918935416921011E-002  0.417815592873152     
  4.077646197045538E-002
   5.60000000000000       3.931143938469051E-002  0.413230364511746     
  4.089854718593578E-002
   5.60000000000000       3.931143938469051E-002  0.413230364511746     
  4.089854718593578E-002
   5.70000000000000       3.943352460017092E-002  0.408934570334649     
  4.102063240141619E-002
   5.70000000000000       3.943352460017092E-002  0.408934570334649     
  4.102063240141619E-002
   5.80000000000000       3.955560981565132E-002  0.404908726192598     
  4.114271761689659E-002
   5.80000000000000       3.955560981565132E-002  0.404908726192598     
  4.114271761689659E-002
   5.90000000000000       3.967769503113173E-002  0.401131517226560     
  4.126480283237700E-002
   5.90000000000000       3.967769503113173E-002  0.401131517226560     
  4.126480283237700E-002
   6.00000000000000       3.979978024661213E-002  0.397581852340700     
  4.138688804785740E-002
   6.00000000000000       3.979978024661213E-002  0.397581852340700     
  4.138688804785740E-002
   6.10000000000000       3.992186546209254E-002  0.394240592091675     
  4.150897326333781E-002
   6.10000000000000       3.992186546209254E-002  0.394240592091675     
  4.150897326333781E-002
   6.20000000000000       4.004395067757294E-002  0.391091527421082     
  4.163105847881821E-002
   6.20000000000000       4.004395067757294E-002  0.391091527421082     
  4.163105847881821E-002
   6.30000000000000       4.016603589305335E-002  0.388121487520370     
  4.175314369429862E-002
   6.30000000000000       4.016603589305335E-002  0.388121487520370     
  4.175314369429862E-002
   6.40000000000000       4.028812110853375E-002  0.385319834955893     
  4.187522890977902E-002
   6.40000000000000       4.028812110853375E-002  0.385319834955893     
  4.187522890977902E-002
   6.50000000000000       4.028812110853375E-002  0.382678959946879     
  4.199731412525943E-002
   6.50000000000000       4.028812110853375E-002  0.382678959946879     
  4.199731412525943E-002
   6.60000000000000       4.041020632401416E-002  0.380197053679167     
  4.211939934073983E-002
   6.60000000000000       4.041020632401416E-002  0.380197053679167     
  4.211939934073983E-002
   6.70000000000000       4.053229153949457E-002  0.377860771167893     
  4.224148455622024E-002
   6.70000000000000       4.053229153949457E-002  0.377860771167893     
  4.224148455622024E-002
   6.80000000000000       4.065437675497497E-002  0.375663617401830     
  4.236356977170064E-002
   6.80000000000000       4.065437675497497E-002  0.375663617401830     
  4.236356977170064E-002
   6.90000000000000       4.077646197045538E-002  0.373599357563365     
  4.248565498718105E-002
   6.90000000000000       4.077646197045538E-002  0.373599357563365     
  4.248565498718105E-002
   7.00000000000000       4.089854718593578E-002  0.371661940703353     
  4.260774020266146E-002
   7.00000000000000       4.089854718593578E-002  0.371661940703353     
  4.260774020266146E-002
   7.10000000000000       4.102063240141619E-002  0.369845468360617     
  4.272982541814186E-002
   7.10000000000000       4.102063240141619E-002  0.369845468360617     
  4.272982541814186E-002
   7.20000000000000       4.114271761689659E-002  0.368144186832472     
  4.285191063362227E-002
   7.20000000000000       4.114271761689659E-002  0.368144186832472     
  4.285191063362227E-002
   7.30000000000000       4.126480283237700E-002  0.366552490640572     
  4.297399584910267E-002
   7.30000000000000       4.126480283237700E-002  0.366552490640572     
  4.297399584910267E-002
   7.40000000000000       4.138688804785740E-002  0.365064930263717     
  4.309608106458308E-002
   7.40000000000000       4.138688804785740E-002  0.365064930263717     
  4.309608106458308E-002
   7.50000000000000       4.150897326333781E-002  0.363676220503734     
  4.321816628006348E-002
   7.50000000000000       4.150897326333781E-002  0.363676220503734     
  4.321816628006348E-002
   7.60000000000000       4.163105847881821E-002  0.362381247726103     
  4.334025149554389E-002
   7.60000000000000       4.163105847881821E-002  0.362381247726103     
  4.334025149554389E-002
   7.70000000000000       4.175314369429862E-002  0.361175075174067     
  4.346233671102429E-002
   7.70000000000000       4.175314369429862E-002  0.361175075174067     
  4.346233671102429E-002
   7.80000000000000       4.187522890977902E-002  0.360052946252997     
  4.358442192650470E-002
   7.80000000000000       4.187522890977902E-002  0.360052946252997     
  4.358442192650470E-002
   7.90000000000000       4.199731412525943E-002  0.359010285789382     
  4.370650714198510E-002
   7.90000000000000       4.199731412525943E-002  0.359010285789382     
  4.370650714198510E-002
   8.00000000000000       4.211939934073983E-002  0.358042699564830     
  4.382859235746551E-002
   8.00000000000000       4.211939934073983E-002  0.358042699564830     
  4.382859235746551E-002
   8.10000000000000       4.224148455622024E-002  0.357145972416464     
  4.395067757294591E-002
   8.10000000000000       4.224148455622024E-002  0.357145972416464     
  4.395067757294591E-002
   8.20000000000000       4.236356977170064E-002  0.356316065228643     
  4.407276278842632E-002
   8.20000000000000       4.236356977170064E-002  0.356316065228643     
  4.407276278842632E-002
   8.30000000000000       4.236356977170064E-002  0.355555544706165     
  4.419484800390672E-002
   8.30000000000000       4.236356977170064E-002  0.355555544706165     
  4.419484800390672E-002
   8.40000000000000       4.248565498718105E-002  0.354856696845176     
  4.431693321938713E-002
   8.40000000000000       4.248565498718105E-002  0.354856696845176     
  4.431693321938713E-002
   8.50000000000000       4.260774020266146E-002  0.354213414054641     
  4.443901843486753E-002
   8.50000000000000       4.260774020266146E-002  0.354213414054641     
  4.443901843486753E-002
   8.60000000000000       4.272982541814186E-002  0.353622286591835     
  4.456110365034794E-002
   8.60000000000000       4.272982541814186E-002  0.353622286591835     
  4.456110365034794E-002
   8.70000000000000       4.285191063362227E-002  0.353080062043786     
  4.468318886582835E-002
   8.70000000000000       4.285191063362227E-002  0.353080062043786     
  4.468318886582835E-002
   8.80000000000000       4.297399584910267E-002  0.352583640520882     
  4.480527408130875E-002
   8.80000000000000       4.297399584910267E-002  0.352583640520882     
  4.480527408130875E-002
   8.90000000000000       4.309608106458308E-002  0.352130069886155     
  4.492735929678916E-002
   8.90000000000000       4.309608106458308E-002  0.352130069886155     
  4.492735929678916E-002
   9.00000000000000       4.321816628006348E-002  0.351716541035598     
  4.504944451226956E-002
   9.00000000000000       4.321816628006348E-002  0.351716541035598     
  4.504944451226956E-002
   9.10000000000000       4.334025149554389E-002  0.351340383203225     
  4.517152972774997E-002
   9.10000000000000       4.334025149554389E-002  0.351340383203225     
  4.517152972774997E-002
   9.20000000000000       4.346233671102429E-002  0.350999059325345     
  4.529361494323037E-002
   9.20000000000000       4.346233671102429E-002  0.350999059325345     
  4.529361494323037E-002
   9.30000000000000       4.358442192650470E-002  0.350690161423450     
  4.541570015871078E-002
   9.30000000000000       4.358442192650470E-002  0.350690161423450     
  4.541570015871078E-002
   9.40000000000000       4.370650714198510E-002  0.350411406024469     
  4.553778537419118E-002
   9.40000000000000       4.370650714198510E-002  0.350411406024469     
  4.553778537419118E-002
   9.50000000000000       4.382859235746551E-002  0.350160629623337     
  4.565987058967159E-002
   9.50000000000000       4.382859235746551E-002  0.350160629623337     
  4.565987058967159E-002
   9.60000000000000       4.395067757294591E-002  0.349935784192179     
  4.578195580515199E-002
   9.60000000000000       4.395067757294591E-002  0.349935784192179     
  4.578195580515199E-002
   9.70000000000000       4.407276278842632E-002  0.349734932751304     
  4.590404102063240E-002
   9.70000000000000       4.407276278842632E-002  0.349734932751304     
  4.590404102063240E-002
   9.80000000000000       4.419484800390672E-002  0.349556245014280     
  4.602612623611280E-002
   9.80000000000000       4.419484800390672E-002  0.349556245014280     
  4.602612623611280E-002
   9.90000000000000       4.431693321938713E-002  0.349397993118845     
  4.614821145159321E-002
   9.90000000000000       4.431693321938713E-002  0.349397993118845     
  4.614821145159321E-002
   10.0000000000000       4.443901843486753E-002  0.349258547460226     
  4.627029666707361E-002
   10.0000000000000       4.443901843486753E-002  0.349258547460226     
  4.627029666707361E-002
   10.1000000000000       4.456110365034794E-002  0.349136372631801     
  4.639238188255402E-002
   10.1000000000000       4.456110365034794E-002  0.349136372631801     
  4.639238188255402E-002
   10.2000000000000       4.468318886582835E-002  0.349030023485594     
  4.651446709803442E-002
   10.2000000000000       4.468318886582835E-002  0.349030023485594     
  4.651446709803442E-002
   10.3000000000000       4.480527408130875E-002  0.348938141319436     
  4.663655231351483E-002
   10.3000000000000       4.480527408130875E-002  0.348938141319436     
  4.663655231351483E-002
   10.4000000000000       4.492735929678916E-002  0.348859450184591     
  4.675863752899524E-002
   10.4000000000000       4.492735929678916E-002  0.348859450184591     
  4.675863752899524E-002
   10.5000000000000       4.504944451226956E-002  0.348792753325158     
  4.688072274447565E-002
   10.5000000000000       4.504944451226956E-002  0.348792753325158     
  4.688072274447565E-002
   10.6000000000000       4.517152972774997E-002  0.348736929746459     
  4.700280795995605E-002
   10.6000000000000       4.517152972774997E-002  0.348736929746459     
  4.700280795995605E-002
   10.7000000000000       4.529361494323037E-002  0.348690930901717     
  4.712489317543646E-002
   10.7000000000000       4.529361494323037E-002  0.348690930901717     
  4.712489317543646E-002
   10.8000000000000       4.541570015871078E-002  0.348653777497071     
  4.724697839091686E-002
   10.8000000000000       4.541570015871078E-002  0.348653777497071     
  4.724697839091686E-002
   10.9000000000000       4.553778537419118E-002  0.348624556416573     
  4.736906360639727E-002
   10.9000000000000       4.553778537419118E-002  0.348624556416573     
  4.736906360639727E-002
   11.0000000000000       4.565987058967159E-002  0.348602417744727     
  4.749114882187767E-002
   11.0000000000000       4.565987058967159E-002  0.348602417744727     
  4.749114882187767E-002
   11.1000000000000       4.578195580515199E-002  0.348586571892722     
  4.761323403735808E-002
   11.1000000000000       4.578195580515199E-002  0.348586571892722     
  4.761323403735808E-002
   11.2000000000000       4.590404102063240E-002  0.348576286821251     
  4.773531925283848E-002
   11.2000000000000       4.590404102063240E-002  0.348576286821251     
  4.773531925283848E-002
   11.3000000000000       4.602612623611280E-002  0.348570885337840     
  4.785740446831889E-002
   11.3000000000000       4.602612623611280E-002  0.348570885337840     
  4.785740446831889E-002
   11.4000000000000       4.614821145159321E-002  0.348569742483953     
  4.797948968379930E-002
   11.4000000000000       4.614821145159321E-002  0.348569742483953     
  4.797948968379930E-002
   11.5000000000000       4.627029666707361E-002  0.348572282992089     
  4.810157489927970E-002
   11.5000000000000       4.627029666707361E-002  0.348572282992089     
  4.810157489927970E-002
   11.6000000000000       4.639238188255402E-002  0.348577978806632     
  4.822366011476011E-002
   11.6000000000000       4.639238188255402E-002  0.348577978806632     
  4.822366011476011E-002
   11.7000000000000       4.651446709803442E-002  0.348586346674943     
  4.834574533024051E-002
   11.7000000000000       4.651446709803442E-002  0.348586346674943     
  4.834574533024051E-002
   11.8000000000000       4.663655231351483E-002  0.348596945793146     
  4.846783054572092E-002
   11.8000000000000       4.663655231351483E-002  0.348596945793146     
  4.846783054572092E-002
   11.9000000000000       4.675863752899524E-002  0.348609375514275     
  4.858991576120132E-002
   11.9000000000000       4.675863752899524E-002  0.348609375514275     
  4.858991576120132E-002
   12.0000000000000       4.688072274447565E-002  0.348623273102576     
  4.871200097668173E-002
   12.0000000000000       4.688072274447565E-002  0.348623273102576     
  4.871200097668173E-002
   12.1000000000000       4.700280795995605E-002  0.348638311553546     
  4.883408619216213E-002
   12.1000000000000       4.700280795995605E-002  0.348638311553546     
  4.883408619216213E-002
   12.2000000000000       4.712489317543646E-002  0.348654197459655     
  4.895617140764254E-002
   12.2000000000000       4.712489317543646E-002  0.348654197459655     
  4.895617140764254E-002
   12.3000000000000       4.724697839091686E-002  0.348670668931728     
  4.907825662312294E-002
   12.3000000000000       4.724697839091686E-002  0.348670668931728     
  4.907825662312294E-002
   12.4000000000000       4.736906360639727E-002  0.348687493576528     
  4.920034183860335E-002
   12.4000000000000       4.736906360639727E-002  0.348687493576528     
  4.920034183860335E-002
   12.5000000000000       4.749114882187767E-002  0.348704466528977     
  4.932242705408375E-002
   12.5000000000000       4.749114882187767E-002  0.348704466528977     
  4.932242705408375E-002
   12.6000000000000       4.761323403735808E-002  0.348721408543116     
  4.944451226956416E-002
   12.6000000000000       4.761323403735808E-002  0.348721408543116     
  4.944451226956416E-002
   12.7000000000000       4.773531925283848E-002  0.348738164139831     
  4.956659748504456E-002
   12.7000000000000       4.773531925283848E-002  0.348738164139831     
  4.956659748504456E-002
   12.8000000000000       4.785740446831889E-002  0.348754599819618     
  4.968868270052497E-002
   12.8000000000000       4.785740446831889E-002  0.348754599819618     
  4.968868270052497E-002
   12.9000000000000       4.797948968379930E-002  0.348770602335767     
  4.981076791600537E-002
   12.9000000000000       4.797948968379930E-002  0.348770602335767     
  4.981076791600537E-002
   13.0000000000000       4.810157489927970E-002  0.348786077035358     
  4.993285313148578E-002
   13.0000000000000       4.810157489927970E-002  0.348786077035358     
  4.993285313148578E-002
   13.1000000000000       4.822366011476011E-002  0.348800946263787     
  5.005493834696619E-002
   13.1000000000000       4.822366011476011E-002  0.348800946263787     
  5.005493834696619E-002
   13.2000000000000       4.834574533024051E-002  0.348815147842506     
  5.017702356244659E-002
   13.2000000000000       4.834574533024051E-002  0.348815147842506     
  5.017702356244659E-002
   13.3000000000000       4.846783054572092E-002  0.348828633615261     
  5.029910877792700E-002
   13.3000000000000       4.846783054572092E-002  0.348828633615261     
  5.029910877792700E-002
   13.4000000000000       4.858991576120132E-002  0.348841368063877     
  5.042119399340740E-002
   13.4000000000000       4.858991576120132E-002  0.348841368063877     
  5.042119399340740E-002
   13.5000000000000       4.871200097668173E-002  0.348853327000635     
  5.054327920888781E-002
   13.5000000000000       4.871200097668173E-002  0.348853327000635     
  5.054327920888781E-002
   13.6000000000000       4.883408619216213E-002  0.348864496329046     
  5.066536442436821E-002
   13.6000000000000       4.883408619216213E-002  0.348864496329046     
  5.066536442436821E-002
   13.7000000000000       4.895617140764254E-002  0.348874870880722     
  5.078744963984862E-002
   13.7000000000000       4.895617140764254E-002  0.348874870880722     
  5.078744963984862E-002
   13.8000000000000       4.907825662312294E-002  0.348884453323303     
  5.090953485532902E-002
   13.8000000000000       4.907825662312294E-002  0.348884453323303     
  5.090953485532902E-002
   13.9000000000000       4.920034183860335E-002  0.348893253142125     
  5.103162007080943E-002
   13.9000000000000       4.920034183860335E-002  0.348893253142125     
  5.103162007080943E-002
   14.0000000000000       4.932242705408375E-002  0.348901285687826     
  5.115370528628983E-002
   14.0000000000000       4.932242705408375E-002  0.348901285687826     
  5.115370528628983E-002
   14.1000000000000       4.944451226956416E-002  0.348908571303474     
  5.127579050177024E-002
   14.1000000000000       4.944451226956416E-002  0.348908571303474     
  5.127579050177024E-002
   14.2000000000000       4.956659748504456E-002  0.348915134509915     
  5.139787571725064E-002
   14.2000000000000       4.956659748504456E-002  0.348915134509915     
  5.139787571725064E-002
   14.3000000000000       4.968868270052497E-002  0.348921003262566     
  5.151996093273105E-002
   14.3000000000000       4.968868270052497E-002  0.348921003262566     
  5.151996093273105E-002
   14.4000000000000       4.981076791600537E-002  0.348926208271932     
  5.164204614821145E-002
   14.4000000000000       4.981076791600537E-002  0.348926208271932     
  5.164204614821145E-002
   14.5000000000000       4.993285313148578E-002  0.348930782386039     
  5.176413136369186E-002
   14.5000000000000       4.993285313148578E-002  0.348930782386039     
  5.176413136369186E-002
   14.6000000000000       5.005493834696619E-002  0.348934760031634     
  5.188621657917226E-002
   14.6000000000000       5.005493834696619E-002  0.348934760031634     
  5.188621657917226E-002
   14.7000000000000       5.017702356244659E-002  0.348938176709911     
  5.200830179465267E-002
   14.7000000000000       5.017702356244659E-002  0.348938176709911     
  5.200830179465267E-002
   14.8000000000000       5.029910877792700E-002  0.348941068551029     
  5.213038701013308E-002
   14.8000000000000       5.029910877792700E-002  0.348941068551029     
  5.213038701013308E-002
   14.9000000000000       5.042119399340740E-002  0.348943471915714     
  5.225247222561348E-002
   14.9000000000000       5.042119399340740E-002  0.348943471915714     
  5.225247222561348E-002
   15.0000000000000       5.054327920888781E-002  0.348945423044076     
  5.237455744109389E-002
   15.0000000000000       5.054327920888781E-002  0.348945423044076     
  5.237455744109389E-002
   15.1000000000000       5.066536442436821E-002  0.348946957753555     
  5.249664265657429E-002
   15.1000000000000       5.066536442436821E-002  0.348946957753555     
  5.249664265657429E-002
   15.2000000000000       5.078744963984862E-002  0.348948111174891     
  5.261872787205470E-002
   15.2000000000000       5.078744963984862E-002  0.348948111174891     
  5.261872787205470E-002
   15.3000000000000       5.090953485532902E-002  0.348948917527783     
  5.274081308753510E-002
   15.3000000000000       5.090953485532902E-002  0.348948917527783     
  5.274081308753510E-002
   15.4000000000000       5.103162007080943E-002  0.348949409932930     
  5.286289830301551E-002
   15.4000000000000       5.103162007080943E-002  0.348949409932930     
  5.286289830301551E-002
   15.5000000000000       5.115370528628983E-002  0.348949620260223     
  5.298498351849591E-002
   15.5000000000000       5.115370528628983E-002  0.348949620260223     
  5.298498351849591E-002
   15.6000000000000       5.127579050177024E-002  0.348949578999537     
  5.310706873397632E-002
   15.6000000000000       5.127579050177024E-002  0.348949578999537     
  5.310706873397632E-002
   15.7000000000000       5.139787571725064E-002  0.348949315167260     
  5.322915394945672E-002
   15.7000000000000       5.139787571725064E-002  0.348949315167260     
  5.322915394945672E-002
   15.8000000000000       5.151996093273105E-002  0.348948856234060     
  5.335123916493713E-002
   15.8000000000000       5.151996093273105E-002  0.348948856234060     
  5.335123916493713E-002
   15.9000000000000       5.164204614821145E-002  0.348948228073820     
  5.347332438041753E-002
   15.9000000000000       5.164204614821145E-002  0.348948228073820     
  5.347332438041753E-002
   16.0000000000000       5.176413136369186E-002  0.348947454933393     
  5.359540959589794E-002
   16.0000000000000       5.176413136369186E-002  0.348947454933393     
  5.359540959589794E-002
   16.1000000000000       5.188621657917226E-002  0.348946559425092     
  5.371749481137834E-002
   16.1000000000000       5.188621657917226E-002  0.348946559425092     
  5.371749481137834E-002
   16.2000000000000       5.200830179465267E-002  0.348945562526405     
  5.383958002685875E-002
   16.2000000000000       5.200830179465267E-002  0.348945562526405     
  5.383958002685875E-002
   16.3000000000000       5.213038701013308E-002  0.348944483599808     
  5.396166524233915E-002
   16.3000000000000       5.213038701013308E-002  0.348944483599808     
  5.396166524233915E-002
   16.4000000000000       5.225247222561348E-002  0.348943340420170     
  5.408375045781956E-002
   16.4000000000000       5.225247222561348E-002  0.348943340420170     
  5.408375045781956E-002
   16.5000000000000       5.237455744109389E-002  0.348942149218227     
  5.420583567329997E-002
   16.5000000000000       5.237455744109389E-002  0.348942149218227     
  5.420583567329997E-002
   16.6000000000000       5.249664265657429E-002  0.348940924723005     
  5.432792088878037E-002
   16.6000000000000       5.249664265657429E-002  0.348940924723005     
  5.432792088878037E-002
   16.7000000000000       5.261872787205470E-002  0.348939680222372     
  5.445000610426078E-002
   16.7000000000000       5.261872787205470E-002  0.348939680222372     
  5.445000610426078E-002
   16.8000000000000       5.274081308753510E-002  0.348938427620821     
  5.457209131974118E-002
   16.8000000000000       5.274081308753510E-002  0.348938427620821     
  5.457209131974118E-002
   16.9000000000000       5.286289830301551E-002  0.348937177503793     
  5.469417653522159E-002
   16.9000000000000       5.286289830301551E-002  0.348937177503793     
  5.469417653522159E-002
   17.0000000000000       5.298498351849591E-002  0.348935939207888     
  5.481626175070199E-002
   17.0000000000000       5.298498351849591E-002  0.348935939207888     
  5.481626175070199E-002
   17.1000000000000       5.310706873397632E-002  0.348934720891408     
  5.493834696618240E-002
   17.1000000000000       5.310706873397632E-002  0.348934720891408     
  5.493834696618240E-002
   17.2000000000000       5.322915394945672E-002  0.348933529606165     
  5.506043218166280E-002
   17.2000000000000       5.322915394945672E-002  0.348933529606165     
  5.506043218166280E-002
   17.3000000000000       5.335123916493713E-002  0.348932371369519     
  5.518251739714321E-002
   17.3000000000000       5.335123916493713E-002  0.348932371369519     
  5.518251739714321E-002
   17.4000000000000       5.347332438041753E-002  0.348931251236379     
  5.530460261262361E-002
   17.4000000000000       5.347332438041753E-002  0.348931251236379     
  5.530460261262361E-002
   17.5000000000000       5.359540959589794E-002  0.348930173375855     
  5.542668782810402E-002
   17.5000000000000       5.359540959589794E-002  0.348930173375855     
  5.542668782810402E-002
   17.6000000000000       5.371749481137834E-002  0.348929141136815     
  5.554877304358442E-002
   17.6000000000000       5.371749481137834E-002  0.348929141136815     
  5.554877304358442E-002
   17.7000000000000       5.383958002685875E-002  0.348928157119365     
  5.567085825906483E-002
   17.7000000000000       5.383958002685875E-002  0.348928157119365     
  5.567085825906483E-002
   17.8000000000000       5.396166524233915E-002  0.348927223241489     
  5.579294347454523E-002
   17.8000000000000       5.396166524233915E-002  0.348927223241489     
  5.579294347454523E-002
   17.9000000000000       5.408375045781956E-002  0.348926340804325     
  5.591502869002564E-002
   17.9000000000000       5.408375045781956E-002  0.348926340804325     
  5.591502869002564E-002
   18.0000000000000       5.420583567329997E-002  0.348925510553279     
  5.603711390550604E-002
   18.0000000000000       5.420583567329997E-002  0.348925510553279     
  5.603711390550604E-002
   18.1000000000000       5.432792088878037E-002  0.348924732738151     
  5.615919912098645E-002
   18.1000000000000       5.432792088878037E-002  0.348924732738151     
  5.615919912098645E-002
   18.2000000000000       5.445000610426078E-002  0.348924007169534     
  5.628128433646686E-002
   18.2000000000000       5.445000610426078E-002  0.348924007169534     
  5.628128433646686E-002
   18.3000000000000       5.457209131974118E-002  0.348923333270816     
  5.640336955194726E-002
   18.3000000000000       5.457209131974118E-002  0.348923333270816     
  5.640336955194726E-002
   18.4000000000000       5.469417653522159E-002  0.348922710130022     
  5.652545476742767E-002
   18.4000000000000       5.469417653522159E-002  0.348922710130022     
  5.652545476742767E-002
   18.5000000000000       5.481626175070199E-002  0.348922136544308     
  5.664753998290807E-002
   18.5000000000000       5.481626175070199E-002  0.348922136544308     
  5.664753998290807E-002
   18.6000000000000       5.493834696618240E-002  0.348921611065808     
  5.676962519838848E-002
   18.6000000000000       5.493834696618240E-002  0.348921611065808     
  5.676962519838848E-002
   18.7000000000000       5.506043218166280E-002  0.348921132041876     
  5.689171041386888E-002
   18.7000000000000       5.506043218166280E-002  0.348921132041876     
  5.689171041386888E-002
   18.8000000000000       5.518251739714321E-002  0.348920697650375     
  5.701379562934929E-002
   18.8000000000000       5.518251739714321E-002  0.348920697650375     
  5.701379562934929E-002
   18.9000000000000       5.530460261262361E-002  0.348920305936491     
  5.713588084482969E-002
   18.9000000000000       5.530460261262361E-002  0.348920305936491     
  5.713588084482969E-002
   19.0000000000000       5.542668782810402E-002  0.348919954841910     
  5.725796606031010E-002
   19.0000000000000       5.542668782810402E-002  0.348919954841910     
  5.725796606031010E-002
   19.1000000000000       5.554877304358442E-002  0.348919642234532     
  5.738005127579050E-002
   19.1000000000000       5.554877304358442E-002  0.348919642234532     
  5.738005127579050E-002
   19.2000000000000       5.567085825906483E-002  0.348919365934463     
  5.750213649127091E-002
   19.2000000000000       5.567085825906483E-002  0.348919365934463     
  5.750213649127091E-002
   19.3000000000000       5.579294347454523E-002  0.348919123734310     
  5.762422170675131E-002
   19.3000000000000       5.579294347454523E-002  0.348919123734310     
  5.762422170675131E-002
   19.4000000000000       5.591502869002564E-002  0.348918913424040     
  5.774630692223172E-002
   19.4000000000000       5.591502869002564E-002  0.348918913424040     
  5.774630692223172E-002
   19.5000000000000       5.603711390550604E-002  0.348918732804838     
  5.786839213771212E-002
   19.5000000000000       5.603711390550604E-002  0.348918732804838     
  5.786839213771212E-002
   19.6000000000000       5.615919912098645E-002  0.348918579708017     
  5.799047735319253E-002
   19.6000000000000       5.615919912098645E-002  0.348918579708017     
  5.799047735319253E-002
   19.7000000000000       5.628128433646686E-002  0.348918452005836     
  5.811256256867293E-002
   19.7000000000000       5.628128433646686E-002  0.348918452005836     
  5.811256256867293E-002
   19.8000000000000       5.640336955194726E-002  0.348918347626451     
  5.823464778415334E-002
   19.8000000000000       5.640336955194726E-002  0.348918347626451     
  5.823464778415334E-002
   19.9000000000000       5.652545476742767E-002  0.348918264561955     
  5.835673299963375E-002
   19.9000000000000       5.652545476742767E-002  0.348918264561955     
  5.835673299963375E-002
   20.0000000000000       5.664753998290807E-002  0.348918200876568     
  5.847881821511415E-002
   20.0000000000000       5.664753998290807E-002  0.348918200876568     
  5.847881821511415E-002
   20.1000000000000       5.676962519838848E-002  0.348918154714444     
  5.860090343059456E-002
   20.1000000000000       5.676962519838848E-002  0.348918154714444     
  5.860090343059456E-002
   20.2000000000000       5.689171041386888E-002  0.348918124303202     
  5.872298864607496E-002
   20.2000000000000       5.689171041386888E-002  0.348918124303202     
  5.872298864607496E-002
   20.3000000000000       5.701379562934929E-002  0.348918107959415     
  5.884507386155537E-002
   20.3000000000000       5.701379562934929E-002  0.348918107959415     
  5.884507386155537E-002
   20.4000000000000       5.713588084482969E-002  0.348918104091931     
  5.896715907703577E-002
   20.4000000000000       5.713588084482969E-002  0.348918104091931     
  5.896715907703577E-002
   20.5000000000000       5.725796606031010E-002  0.348918111199879     
  5.908924429251618E-002
   20.5000000000000       5.725796606031010E-002  0.348918111199879     
  5.908924429251618E-002
   20.6000000000000       5.738005127579050E-002  0.348918127878911     
  5.921132950799658E-002
   20.6000000000000       5.738005127579050E-002  0.348918127878911     
  5.921132950799658E-002
   20.7000000000000       5.750213649127091E-002  0.348918152816901     
  5.933341472347699E-002
   20.7000000000000       5.750213649127091E-002  0.348918152816901     
  5.933341472347699E-002
   20.8000000000000       5.762422170675131E-002  0.348918184795328     
  5.945549993895739E-002
   20.8000000000000       5.762422170675131E-002  0.348918184795328     
  5.945549993895739E-002
   20.9000000000000       5.774630692223172E-002  0.348918222686108     
  5.957758515443780E-002
   20.9000000000000       5.774630692223172E-002  0.348918222686108     
  5.957758515443780E-002
   21.0000000000000       5.786839213771212E-002  0.348918265451894     
  5.969967036991820E-002
   21.0000000000000       5.786839213771212E-002  0.348918265451894     
  5.969967036991820E-002
   21.1000000000000       5.799047735319253E-002  0.348918312141119     
  5.982175558539861E-002
   21.1000000000000       5.799047735319253E-002  0.348918312141119     
  5.982175558539861E-002
   21.2000000000000       5.811256256867293E-002  0.348918361886569     
  5.994384080087901E-002
   21.2000000000000       5.811256256867293E-002  0.348918361886569     
  5.994384080087901E-002
   21.3000000000000       5.823464778415334E-002  0.348918413903045     
  6.006592601635942E-002
   21.3000000000000       5.823464778415334E-002  0.348918413903045     
  6.006592601635942E-002
   21.4000000000000       5.835673299963375E-002  0.348918467481259     
  6.018801123183982E-002
   21.4000000000000       5.835673299963375E-002  0.348918467481259     
  6.018801123183982E-002
   21.5000000000000       5.847881821511415E-002  0.348918521986053     
  6.031009644732023E-002
   21.5000000000000       5.847881821511415E-002  0.348918521986053     
  6.031009644732023E-002
   21.6000000000000       5.860090343059456E-002  0.348918576853210     
  6.043218166280064E-002
   21.6000000000000       5.860090343059456E-002  0.348918576853210     
  6.043218166280064E-002
   21.7000000000000       5.872298864607496E-002  0.348918631583577     
  6.055426687828104E-002
   21.7000000000000       5.872298864607496E-002  0.348918631583577     
  6.055426687828104E-002
   21.8000000000000       5.884507386155537E-002  0.348918685739673     
  6.067635209376145E-002
   21.8000000000000       5.884507386155537E-002  0.348918685739673     
  6.067635209376145E-002
   21.9000000000000       5.896715907703577E-002  0.348918738943927     
  6.079843730924185E-002
   21.9000000000000       5.896715907703577E-002  0.348918738943927     
  6.079843730924185E-002
   22.0000000000000       5.908924429251618E-002  0.348918790871232     
  6.092052252472226E-002
   22.0000000000000       5.908924429251618E-002  0.348918790871232     
  6.092052252472226E-002
   22.1000000000000       5.921132950799658E-002  0.348918841245129     
  6.104260774020266E-002
   22.1000000000000       5.921132950799658E-002  0.348918841245129     
  6.104260774020266E-002
   22.2000000000000       5.933341472347699E-002  0.348918889839516     
  6.116469295568307E-002
   22.2000000000000       5.933341472347699E-002  0.348918889839516     
  6.116469295568307E-002
   22.3000000000000       5.945549993895739E-002  0.348918936468089     
  6.128677817116347E-002
   22.3000000000000       5.945549993895739E-002  0.348918936468089     
  6.128677817116347E-002
   22.4000000000000       5.957758515443780E-002  0.348918980983359     
  6.140886338664388E-002
   22.4000000000000       5.957758515443780E-002  0.348918980983359     
  6.140886338664388E-002
   22.5000000000000       5.969967036991820E-002  0.348919023274798     
  6.153094860212428E-002
   22.5000000000000       5.969967036991820E-002  0.348919023274798     
  6.153094860212428E-002
   22.6000000000000       5.982175558539861E-002  0.348919063260467     
  6.165303381760469E-002
   22.6000000000000       5.982175558539861E-002  0.348919063260467     
  6.165303381760469E-002
   22.7000000000000       5.994384080087901E-002  0.348919100891269     
  6.177511903308509E-002
   22.7000000000000       5.994384080087901E-002  0.348919100891269     
  6.177511903308509E-002
   22.8000000000000       6.006592601635942E-002  0.348919136141679     
  6.189720424856550E-002
   22.8000000000000       6.006592601635942E-002  0.348919136141679     
  6.189720424856550E-002
   22.9000000000000       6.018801123183982E-002  0.348919169008335     
  6.201928946404590E-002
   22.9000000000000       6.018801123183982E-002  0.348919169008335     
  6.201928946404590E-002
   23.0000000000000       6.031009644732023E-002  0.348919199509060     
  6.214137467952631E-002
   23.0000000000000       6.031009644732023E-002  0.348919199509060     
  6.214137467952631E-002
   23.1000000000000       6.043218166280064E-002  0.348919227678398     
  6.226345989500671E-002
   23.1000000000000       6.043218166280064E-002  0.348919227678398     
  6.226345989500671E-002
   23.2000000000000       6.055426687828104E-002  0.348919253565887     
  6.238554511048712E-002
   23.2000000000000       6.055426687828104E-002  0.348919253565887     
  6.238554511048712E-002
   23.3000000000000       6.067635209376145E-002  0.348919277234450     
  6.250763032596753E-002
   23.3000000000000       6.067635209376145E-002  0.348919277234450     
  6.250763032596753E-002
   23.4000000000000       6.079843730924185E-002  0.348919298756766     
  6.262971554144793E-002
   23.4000000000000       6.079843730924185E-002  0.348919298756766     
  6.262971554144793E-002
   23.5000000000000       6.092052252472226E-002  0.348919318214940     
  6.275180075692834E-002
   23.5000000000000       6.092052252472226E-002  0.348919318214940     
  6.275180075692834E-002
   23.6000000000000       6.104260774020266E-002  0.348919335698229     
  6.287388597240874E-002
   23.6000000000000       6.104260774020266E-002  0.348919335698229     
  6.287388597240874E-002
   23.7000000000000       6.116469295568307E-002  0.348919351300742     
  6.299597118788915E-002
   23.7000000000000       6.116469295568307E-002  0.348919351300742     
  6.299597118788915E-002
   23.8000000000000       6.128677817116347E-002  0.348919365121038     
  6.311805640336955E-002
   23.8000000000000       6.128677817116347E-002  0.348919365121038     
  6.311805640336955E-002
   23.9000000000000       6.140886338664388E-002  0.348919377260694     
  6.324014161884996E-002
   23.9000000000000       6.140886338664388E-002  0.348919377260694     
  6.324014161884996E-002
   24.0000000000000       6.153094860212428E-002  0.348919387821892     
  6.336222683433036E-002
   24.0000000000000       6.153094860212428E-002  0.348919387821892     
  6.336222683433036E-002
   24.1000000000000       6.165303381760469E-002  0.348919396908455     
  6.348431204981077E-002
   24.1000000000000       6.165303381760469E-002  0.348919396908455     
  6.348431204981077E-002
   24.2000000000000       6.177511903308509E-002  0.348919404623660     
  6.360639726529117E-002
   24.2000000000000       6.177511903308509E-002  0.348919404623660     
  6.360639726529117E-002
   24.3000000000000       6.189720424856550E-002  0.348919411068637     
  6.372848248077158E-002
   24.3000000000000       6.189720424856550E-002  0.348919411068637     
  6.372848248077158E-002
   24.4000000000000       6.201928946404590E-002  0.348919416344234     
  6.385056769625198E-002
   24.4000000000000       6.201928946404590E-002  0.348919416344234     
  6.385056769625198E-002
   24.5000000000000       6.214137467952631E-002  0.348919420546910     
  6.397265291173239E-002
   24.5000000000000       6.214137467952631E-002  0.348919420546910     
  6.397265291173239E-002
   24.6000000000000       6.226345989500671E-002  0.348919423771210     
  6.409473812721279E-002
   24.6000000000000       6.226345989500671E-002  0.348919423771210     
  6.409473812721279E-002
   24.7000000000000       6.238554511048712E-002  0.348919426108801     
  6.421682334269320E-002
   24.7000000000000       6.238554511048712E-002  0.348919426108801     
  6.421682334269320E-002
   24.8000000000000       6.250763032596753E-002  0.348919427647142     
  6.433890855817360E-002
   24.8000000000000       6.250763032596753E-002  0.348919427647142     
  6.433890855817360E-002
   24.9000000000000       6.262971554144793E-002  0.348919428468752     
  6.446099377365401E-002
   24.9000000000000       6.262971554144793E-002  0.348919428468752     
  6.446099377365401E-002
   25.0000000000000       6.275180075692834E-002  0.348919428653259     
  6.458307898913442E-002
   25.0000000000000       6.275180075692834E-002  0.348919428653259     
  6.458307898913442E-002
   25.1000000000000       6.287388597240874E-002  0.348919428275881     
  6.470516420461482E-002
   25.1000000000000       6.287388597240874E-002  0.348919428275881     
  6.470516420461482E-002
   25.2000000000000       6.299597118788915E-002  0.348919427406528     
  6.482724942009523E-002
   25.2000000000000       6.299597118788915E-002  0.348919427406528     
  6.482724942009523E-002
   25.3000000000000       6.311805640336955E-002  0.348919426112126     
  6.494933463557563E-002
   25.3000000000000       6.311805640336955E-002  0.348919426112126     
  6.494933463557563E-002
   25.4000000000000       6.324014161884996E-002  0.348919424453247     
  6.507141985105604E-002
   25.4000000000000       6.324014161884996E-002  0.348919424453247     
  6.507141985105604E-002
   25.5000000000000       6.336222683433036E-002  0.348919422486737     
  6.519350506653644E-002
   25.5000000000000       6.336222683433036E-002  0.348919422486737     
  6.519350506653644E-002
   25.6000000000000       6.348431204981077E-002  0.348919420266223     
  6.531559028201685E-002
   25.6000000000000       6.348431204981077E-002  0.348919420266223     
  6.531559028201685E-002
   25.7000000000000       6.360639726529117E-002  0.348919417840080     
  6.543767549749725E-002
   25.7000000000000       6.360639726529117E-002  0.348919417840080     
  6.543767549749725E-002
   25.8000000000000       6.372848248077158E-002  0.348919415251543     
  6.555976071297766E-002
   25.8000000000000       6.372848248077158E-002  0.348919415251543     
  6.555976071297766E-002
   25.9000000000000       6.385056769625198E-002  0.348919412542757     
  6.568184592845806E-002
   25.9000000000000       6.385056769625198E-002  0.348919412542757     
  6.568184592845806E-002
   26.0000000000000       6.397265291173239E-002  0.348919409748435     
  6.580393114393847E-002
   26.0000000000000       6.397265291173239E-002  0.348919409748435     
  6.580393114393847E-002
   26.1000000000000       6.409473812721279E-002  0.348919406902210     
  6.592601635941887E-002
   26.1000000000000       6.409473812721279E-002  0.348919406902210     
  6.592601635941887E-002
   26.2000000000000       6.421682334269320E-002  0.348919404033517     
  6.604810157489928E-002
   26.2000000000000       6.421682334269320E-002  0.348919404033517     
  6.604810157489928E-002
   26.3000000000000       6.433890855817360E-002  0.348919401167576     
  6.617018679037968E-002
   26.3000000000000       6.433890855817360E-002  0.348919401167576     
  6.617018679037968E-002
   26.4000000000000       6.446099377365401E-002  0.348919398328062     
  6.629227200586009E-002
   26.4000000000000       6.446099377365401E-002  0.348919398328062     
  6.629227200586009E-002
   26.5000000000000       6.458307898913442E-002  0.348919395533430     
  6.641435722134049E-002
   26.5000000000000       6.458307898913442E-002  0.348919395533430     
  6.641435722134049E-002
   26.6000000000000       6.470516420461482E-002  0.348919392801852     
  6.653644243682090E-002
   26.6000000000000       6.470516420461482E-002  0.348919392801852     
  6.653644243682090E-002
   26.7000000000000       6.482724942009523E-002  0.348919390148186     
  6.665852765230131E-002
   26.7000000000000       6.482724942009523E-002  0.348919390148186     
  6.665852765230131E-002
   26.8000000000000       6.494933463557563E-002  0.348919387583370     
  6.678061286778171E-002
   26.8000000000000       6.494933463557563E-002  0.348919387583370     
  6.678061286778171E-002
   26.9000000000000       6.507141985105604E-002  0.348919385118244     
  6.690269808326212E-002
   26.9000000000000       6.507141985105604E-002  0.348919385118244     
  6.690269808326212E-002
   27.0000000000000       6.519350506653644E-002  0.348919382759880     
  6.702478329874252E-002
   27.0000000000000       6.519350506653644E-002  0.348919382759880     
  6.702478329874252E-002
   27.1000000000000       6.531559028201685E-002  0.348919380515767     
  6.714686851422293E-002
   27.1000000000000       6.531559028201685E-002  0.348919380515767     
  6.714686851422293E-002
   27.2000000000000       6.543767549749725E-002  0.348919378389471     
  6.726895372970333E-002
   27.2000000000000       6.543767549749725E-002  0.348919378389471     
  6.726895372970333E-002
   27.3000000000000       6.555976071297766E-002  0.348919376384627     
  6.739103894518374E-002
   27.3000000000000       6.555976071297766E-002  0.348919376384627     
  6.739103894518374E-002
   27.4000000000000       6.568184592845806E-002  0.348919374501719     
  6.751312416066414E-002
   27.4000000000000       6.568184592845806E-002  0.348919374501719     
  6.751312416066414E-002
   27.5000000000000       6.580393114393847E-002  0.348919372742545     
  6.763520937614455E-002
   27.5000000000000       6.580393114393847E-002  0.348919372742545     
  6.763520937614455E-002
   27.6000000000000       6.592601635941887E-002  0.348919371104587     
  6.775729459162495E-002
   27.6000000000000       6.592601635941887E-002  0.348919371104587     
  6.775729459162495E-002
   27.7000000000000       6.604810157489928E-002  0.348919369589120     
  6.787937980710536E-002
   27.7000000000000       6.604810157489928E-002  0.348919369589120     
  6.787937980710536E-002
   27.8000000000000       6.617018679037968E-002  0.348919368191555     
  6.800146502258576E-002
   27.8000000000000       6.617018679037968E-002  0.348919368191555     
  6.800146502258576E-002
   27.9000000000000       6.629227200586009E-002  0.348919366910184     
  6.812355023806617E-002
   27.9000000000000       6.629227200586009E-002  0.348919366910184     
  6.812355023806617E-002
   28.0000000000000       6.641435722134049E-002  0.348919365740416     
  6.824563545354657E-002
   28.0000000000000       6.641435722134049E-002  0.348919365740416     
  6.824563545354657E-002
   28.1000000000000       6.653644243682090E-002  0.348919364679026     
  6.836772066902698E-002
   28.1000000000000       6.653644243682090E-002  0.348919364679026     
  6.836772066902698E-002
   28.2000000000000       6.665852765230131E-002  0.348919363721221     
  6.848980588450738E-002
   28.2000000000000       6.665852765230131E-002  0.348919363721221     
  6.848980588450738E-002
   28.3000000000000       6.678061286778171E-002  0.348919362862077     
  6.861189109998779E-002
   28.3000000000000       6.678061286778171E-002  0.348919362862077     
  6.861189109998779E-002
   28.4000000000000       6.690269808326212E-002  0.348919362097246     
  6.873397631546820E-002
   28.4000000000000       6.690269808326212E-002  0.348919362097246     
  6.873397631546820E-002
   28.5000000000000       6.702478329874252E-002  0.348919361420808     
  6.885606153094860E-002
   28.5000000000000       6.702478329874252E-002  0.348919361420808     
  6.885606153094860E-002
   28.6000000000000       6.714686851422293E-002  0.348919360828149     
  6.897814674642901E-002
   28.6000000000000       6.714686851422293E-002  0.348919360828149     
  6.897814674642901E-002
   28.7000000000000       6.726895372970333E-002  0.348919360313864     
  6.910023196190941E-002
   28.7000000000000       6.726895372970333E-002  0.348919360313864     
  6.910023196190941E-002
   28.8000000000000       6.739103894518374E-002  0.348919359872398     
  6.922231717738982E-002
   28.8000000000000       6.739103894518374E-002  0.348919359872398     
  6.922231717738982E-002
   28.9000000000000       6.751312416066414E-002  0.348919359498671     
  6.934440239287022E-002
   28.9000000000000       6.751312416066414E-002  0.348919359498671     
  6.934440239287022E-002
   29.0000000000000       6.763520937614455E-002  0.348919359187825     
  6.946648760835063E-002
   29.0000000000000       6.763520937614455E-002  0.348919359187825     
  6.946648760835063E-002
   29.1000000000000       6.775729459162495E-002  0.348919358934203     
  6.958857282383103E-002
   29.1000000000000       6.775729459162495E-002  0.348919358934203     
  6.958857282383103E-002
   29.2000000000000       6.787937980710536E-002  0.348919358733283     
  6.971065803931144E-002
   29.2000000000000       6.787937980710536E-002  0.348919358733283     
  6.971065803931144E-002
   29.3000000000000       6.800146502258576E-002  0.348919358580666     
  6.983274325479184E-002
   29.3000000000000       6.800146502258576E-002  0.348919358580666     
  6.983274325479184E-002
   29.4000000000000       6.812355023806617E-002  0.348919358470767     
  6.995482847027225E-002
   29.4000000000000       6.812355023806617E-002  0.348919358470767     
  6.995482847027225E-002
   29.5000000000000       6.824563545354657E-002  0.348919358400239     
  7.007691368575265E-002
   29.5000000000000       6.824563545354657E-002  0.348919358400239     
  7.007691368575265E-002
   29.6000000000000       6.836772066902698E-002  0.348919358364943     
  7.019899890123306E-002
   29.6000000000000       6.836772066902698E-002  0.348919358364943     
  7.019899890123306E-002
   29.7000000000000       6.848980588450738E-002  0.348919358360248     
  7.032108411671346E-002
   29.7000000000000       6.848980588450738E-002  0.348919358360248     
  7.032108411671346E-002
   29.8000000000000       6.861189109998779E-002  0.348919358383110     
  7.044316933219387E-002
   29.8000000000000       6.861189109998779E-002  0.348919358383110     
  7.044316933219387E-002
   29.9000000000000       6.873397631546820E-002  0.348919358429883     
  7.056525454767427E-002
   29.9000000000000       6.873397631546820E-002  0.348919358429883     
  7.056525454767427E-002
   30.0000000000000       6.885606153094860E-002  0.348919358496473     
  7.068733976315468E-002
   30.0000000000000       6.885606153094860E-002  0.348919358496473     
  7.068733976315468E-002
   30.1000000000000       6.897814674642901E-002  0.348919358581040     
  7.080942497863509E-002
   30.1000000000000       6.897814674642901E-002  0.348919358581040     
  7.080942497863509E-002
   30.2000000000000       6.910023196190941E-002  0.348919358680377     
  7.093151019411549E-002
   30.2000000000000       6.910023196190941E-002  0.348919358680377     
  7.093151019411549E-002
   30.3000000000000       6.922231717738982E-002  0.348919358791481     
  7.105359540959590E-002
   30.3000000000000       6.922231717738982E-002  0.348919358791481     
  7.105359540959590E-002
   30.4000000000000       6.934440239287022E-002  0.348919358912511     
  7.117568062507630E-002
   30.4000000000000       6.934440239287022E-002  0.348919358912511     
  7.117568062507630E-002
   30.5000000000000       6.946648760835063E-002  0.348919359040715     
  7.129776584055671E-002
   30.5000000000000       6.946648760835063E-002  0.348919359040715     
  7.129776584055671E-002
   30.6000000000000       6.958857282383103E-002  0.348919359175064     
  7.141985105603711E-002
   30.6000000000000       6.958857282383103E-002  0.348919359175064     
  7.141985105603711E-002
   30.7000000000000       6.971065803931144E-002  0.348919359312931     
  7.154193627151752E-002
   30.7000000000000       6.971065803931144E-002  0.348919359312931     
  7.154193627151752E-002
   30.8000000000000       6.983274325479184E-002  0.348919359453449     
  7.166402148699792E-002
   30.8000000000000       6.983274325479184E-002  0.348919359453449     
  7.166402148699792E-002
   30.9000000000000       6.995482847027225E-002  0.348919359594441     
  7.178610670247833E-002
   30.9000000000000       6.995482847027225E-002  0.348919359594441     
  7.178610670247833E-002
   31.0000000000000       7.007691368575265E-002  0.348919359735427     
  7.190819191795873E-002
   31.0000000000000       7.007691368575265E-002  0.348919359735427     
  7.190819191795873E-002
   31.1000000000000       7.019899890123306E-002  0.348919359875042     
  7.203027713343914E-002
   31.1000000000000       7.019899890123306E-002  0.348919359875042     
  7.203027713343914E-002
   31.2000000000000       7.032108411671346E-002  0.348919360011238     
  7.215236234891954E-002
   31.2000000000000       7.032108411671346E-002  0.348919360011238     
  7.215236234891954E-002
   31.3000000000000       7.044316933219387E-002  0.348919360145125     
  7.227444756439995E-002
   31.3000000000000       7.044316933219387E-002  0.348919360145125     
  7.227444756439995E-002
   31.4000000000000       7.056525454767427E-002  0.348919360274163     
  7.239653277988035E-002
   31.4000000000000       7.056525454767427E-002  0.348919360274163     
  7.239653277988035E-002
   31.5000000000000       7.068733976315468E-002  0.348919360398994     
  7.251861799536076E-002
   31.5000000000000       7.068733976315468E-002  0.348919360398994     
  7.251861799536076E-002
   31.6000000000000       7.080942497863509E-002  0.348919360518738     
  7.264070321084116E-002
   31.6000000000000       7.080942497863509E-002  0.348919360518738     
  7.264070321084116E-002
   31.7000000000000       7.093151019411549E-002  0.348919360633746     
  7.276278842632157E-002
   31.7000000000000       7.093151019411549E-002  0.348919360633746     
  7.276278842632157E-002
   31.8000000000000       7.105359540959590E-002  0.348919360742775     
  7.288487364180198E-002
   31.8000000000000       7.105359540959590E-002  0.348919360742775     
  7.288487364180198E-002
   31.9000000000000       7.117568062507630E-002  0.348919360845468     
  7.300695885728238E-002
   31.9000000000000       7.117568062507630E-002  0.348919360845468     
  7.300695885728238E-002
   32.0000000000000       7.129776584055671E-002  0.348919360942366     
  7.312904407276279E-002
   32.0000000000000       7.129776584055671E-002  0.348919360942366     
  7.312904407276279E-002
   32.1000000000000       7.141985105603711E-002  0.348919361033546     
  7.325112928824319E-002
   32.1000000000000       7.141985105603711E-002  0.348919361033546     
  7.325112928824319E-002
   32.2000000000000       7.154193627151752E-002  0.348919361118434     
  7.337321450372360E-002
   32.2000000000000       7.154193627151752E-002  0.348919361118434     
  7.337321450372360E-002
   32.3000000000000       7.166402148699792E-002  0.348919361197060     
  7.349529971920400E-002
   32.3000000000000       7.166402148699792E-002  0.348919361197060     
  7.349529971920400E-002
   32.4000000000000       7.178610670247833E-002  0.348919361269928     
  7.361738493468441E-002
   32.4000000000000       7.178610670247833E-002  0.348919361269928     
  7.361738493468441E-002
   32.5000000000000       7.190819191795873E-002  0.348919361336679     
  7.373947015016481E-002
   32.5000000000000       7.190819191795873E-002  0.348919361336679     
  7.373947015016481E-002
   32.6000000000000       7.203027713343914E-002  0.348919361398159     
  7.386155536564522E-002
   32.6000000000000       7.203027713343914E-002  0.348919361398159     
  7.386155536564522E-002
   32.7000000000000       7.215236234891954E-002  0.348919361454262     
  7.398364058112562E-002
   32.7000000000000       7.215236234891954E-002  0.348919361454262     
  7.398364058112562E-002
   32.8000000000000       7.227444756439995E-002  0.348919361504555     
  7.410572579660603E-002
   32.8000000000000       7.227444756439995E-002  0.348919361504555     
  7.410572579660603E-002
   32.9000000000000       7.239653277988035E-002  0.348919361549890     
  7.422781101208643E-002
   32.9000000000000       7.239653277988035E-002  0.348919361549890     
  7.422781101208643E-002
   33.0000000000000       7.251861799536076E-002  0.348919361590415     
  7.434989622756684E-002
   33.0000000000000       7.251861799536076E-002  0.348919361590415     
  7.434989622756684E-002
   33.1000000000000       7.264070321084116E-002  0.348919361627409     
  7.447198144304724E-002
   33.1000000000000       7.264070321084116E-002  0.348919361627409     
  7.447198144304724E-002
   33.2000000000000       7.276278842632157E-002  0.348919361658680     
  7.459406665852765E-002
   33.2000000000000       7.276278842632157E-002  0.348919361658680     
  7.459406665852765E-002
   33.3000000000000       7.288487364180198E-002  0.348919361686450     
  7.471615187400805E-002
   33.3000000000000       7.288487364180198E-002  0.348919361686450     
  7.471615187400805E-002
   33.4000000000000       7.300695885728238E-002  0.348919361710281     
  7.483823708948846E-002
   33.4000000000000       7.300695885728238E-002  0.348919361710281     
  7.483823708948846E-002
   33.5000000000000       7.312904407276279E-002  0.348919361730583     
  7.496032230496887E-002
   33.5000000000000       7.312904407276279E-002  0.348919361730583     
  7.496032230496887E-002
   33.6000000000000       7.325112928824319E-002  0.348919361747687     
  7.508240752044927E-002
   33.6000000000000       7.325112928824319E-002  0.348919361747687     
  7.508240752044927E-002
   33.7000000000000       7.337321450372360E-002  0.348919361762264     
  7.520449273592968E-002
   33.7000000000000       7.337321450372360E-002  0.348919361762264     
  7.520449273592968E-002
   33.8000000000000       7.349529971920400E-002  0.348919361773735     
  7.532657795141008E-002
   33.8000000000000       7.349529971920400E-002  0.348919361773735     
  7.532657795141008E-002
   33.9000000000000       7.361738493468441E-002  0.348919361782488     
  7.544866316689049E-002
   33.9000000000000       7.361738493468441E-002  0.348919361782488     
  7.544866316689049E-002
   34.0000000000000       7.373947015016481E-002  0.348919361790139     
  7.557074838237089E-002
   34.0000000000000       7.373947015016481E-002  0.348919361790139     
  7.557074838237089E-002
   34.1000000000000       7.386155536564522E-002  0.348919361794112     
  7.569283359785130E-002
   34.1000000000000       7.386155536564522E-002  0.348919361794112     
  7.569283359785130E-002
   34.2000000000000       7.398364058112562E-002  0.348919361797095     
  7.581491881333170E-002
   34.2000000000000       7.398364058112562E-002  0.348919361797095     
  7.581491881333170E-002
   34.3000000000000       7.410572579660603E-002  0.348919361798069     
  7.593700402881211E-002
   34.3000000000000       7.410572579660603E-002  0.348919361798069     
  7.593700402881211E-002
   34.4000000000000       7.422781101208643E-002  0.348919361797708     
  7.605908924429251E-002
   34.4000000000000       7.422781101208643E-002  0.348919361797708     
  7.605908924429251E-002
   34.5000000000000       7.434989622756684E-002  0.348919361795806     
  7.618117445977292E-002
   34.5000000000000       7.434989622756684E-002  0.348919361795806     
  7.618117445977292E-002
   34.6000000000000       7.447198144304724E-002  0.348919361792958     
  7.630325967525332E-002
   34.6000000000000       7.447198144304724E-002  0.348919361792958     
  7.630325967525332E-002
   34.7000000000000       7.459406665852765E-002  0.348919361789463     
  7.642534489073373E-002
   34.7000000000000       7.459406665852765E-002  0.348919361789463     
  7.642534489073373E-002
   34.8000000000000       7.471615187400805E-002  0.348919361784522     
  7.654743010621413E-002
   34.8000000000000       7.471615187400805E-002  0.348919361784522     
  7.654743010621413E-002
   34.9000000000000       7.483823708948846E-002  0.348919361779303     
  7.666951532169454E-002
   34.9000000000000       7.483823708948846E-002  0.348919361779303     
  7.666951532169454E-002
   35.0000000000000       7.496032230496887E-002  0.348919361774009     
  7.679160053717494E-002
   35.0000000000000       7.496032230496887E-002  0.348919361774009     
  7.679160053717494E-002
   35.1000000000000       7.508240752044927E-002  0.348919361767209     
  7.691368575265535E-002
   35.1000000000000       7.508240752044927E-002  0.348919361767209     
  7.691368575265535E-002
   35.2000000000000       7.520449273592968E-002  0.348919361760366     
  7.703577096813576E-002
   35.2000000000000       7.520449273592968E-002  0.348919361760366     
  7.703577096813576E-002
   35.3000000000000       7.532657795141008E-002  0.348919361753585     
  7.715785618361616E-002
   35.3000000000000       7.532657795141008E-002  0.348919361753585     
  7.715785618361616E-002
   35.4000000000000       7.544866316689049E-002  0.348919361746567     
  7.727994139909657E-002
   35.4000000000000       7.544866316689049E-002  0.348919361746567     
  7.727994139909657E-002
   35.5000000000000       7.557074838237089E-002  0.348919361739510     
  7.740202661457697E-002
   35.5000000000000       7.557074838237089E-002  0.348919361739510     
  7.740202661457697E-002
   35.6000000000000       7.569283359785130E-002  0.348919361732582     
  7.752411183005738E-002
   35.6000000000000       7.569283359785130E-002  0.348919361732582     
  7.752411183005738E-002
   35.7000000000000       7.581491881333170E-002  0.348919361725523     
  7.764619704553778E-002
   35.7000000000000       7.581491881333170E-002  0.348919361725523     
  7.764619704553778E-002
   35.8000000000000       7.593700402881211E-002  0.348919361718259     
  7.776828226101819E-002
   35.8000000000000       7.593700402881211E-002  0.348919361718259     
  7.776828226101819E-002
   35.9000000000000       7.605908924429251E-002  0.348919361711518     
  7.789036747649859E-002
   35.9000000000000       7.605908924429251E-002  0.348919361711518     
  7.789036747649859E-002
   36.0000000000000       7.618117445977292E-002  0.348919361705080     
  7.801245269197900E-002
   36.0000000000000       7.618117445977292E-002  0.348919361705080     
  7.801245269197900E-002
   36.1000000000000       7.630325967525332E-002  0.348919361699187     
  7.813453790745940E-002
   36.1000000000000       7.630325967525332E-002  0.348919361699187     
  7.813453790745940E-002
   36.2000000000000       7.642534489073373E-002  0.348919361692330     
  7.825662312293981E-002
   36.2000000000000       7.642534489073373E-002  0.348919361692330     
  7.825662312293981E-002
   36.3000000000000       7.654743010621413E-002  0.348919361687021     
  7.837870833842021E-002
   36.3000000000000       7.654743010621413E-002  0.348919361687021     
  7.837870833842021E-002
   36.4000000000000       7.666951532169454E-002  0.348919361680836     
  7.850079355390062E-002
   36.4000000000000       7.666951532169454E-002  0.348919361680836     
  7.850079355390062E-002
   36.5000000000000       7.679160053717494E-002  0.348919361676058     
  7.862287876938102E-002
   36.5000000000000       7.679160053717494E-002  0.348919361676058     
  7.862287876938102E-002
   36.6000000000000       7.691368575265535E-002  0.348919361670457     
  7.874496398486143E-002
   36.6000000000000       7.691368575265535E-002  0.348919361670457     
  7.874496398486143E-002
   36.7000000000000       7.703577096813576E-002  0.348919361665890     
  7.886704920034183E-002
   36.7000000000000       7.703577096813576E-002  0.348919361665890     
  7.886704920034183E-002
   36.8000000000000       7.715785618361616E-002  0.348919361661551     
  7.898913441582224E-002
   36.8000000000000       7.715785618361616E-002  0.348919361661551     
  7.898913441582224E-002
   36.9000000000000       7.727994139909657E-002  0.348919361657744     
  7.911121963130265E-002
   36.9000000000000       7.727994139909657E-002  0.348919361657744     
  7.911121963130265E-002
   37.0000000000000       7.740202661457697E-002  0.348919361653553     
  7.923330484678305E-002
   37.0000000000000       7.740202661457697E-002  0.348919361653553     
  7.923330484678305E-002
   37.1000000000000       7.752411183005738E-002  0.348919361649822     
  7.935539006226346E-002
   37.1000000000000       7.752411183005738E-002  0.348919361649822     
  7.935539006226346E-002
   37.2000000000000       7.764619704553778E-002  0.348919361646788     
  7.947747527774386E-002
   37.2000000000000       7.764619704553778E-002  0.348919361646788     
  7.947747527774386E-002
   37.3000000000000       7.776828226101819E-002  0.348919361643620     
  7.959956049322427E-002
   37.3000000000000       7.776828226101819E-002  0.348919361643620     
  7.959956049322427E-002
   37.4000000000000       7.789036747649859E-002  0.348919361640963     
  7.972164570870467E-002
   37.4000000000000       7.789036747649859E-002  0.348919361640963     
  7.972164570870467E-002
   37.5000000000000       7.801245269197900E-002  0.348919361638618     
  7.984373092418508E-002
   37.5000000000000       7.801245269197900E-002  0.348919361638618     
  7.984373092418508E-002
   37.6000000000000       7.813453790745940E-002  0.348919361636329     
  7.996581613966548E-002
   37.6000000000000       7.813453790745940E-002  0.348919361636329     
  7.996581613966548E-002
   37.7000000000000       7.825662312293981E-002  0.348919361634257     
  8.008790135514589E-002
   37.7000000000000       7.825662312293981E-002  0.348919361634257     
  8.008790135514589E-002
   37.8000000000000       7.837870833842021E-002  0.348919361632575     
  8.020998657062629E-002
   37.8000000000000       7.837870833842021E-002  0.348919361632575     
  8.020998657062629E-002
   37.9000000000000       7.850079355390062E-002  0.348919361630858     
  8.033207178610670E-002
   37.9000000000000       7.850079355390062E-002  0.348919361630858     
  8.033207178610670E-002
   38.0000000000000       7.862287876938102E-002  0.348919361629640     
  8.045415700158710E-002
   38.0000000000000       7.862287876938102E-002  0.348919361629640     
  8.045415700158710E-002
   38.1000000000000       7.874496398486143E-002  0.348919361628526     
  8.057624221706751E-002
   38.1000000000000       7.874496398486143E-002  0.348919361628526     
  8.057624221706751E-002
   38.2000000000000       7.886704920034183E-002  0.348919361627564     
  8.069832743254791E-002
   38.2000000000000       7.886704920034183E-002  0.348919361627564     
  8.069832743254791E-002
   38.3000000000000       7.898913441582224E-002  0.348919361626900     
  8.082041264802832E-002
   38.3000000000000       7.898913441582224E-002  0.348919361626900     
  8.082041264802832E-002
   38.4000000000000       7.911121963130265E-002  0.348919361626374     
  8.094249786350872E-002
   38.4000000000000       7.911121963130265E-002  0.348919361626374     
  8.094249786350872E-002
   38.5000000000000       7.923330484678305E-002  0.348919361625470     
  8.106458307898913E-002
   38.5000000000000       7.923330484678305E-002  0.348919361625470     
  8.106458307898913E-002
   38.6000000000000       7.935539006226346E-002  0.348919361624910     
  8.118666829446954E-002
   38.6000000000000       7.935539006226346E-002  0.348919361624910     
  8.118666829446954E-002
   38.7000000000000       7.947747527774386E-002  0.348919361624414     
  8.130875350994994E-002
   38.7000000000000       7.947747527774386E-002  0.348919361624414     
  8.130875350994994E-002
   38.8000000000000       7.959956049322427E-002  0.348919361625085     
  8.143083872543035E-002
   38.8000000000000       7.959956049322427E-002  0.348919361625085     
  8.143083872543035E-002
   38.9000000000000       7.972164570870467E-002  0.348919361624313     
  8.155292394091075E-002
   38.9000000000000       7.972164570870467E-002  0.348919361624313     
  8.155292394091075E-002
   39.0000000000000       7.984373092418508E-002  0.348919361624178     
  8.167500915639116E-002
   39.0000000000000       7.984373092418508E-002  0.348919361624178     
  8.167500915639116E-002
   39.1000000000000       7.996581613966548E-002  0.348919361624491     
  8.179709437187156E-002
   39.1000000000000       7.996581613966548E-002  0.348919361624491     
  8.179709437187156E-002
   39.2000000000000       8.008790135514589E-002  0.348919361624449     
  8.191917958735197E-002
   39.2000000000000       8.008790135514589E-002  0.348919361624449     
  8.191917958735197E-002
   39.3000000000000       8.020998657062629E-002  0.348919361624431     
  8.204126480283237E-002
   39.3000000000000       8.020998657062629E-002  0.348919361624431     
  8.204126480283237E-002
   39.4000000000000       8.033207178610670E-002  0.348919361624683     
  8.216335001831278E-002
   39.4000000000000       8.033207178610670E-002  0.348919361624683     
  8.216335001831278E-002
   39.5000000000000       8.045415700158710E-002  0.348919361624981     
  8.228543523379318E-002
   39.5000000000000       8.045415700158710E-002  0.348919361624981     
  8.228543523379318E-002
   39.6000000000000       8.057624221706751E-002  0.348919361625313     
  8.240752044927359E-002
   39.6000000000000       8.057624221706751E-002  0.348919361625313     
  8.240752044927359E-002
   39.7000000000000       8.069832743254791E-002  0.348919361625740     
  8.252960566475399E-002
   39.7000000000000       8.069832743254791E-002  0.348919361625740     
  8.252960566475399E-002
   39.8000000000000       8.082041264802832E-002  0.348919361625683     
  8.265169088023440E-002
   39.8000000000000       8.082041264802832E-002  0.348919361625683     
  8.265169088023440E-002
   39.9000000000000       8.094249786350872E-002  0.348919361626155     
  8.277377609571480E-002
   39.9000000000000       8.094249786350872E-002  0.348919361626155     
  8.277377609571480E-002
   40.0000000000000       8.106458307898913E-002  0.348919361626293     
  8.289586131119521E-002
   40.0000000000000       8.106458307898913E-002  0.348919361626293     
  8.289586131119521E-002
