  3.000000000000000E-002  3.183043608523606E-003  0.999911496132232     
  6.000000000000000E-002  3.253103692058553E-003  0.999776358439890     
  9.000000000000000E-002  3.324664776879028E-003  0.999638310855384     
  0.120000000000000       3.397756881499322E-003  0.999497294398608     
  0.150000000000000       3.472410504302236E-003  0.999353249099143     
  0.180000000000000       3.548656623484975E-003  0.999206113992554     
  0.210000000000000       3.626526696348975E-003  0.999055827117712     
  0.240000000000000       3.706052657874943E-003  0.998902325515248     
  0.270000000000000       3.787266918519912E-003  0.998745545227233     
  0.300000000000000       3.870202361168323E-003  0.998585421298205     
  0.330000000000000       3.954892337163366E-003  0.998421887777663     
  0.360000000000000       4.041370661339369E-003  0.998254877724157     
  0.390000000000000       4.129671605969209E-003  0.998084323211118     
  0.420000000000000       4.219829893534512E-003  0.997910155334585     
  0.450000000000000       4.311880688218248E-003  0.997732304222990     
  0.480000000000000       4.405859586011465E-003  0.997550699049181     
  0.510000000000000       4.501802603317357E-003  0.997365268044883     
  0.540000000000000       4.599746163925893E-003  0.997175938517799     
  0.570000000000000       4.699727084221778E-003  0.996982636871586     
  0.600000000000000       4.801782556477454E-003  0.996785288628948     
  0.630000000000000       4.905950130070216E-003  0.996583818458114     
  0.660000000000000       5.012267690448819E-003  0.996378150202992     
  0.690000000000000       5.120773435660515E-003  0.996168206917314     
  0.720000000000000       5.231505850233091E-003  0.995953910903103     
  0.750000000000000       5.344503676188950E-003  0.995735183753849     
  0.780000000000000       5.459805880948572E-003  0.995511946402784     
  0.810000000000000       5.577451621860115E-003  0.995284119176693     
  0.840000000000000       5.697480207068497E-003  0.995051621855740     
  0.870000000000000       5.819931052411514E-003  0.994814373739831     
  0.900000000000000       5.944843634003106E-003  0.994572293722063     
  0.930000000000000       6.072257436133310E-003  0.994325300369889     
  0.960000000000000       6.202211894080150E-003  0.994073312014657     
  0.990000000000000       6.334746331392343E-003  0.993816246850261     
   1.02000000000000       6.469899891160370E-003  0.993554023041695     
   1.05000000000000       6.607711460749256E-003  0.993286558844390     
   1.08000000000000       6.748219589415733E-003  0.993013772735275     
   1.11000000000000       6.891462398179378E-003  0.992735583556618     
   1.14000000000000       7.037477481255482E-003  0.992451910673783     
   1.17000000000000       7.186301798291870E-003  0.992162674148150     
   1.20000000000000       7.337971556578162E-003  0.991867794926579     
   1.23000000000000       7.492522082314121E-003  0.991567195048915     
   1.26000000000000       7.649987679934208E-003  0.991260797875189     
   1.29000000000000       7.810401478385950E-003  0.990948528334342     
   1.32000000000000       7.973795263148994E-003  0.990630313196444     
   1.35000000000000       8.140199292660371E-003  0.990306081370635     
   1.38000000000000       8.309642097676036E-003  0.989975764231173     
   1.41000000000000       8.482150261948804E-003  0.989639295974274     
   1.44000000000000       8.657748182438368E-003  0.989296614008669     
   1.47000000000000       8.836457807084549E-003  0.988947659383098     
   1.50000000000000       9.018298347973970E-003  0.988592377254317     
   1.53000000000000       9.203285967504913E-003  0.988230717399528     
   1.56000000000000       9.391433434910558E-003  0.987862634777567     
   1.59000000000000       9.582749750229302E-003  0.987488090143619     
   1.62000000000000       9.777239732510124E-003  0.987107050722694     
   1.65000000000000       9.974903568718274E-003  0.986719490947675     
   1.68000000000000       1.017573631944003E-002  0.986325393268272     
   1.71000000000000       1.037972737713850E-002  0.985924749037874     
   1.74000000000000       1.058685987225734E-002  0.985517559485971     
   1.77000000000000       1.079711002196430E-002  0.985103836784506     
   1.80000000000000       1.101044641608741E-002  0.984683605217307     
   1.83000000000000       1.122682923401812E-002  0.984256902462530     
   1.86000000000000       1.144620938609026E-002  0.983823780998843     
   1.89000000000000       1.166852757234393E-002  0.983384309646881     
   1.92000000000000       1.189371325124309E-002  0.982938575258252     
   1.95000000000000       1.212168351039714E-002  0.982486684565043     
   1.98000000000000       1.235234183130015E-002  0.982028766203230     
   2.01000000000000       1.258557673987320E-002  0.981564972923673     
   2.04000000000000       1.282126033493821E-002  0.981095484004152     
   2.07000000000000       1.305924668739815E-002  0.980620507875189     
   2.10000000000000       1.329937010412057E-002  0.980140284970798     
   2.13000000000000       1.354144325260146E-002  0.979655090812619     
   2.16000000000000       1.378525514564196E-002  0.979165239331564     
   2.19000000000000       1.403056898974642E-002  0.978671086424760     
   2.22000000000000       1.427711990712503E-002  0.978173033736343     
   2.25000000000000       1.452461255086738E-002  0.977671532637808     
   2.28000000000000       1.477271864193385E-002  0.977167088365961     
   2.31000000000000       1.502107447656293E-002  0.976660264252916     
   2.34000000000000       1.526927846609509E-002  0.976151685951286     
   2.37000000000000       1.551688880436952E-002  0.975642045517512     
   2.40000000000000       1.576342138255652E-002  0.975132105165041     
   2.43000000000000       1.600834811480180E-002  0.974622700436053     
   2.46000000000000       1.625109588677804E-002  0.974114742464560     
   2.49000000000000       1.649104638714300E-002  0.973609218916559     
   2.52000000000000       1.672753714721903E-002  0.973107193097657     
   2.55000000000000       1.695986416604360E-002  0.972609800623794     
   2.58000000000000       1.718728654898637E-002  0.972118242969667     
   2.61000000000000       1.740903360713854E-002  0.971633777164713     
   2.64000000000000       1.762431484070253E-002  0.971157700928391     
   2.67000000000000       1.783233313745624E-002  0.970691332663562     
   2.70000000000000       1.803230132668905E-002  0.970235986000628     
   2.73000000000000       1.822346192413583E-002  0.969792939038845     
   2.76000000000000       1.840510948510073E-002  0.969363399073381     
   2.79000000000000       1.857661447685718E-002  0.968948464388385     
   2.82000000000000       1.873744706621181E-002  0.968549085533720     
   2.85000000000000       1.888719880166957E-002  0.968166029213993     
   2.88000000000000       1.902559999714806E-002  0.967799848289067     
   2.91000000000000       1.915253079505637E-002  0.967450861220426     
   2.94000000000000       1.926802446643459E-002  0.967119143502799     
   2.97000000000000       1.937226239685892E-002  0.966804532271258     
   3.00000000000000       1.946556126792446E-002  0.966506643619448     
   3.03000000000000       1.954835391572704E-002  0.966224900564617     
   3.06000000000000       1.962116598785641E-002  0.965958568477547     
   3.09000000000000       1.968459074182801E-002  0.965706794224782     
   3.12000000000000       1.973926436486315E-002  0.965468645262638     
   3.15000000000000       1.978584353446190E-002  0.965243145927065     
   3.18000000000000       1.982498600481888E-002  0.965029309092029     
   3.21000000000000       1.985733521075138E-002  0.964826161414778     
   3.24000000000000       1.988350949510632E-002  0.964632762132437     
   3.27000000000000       1.990409383518708E-002  0.964448217597172     
   3.30000000000000       1.991963432724035E-002  0.964271689665421     
   3.33000000000000       1.993063766556217E-002  0.964102398653004     
   3.36000000000000       1.993756462984850E-002  0.963939633800391     
   3.39000000000000       1.994083530880985E-002  0.963782745702191     
   3.42000000000000       1.994083068647822E-002  0.963631145808481     
   3.45000000000000       1.993789411742414E-002  0.963484302305082     
   3.48000000000000       1.993233602412519E-002  0.963341734391055     
   3.51000000000000       1.992443531869638E-002  0.963203010166678     
   3.54000000000000       1.991444262642429E-002  0.963067740660888     
   3.57000000000000       1.990258385761163E-002  0.962935575850783     
   3.60000000000000       1.988906134815399E-002  0.962806201789843     
   3.63000000000000       1.987405765171490E-002  0.962679335061600     
   3.66000000000000       1.985773693673347E-002  0.962554721167922     
   3.69000000000000       1.984024689363405E-002  0.962432130429155     
   3.72000000000000       1.982172135698678E-002  0.962311355236491     
   3.75000000000000       1.980228054342104E-002  0.962192208567508     
   3.78000000000000       1.978203394428929E-002  0.962074520137861     
   3.81000000000000       1.976108024687925E-002  0.961958136431484     
   3.84000000000000       1.973950937899411E-002  0.961842917081307     
   3.87000000000000       1.971740301155493E-002  0.961728734946102     
   3.90000000000000       1.969483538997537E-002  0.961615473680302     
   3.93000000000000       1.967187455034314E-002  0.961503027128221     
   3.96000000000000       1.964858215195358E-002  0.961391298262437     
   3.99000000000000       1.962501516813677E-002  0.961280197847616     
   4.02000000000000       1.960122508558029E-002  0.961169644473656     
   4.05000000000000       1.957725980682986E-002  0.961059562724175     
   4.08000000000000       1.955316250182105E-002  0.960949883933905     
   4.11000000000000       1.952897355973841E-002  0.960840544115194     
   4.14000000000000       1.950472925690688E-002  0.960731485132147     
   4.17000000000000       1.948046368665421E-002  0.960622652578725     
   4.20000000000000       1.945620732930941E-002  0.960513997137262     
   4.23000000000000       1.943198892625536E-002  0.960405472563808     
   4.26000000000000       1.940783401886848E-002  0.960297037028055     
   4.29000000000000       1.938376671632189E-002  0.960188651371236     
   4.32000000000000       1.935980830134795E-002  0.960080280206780     
   4.35000000000000       1.933597878607006E-002  0.959971890658033     
   4.38000000000000       1.931229574227833E-002  0.959863452963707     
   4.41000000000000       1.928877547174250E-002  0.959754939936843     
   4.44000000000000       1.926543227450358E-002  0.959646326816139     
   4.47000000000000       1.924227901909338E-002  0.959537591658375     
   4.50000000000000       1.921932706849112E-002  0.959428714263779     
   4.53000000000000       1.919658607020478E-002  0.959319677569138     
   4.56000000000000       1.917406466858277E-002  0.959210465691245     
   4.59000000000000       1.915176948337058E-002  0.959101066113299     
   4.62000000000000       1.912970652810806E-002  0.958991467213800     
   4.65000000000000       1.910787960173203E-002  0.958881660699979     
   4.68000000000000       1.908629204916566E-002  0.958771639307191     
   4.71000000000000       1.906494506816272E-002  0.958661398686676     
   4.74000000000000       1.904383921663201E-002  0.958550936085233     
   4.77000000000000       1.902297328068528E-002  0.958440250934318     
   4.80000000000000       1.900234491769956E-002  0.958329345082354     
   4.83000000000000       1.898195059705503E-002  0.958218221767291     
   4.86000000000000       1.896178506482648E-002  0.958106887359101     
   4.89000000000000       1.894184243017756E-002  0.957995349125685     
   4.92000000000000       1.892211468394417E-002  0.957883617682203     
   4.95000000000000       1.890259342100793E-002  0.957771704632598     
   4.98000000000000       1.888326818530252E-002  0.957659624442663     
   5.01000000000000       1.886412792032354E-002  0.957547393211622     
   5.04000000000000       1.884516009464373E-002  0.957435028872026     
   5.07000000000000       1.882635106850830E-002  0.957322551778677     
   5.10000000000000       1.880768657542466E-002  0.957209983026053     
   5.13000000000000       1.878915081700001E-002  0.957097346450508     
   5.16000000000000       1.877072808138578E-002  0.956984665995056     
   5.19000000000000       1.875240120703749E-002  0.956871967749450     
   5.22000000000000       1.873415337506215E-002  0.956759277942555     
   5.25000000000000       1.871596706608732E-002  0.956646623503613     
   5.28000000000000       1.869782491223086E-002  0.956534031888205     
   5.31000000000000       1.867970999772278E-002  0.956421529569208     
   5.34000000000000       1.866160528316173E-002  0.956309143640562     
   5.37000000000000       1.864349517130354E-002  0.956196899106057     
   5.40000000000000       1.862536404551140E-002  0.956084820890096     
   5.43000000000000       1.860719805781872E-002  0.955972931743147     
   5.46000000000000       1.858898401138037E-002  0.955861252935762     
   5.49000000000000       1.857071009043364E-002  0.955749804229520     
   5.52000000000000       1.855236606605077E-002  0.955638602538562     
   5.55000000000000       1.853394245317561E-002  0.955527663870466     
   5.58000000000000       1.851543193580377E-002  0.955417000931983     
   5.61000000000000       1.849682767988943E-002  0.955306625370303     
   5.64000000000000       1.847812479017493E-002  0.955196546302997     
   5.67000000000000       1.845931922205231E-002  0.955086770931575     
   5.70000000000000       1.844040796787029E-002  0.954977305314173     
   5.73000000000000       1.842138949620098E-002  0.954868152854812     
   5.76000000000000       1.840226243459846E-002  0.954759316715438     
   5.79000000000000       1.838302706377039E-002  0.954650797667683     
   5.82000000000000       1.836368364778273E-002  0.954542596010073     
   5.85000000000000       1.834423346966355E-002  0.954434710958485     
   5.88000000000000       1.832467834572206E-002  0.954327140337814     
   5.91000000000000       1.830502008867749E-002  0.954219882255092     
   5.94000000000000       1.828526161147387E-002  0.954112933003486     
   5.97000000000000       1.826540528102639E-002  0.954006289444622     
   6.00000000000000       1.824545437910490E-002  0.953899947430018     
   6.03000000000000       1.822541202086479E-002  0.953793902482951     
   6.06000000000000       1.820528132624032E-002  0.953688150547302     
   6.09000000000000       1.818506603321984E-002  0.953582686314313     
   6.12000000000000       1.816476913289918E-002  0.953477505556493     
   6.15000000000000       1.814439442660908E-002  0.953372603080604     
   6.18000000000000       1.812394515965314E-002  0.953267974022725     
   6.21000000000000       1.810342464895658E-002  0.953163613892761     
   6.24000000000000       1.808283651939170E-002  0.953059517335721     
   6.27000000000000       1.806218361423250E-002  0.952955680260314     
   6.30000000000000       1.804146951253950E-002  0.952852097640130     
   6.33000000000000       1.802069707063032E-002  0.952748765093549     
   6.36000000000000       1.799986926298081E-002  0.952645678552022     
   6.39000000000000       1.797898923299254E-002  0.952542833270345     
   6.42000000000000       1.795805934771516E-002  0.952440225811041     
   6.45000000000000       1.793708267509523E-002  0.952337851827946     
   6.48000000000000       1.791606152897609E-002  0.952235707694608     
   6.51000000000000       1.789499833173963E-002  0.952133790109403     
   6.54000000000000       1.787389567781954E-002  0.952032095106893     
   6.57000000000000       1.785275537160429E-002  0.951930620035050     
   6.60000000000000       1.783157990996370E-002  0.951829361377324     
   6.63000000000000       1.781037109687911E-002  0.951728316233567     
   6.66000000000000       1.778913076005661E-002  0.951627482146276     
   6.69000000000000       1.776786101262968E-002  0.951526855878759     
   6.72000000000000       1.774656313929186E-002  0.951426435489917     
   6.75000000000000       1.772523909756010E-002  0.951326218283533     
   6.78000000000000       1.770389030401577E-002  0.951226201918904     
   6.81000000000000       1.768251802849174E-002  0.951126384719720     
   6.84000000000000       1.766112400982997E-002  0.951026764060476     
   6.87000000000000       1.763970913210145E-002  0.950927338519981     
   6.90000000000000       1.761827486262579E-002  0.950828106161262     
   6.93000000000000       1.759682238664539E-002  0.950729064996504     
   6.96000000000000       1.757535249913547E-002  0.950630213977590     
   6.99000000000000       1.755386665057254E-002  0.950531550996853     
   7.02000000000000       1.753236549396631E-002  0.950433074897761     
   7.05000000000000       1.751085004511153E-002  0.950334784422979     
   7.08000000000000       1.748932139997037E-002  0.950236677769657     
   7.11000000000000       1.746778001013926E-002  0.950138754282644     
   7.14000000000000       1.744622706444457E-002  0.950041012346094     
   7.17000000000000       1.742466317791774E-002  0.949943450806410     
   7.20000000000000       1.740308895807309E-002  0.949846068961148     
   7.23000000000000       1.738150548711034E-002  0.949748865134758     
   7.26000000000000       1.735991306444441E-002  0.949651838757459     
   7.29000000000000       1.733831258035983E-002  0.949554988727894     
   7.32000000000000       1.731670477641276E-002  0.949458313715887     
   7.35000000000000       1.729508995091476E-002  0.949361813345480     
   7.38000000000000       1.727346913553751E-002  0.949265486158701     
   7.41000000000000       1.725184270877100E-002  0.949169331354665     
   7.44000000000000       1.723021121629608E-002  0.949073348320500     
   7.47000000000000       1.720857558219618E-002  0.948977535557877     
   7.50000000000000       1.718693599799815E-002  0.948881892664873     
   7.53000000000000       1.716529330137214E-002  0.948786418579861     
   7.56000000000000       1.714364813802959E-002  0.948691112087150     
   7.59000000000000       1.712200076409499E-002  0.948595972853915     
   7.62000000000000       1.710035216650603E-002  0.948500999454544     
   7.65000000000000       1.707870270366674E-002  0.948406191091616     
   7.68000000000000       1.705705288144401E-002  0.948311547171535     
   7.71000000000000       1.703540362803245E-002  0.948217066175005     
   7.74000000000000       1.701375514463675E-002  0.948122747633082     
   7.77000000000000       1.699210822289308E-002  0.948028590524692     
   7.80000000000000       1.697046358021404E-002  0.947934593512186     
   7.83000000000000       1.694882144889053E-002  0.947840756218951     
   7.86000000000000       1.692718280419118E-002  0.947747077242667     
   7.89000000000000       1.690554811243456E-002  0.947653555579124     
   7.92000000000000       1.688391779336169E-002  0.947560190686590     
   7.95000000000000       1.686229284078834E-002  0.947466980977703     
   7.98000000000000       1.684067353347580E-002  0.947373925774691     
   8.01000000000000       1.681906054295616E-002  0.947281024200688     
   8.04000000000000       1.679745473473012E-002  0.947188274717043     
   8.07000000000000       1.677585632401854E-002  0.947095676842501     
   8.10000000000000       1.675426619707596E-002  0.947003229333732     
   8.13000000000000       1.673268501004951E-002  0.946910930878462     
   8.16000000000000       1.671111304561365E-002  0.946818781007865     
   8.19000000000000       1.668955129976307E-002  0.946726778205253     
   8.22000000000000       1.666800021298146E-002  0.946634921462850     
   8.25000000000000       1.664646022897431E-002  0.946543210155894     
   8.28000000000000       1.662493232984276E-002  0.946451642655818     
   8.31000000000000       1.660341679277743E-002  0.946360218239845     
   8.34000000000000       1.658191425578628E-002  0.946268936023706     
   8.37000000000000       1.656042558507565E-002  0.946177794433934     
   8.40000000000000       1.653895097877324E-002  0.946086792944022     
   8.43000000000000       1.651749124400098E-002  0.945995930389153     
   8.46000000000000       1.649604707082680E-002  0.945905205378723     
   8.49000000000000       1.647461866704057E-002  0.945814617462000     
   8.52000000000000       1.645320694428683E-002  0.945724165244074     
   8.55000000000000       1.643181240032384E-002  0.945633847586502     
   8.58000000000000       1.641043532413352E-002  0.945543663996788     
   8.61000000000000       1.638907665264594E-002  0.945453612943995     
   8.64000000000000       1.636773671081471E-002  0.945363693553924     
   8.67000000000000       1.634641591086280E-002  0.945273905202574     
   8.70000000000000       1.632511514178787E-002  0.945184246329893     
   8.73000000000000       1.630383459831865E-002  0.945094716293634     
   8.76000000000000       1.628257482618542E-002  0.945005314288438     
   8.79000000000000       1.626133661158168E-002  0.944916038820901     
   8.82000000000000       1.624012007176457E-002  0.944826889421062     
   8.85000000000000       1.621892587003784E-002  0.944737865092411     
   8.88000000000000       1.619775465730355E-002  0.944648964479270     
   8.91000000000000       1.617660652560363E-002  0.944560187213280     
   8.94000000000000       1.615548222309933E-002  0.944471532128913     
   8.97000000000000       1.613438225376163E-002  0.944382998050527     
   9.00000000000000       1.611330672857711E-002  0.944294584642807     
   9.03000000000000       1.609225644089880E-002  0.944206290613385     
   9.06000000000000       1.607123175256623E-002  0.944118114982555     
   9.09000000000000       1.605023282547696E-002  0.944030057390434     
   9.12000000000000       1.602926045943393E-002  0.943942116468316     
   9.15000000000000       1.600831489006770E-002  0.943854291427560     
   9.18000000000000       1.598739634898094E-002  0.943766581841565     
   9.21000000000000       1.596650560958555E-002  0.943678986314860     
   9.24000000000000       1.594564280340869E-002  0.943591504230834     
   9.27000000000000       1.592480823867120E-002  0.943504135070366     
   9.30000000000000       1.590400263776007E-002  0.943416877453922     
   9.33000000000000       1.588322605232272E-002  0.943329730909910     
   9.36000000000000       1.586247886483881E-002  0.943242694815546     
   9.39000000000000       1.584176173054690E-002  0.943155767840193     
   9.42000000000000       1.582107464456031E-002  0.943068949627344     
   9.45000000000000       1.580041805504030E-002  0.942982239450975     
   9.48000000000000       1.577979254153664E-002  0.942895636052015     
   9.51000000000000       1.575919806314209E-002  0.942809139159877     
   9.54000000000000       1.573863512176993E-002  0.942722747953760     
   9.57000000000000       1.571810421881143E-002  0.942636461259420     
   9.60000000000000       1.569760529402384E-002  0.942550278866216     
   9.63000000000000       1.567713889003490E-002  0.942464199871767     
   9.66000000000000       1.565670543207199E-002  0.942378223192140     
   9.69000000000000       1.563630485307685E-002  0.942292348655156     
   9.72000000000000       1.561593772387325E-002  0.942206575292100     
   9.75000000000000       1.559560439852192E-002  0.942120902108886     
   9.78000000000000       1.557530481168242E-002  0.942035328955264     
   9.81000000000000       1.555503955130381E-002  0.941949854811527     
   9.84000000000000       1.553480890708011E-002  0.941864478768762     
   9.87000000000000       1.551461282038637E-002  0.941779200686929     
   9.90000000000000       1.549445188719771E-002  0.941694019509518     
   9.93000000000000       1.547432634050841E-002  0.941608934405356     
   9.96000000000000       1.545423613049132E-002  0.941523945237219     
   9.99000000000000       1.543418185408821E-002  0.941439050924161     
   10.0200000000000       1.541416369549820E-002  0.941354250703708     
   10.0500000000000       1.539418161348946E-002  0.941269544437694     
   10.0800000000000       1.537423620082391E-002  0.941184931031055     
   10.1100000000000       1.535432760063459E-002  0.941100409780185     
   10.1400000000000       1.533445577838876E-002  0.941015980545121     
   10.1700000000000       1.531462131916672E-002  0.940931642225023     
   10.2000000000000       1.529482433238055E-002  0.940847394165084     
   10.2300000000000       1.527506478711393E-002  0.940763236224880     
   10.2600000000000       1.525534325857913E-002  0.940679167304417     
   10.2900000000000       1.523565982933724E-002  0.940595186787713     
   10.3200000000000       1.521601446823186E-002  0.940511294536757     
   10.3500000000000       1.519640773938958E-002  0.940427489457677     
   10.3800000000000       1.517683970495250E-002  0.940343770963592     
   10.4100000000000       1.515731032922016E-002  0.940260138922763     
   10.4400000000000       1.513782016463959E-002  0.940176592251770     
   10.4700000000000       1.511836925898646E-002  0.940093130383429     
   10.5000000000000       1.509895756755546E-002  0.940009753196605     
   10.5300000000000       1.507958563080438E-002  0.939926459622157     
   10.5600000000000       1.506025348793688E-002  0.939843249103486     
   10.5900000000000       1.504096108082207E-002  0.939760121534457     
   10.6200000000000       1.502170893762226E-002  0.939677075863916     
   10.6500000000000       1.500249709463337E-002  0.939594111537023     
   10.6800000000000       1.498332547610514E-002  0.939511228466685     
   10.7100000000000       1.496419459732432E-002  0.939428425623728     
   10.7400000000000       1.494510449727197E-002  0.939345702446488     
   10.7700000000000       1.492605507883726E-002  0.939263058870252     
   10.8000000000000       1.490704684331471E-002  0.939180493892426     
   10.8300000000000       1.488807983797640E-002  0.939098006936225     
   10.8600000000000       1.486915394125260E-002  0.939015597961560     
   10.8900000000000       1.485026963855300E-002  0.938933265997925     
   10.9200000000000       1.483142699108314E-002  0.938851010445472     
   10.9500000000000       1.481262585057177E-002  0.938768831289542     
   10.9800000000000       1.479386668369424E-002  0.938686727598328     
   11.0100000000000       1.477514957121086E-002  0.938604698741510     
   11.0400000000000       1.475647433701388E-002  0.938522744728866     
   11.0700000000000       1.473784142508426E-002  0.938440864675110     
   11.1000000000000       1.471925094119119E-002  0.938359057912846     
   11.1300000000000       1.470070268166906E-002  0.938277324473154     
   11.1600000000000       1.468219706261723E-002  0.938195663526293     
   11.1900000000000       1.466373421993080E-002  0.938114074362354     
   11.2200000000000       1.464531392429892E-002  0.938032557028169     
   11.2500000000000       1.462693655754389E-002  0.937951110759573     
   11.2800000000000       1.460860229016990E-002  0.937869734800356     
   11.3100000000000       1.459031087102943E-002  0.937788429204930     
   11.3400000000000       1.457206264018194E-002  0.937707193285383     
   11.3700000000000       1.455385780622460E-002  0.937626026237608     
   11.4000000000000       1.453569610204381E-002  0.937544928112773     
   11.4300000000000       1.451757781761214E-002  0.937463898309899     
   11.4600000000000       1.449950320165534E-002  0.937382935978231     
   11.4900000000000       1.448147197911265E-002  0.937302041152337     
   11.5200000000000       1.446348438118696E-002  0.937221213328020     
   11.5500000000000       1.444554069682616E-002  0.937140451612595     
   11.5800000000000       1.442764065308832E-002  0.937059756008537     
   11.6100000000000       1.440978441402224E-002  0.936979126116340     
   11.6400000000000       1.439197230641672E-002  0.936898561010200     
   11.6700000000000       1.437420407129181E-002  0.936818060643510     
   11.7000000000000       1.435647979831342E-002  0.936737624726168     
   11.7300000000000       1.433879984676480E-002  0.936657252312596     
   11.7600000000000       1.432116398473701E-002  0.936576943289593     
   11.7900000000000       1.430357222250015E-002  0.936496697476609     
   11.8200000000000       1.428602494305706E-002  0.936416513926391     
   11.8500000000000       1.426852195525855E-002  0.936336392442336     
   11.8800000000000       1.425106318826455E-002  0.936256332947757     
   11.9100000000000       1.423364903637021E-002  0.936176334516384     
   11.9400000000000       1.421627936248644E-002  0.936096396853581     
   11.9700000000000       1.419895401734454E-002  0.936016519974023     
   12.0000000000000       1.418167339047854E-002  0.935936702998855     
   12.0300000000000       1.416443741067331E-002  0.935856945524637     
   12.0600000000000       1.414724585814457E-002  0.935777247637600     
   12.0900000000000       1.413009909845441E-002  0.935697608535055     
   12.1200000000000       1.411299713536388E-002  0.935618027699573     
   12.1500000000000       1.409593969214448E-002  0.935538505262101     
   12.1800000000000       1.407892708904239E-002  0.935459040524895     
   12.2100000000000       1.406195940990121E-002  0.935379632858676     
   12.2400000000000       1.404503634010001E-002  0.935300282406334     
   12.2700000000000       1.402815813278300E-002  0.935220988600871     
   12.3000000000000       1.401132495173717E-002  0.935141750712106     
   12.3300000000000       1.399453646808109E-002  0.935062568858217     
   12.3600000000000       1.397779284792899E-002  0.934983442622204     
   12.3900000000000       1.396109432851322E-002  0.934904371193808     
   12.4200000000000       1.394444059330987E-002  0.934825354628794     
   12.4500000000000       1.392783170610915E-002  0.934746392669201     
   12.4800000000000       1.391126796389577E-002  0.934667484455701     
   12.5100000000000       1.389474908988102E-002  0.934588629946324     
   12.5400000000000       1.387827503776893E-002  0.934509829037833     
   12.5700000000000       1.386184614309125E-002  0.934431080862179     
   12.6000000000000       1.384546219437583E-002  0.934352385250423     
   12.6300000000000       1.382912303742926E-002  0.934273742234490     
   12.6600000000000       1.381282901814245E-002  0.934195150984905     
   12.6900000000000       1.379658001140645E-002  0.934116611186269     
   12.7200000000000       1.378037576873358E-002  0.934038122970898     
   12.7500000000000       1.376421661288218E-002  0.933959685597892     
   12.7800000000000       1.374810251905576E-002  0.933881298598956     
   12.8100000000000       1.373203316933782E-002  0.933802962159142     
   12.8400000000000       1.371600882768149E-002  0.933724675672827     
   12.8700000000000       1.370002957419654E-002  0.933646438528066     
   12.9000000000000       1.368409505567471E-002  0.933568250906719     
   12.9300000000000       1.366820544396885E-002  0.933490112374598     
   12.9600000000000       1.365236091755684E-002  0.933412022202618     
   12.9900000000000       1.363656112764671E-002  0.933333980511545     
   13.0200000000000       1.362080612856954E-002  0.933255987056993     
   13.0500000000000       1.360509617843430E-002  0.933178041036444     
   13.0800000000000       1.358943097330376E-002  0.933100142456834     
   13.1100000000000       1.357381043788357E-002  0.933022291258514     
   13.1400000000000       1.355823487902309E-002  0.932944486624016     
   13.1700000000000       1.354270407361422E-002  0.932866728405824     
   13.2000000000000       1.352721782194255E-002  0.932789016698286     
   13.2300000000000       1.351177643837203E-002  0.932711350736645     
   13.2600000000000       1.349637980730206E-002  0.932633730196464     
   13.2900000000000       1.348102762837179E-002  0.932556155271959     
   13.3200000000000       1.346572017603717E-002  0.932478625318958     
   13.3500000000000       1.345045745569633E-002  0.932401139836300     
   13.3800000000000       1.343523910628526E-002  0.932323699047534     
   13.4100000000000       1.342006531553968E-002  0.932246302485519     
   13.4400000000000       1.340493620734532E-002  0.932168949497850     
   13.4700000000000       1.338985141021561E-002  0.932091640260941     
   13.5000000000000       1.337481098770213E-002  0.932014374517536     
   13.5300000000000       1.335981516214383E-002  0.931937151514704     
   13.5600000000000       1.334486360419602E-002  0.931859971311248     
   13.5900000000000       1.332995623391704E-002  0.931782833859566     
   13.6200000000000       1.331509333483158E-002  0.931705738378352     
   13.6500000000000       1.330027466607289E-002  0.931628684755471     
   13.6800000000000       1.328550000936728E-002  0.931551673116162     
   13.7100000000000       1.327076965792774E-002  0.931474702735545     
   13.7400000000000       1.325608349212395E-002  0.931397773303224     
   13.7700000000000       1.324144118627063E-002  0.931320885048386     
   13.8000000000000       1.322684298433469E-002  0.931244037385933     
   13.8300000000000       1.321228890172539E-002  0.931167229811714     
   13.8600000000000       1.319777855718407E-002  0.931090462569987     
   13.8900000000000       1.318331208976601E-002  0.931013735279734     
   13.9200000000000       1.316888964157432E-002  0.930937047281672     
   13.9500000000000       1.315451083848027E-002  0.930860398743052     
   13.9800000000000       1.314017567519596E-002  0.930783789515286     
   14.0100000000000       1.312588438905669E-002  0.930707218854497     
   14.0400000000000       1.311163667422889E-002  0.930630686772943     
   14.0700000000000       1.309743236938435E-002  0.930554193336422     
   14.1000000000000       1.308327175468330E-002  0.930477737810435     
   14.1300000000000       1.306915464062218E-002  0.930401320002676     
   14.1600000000000       1.305508073148323E-002  0.930324940129562     
   14.1900000000000       1.304105028378585E-002  0.930248597567294     
   14.2200000000000       1.302706325067152E-002  0.930172291907419     
   14.2500000000000       1.301311925381609E-002  0.930096023420363     
   14.2800000000000       1.299921845804529E-002  0.930019791679188     
   14.3100000000000       1.298536095867942E-002  0.929943596090103     
   14.3400000000000       1.297154636492314E-002  0.929867436869630     
   14.3700000000000       1.295777469707080E-002  0.929791313835005     
   14.4000000000000       1.294404616355347E-002  0.929715226278815     
   14.4300000000000       1.293036043317893E-002  0.929639174268202     
   14.4600000000000       1.291671736023083E-002  0.929563157856468     
   14.4900000000000       1.290311721069328E-002  0.929487176325852     
   14.5200000000000       1.288955977113843E-002  0.929411229530910     
   14.5500000000000       1.287604474869613E-002  0.929335317695726     
   14.5800000000000       1.286257239282953E-002  0.929259440207611     
   14.6100000000000       1.284914264048324E-002  0.929183596690547     
   14.6400000000000       1.283575510781468E-002  0.929107787432260     
   14.6700000000000       1.282240995056566E-002  0.929032012024456     
   14.7000000000000       1.280910725662922E-002  0.928956269893317     
   14.7300000000000       1.279584662989492E-002  0.928880561268759     
   14.7600000000000       1.278262807313568E-002  0.928804886000053     
   14.7900000000000       1.276945179183287E-002  0.928729243396824     
   14.8200000000000       1.275631745781821E-002  0.928653633525572     
   14.8500000000000       1.274322489961649E-002  0.928578056480006     
   14.8800000000000       1.273017437626853E-002  0.928502511570298     
   14.9100000000000       1.271716568964623E-002  0.928426998633971     
   14.9400000000000       1.270419852055673E-002  0.928351517929719     
   14.9700000000000       1.269127309782253E-002  0.928276068895799     
   15.0000000000000       1.267838938394697E-002  0.928200651129668     
   15.0300000000000       1.266554698010111E-002  0.928125264931249     
   15.0600000000000       1.265274600169613E-002  0.928049909969116     
   15.0900000000000       1.263998656439180E-002  0.927974585648684     
   15.1200000000000       1.262726827882178E-002  0.927899292178647     
   15.1500000000000       1.261459109050140E-002  0.927824029499736     
   15.1800000000000       1.260195522205792E-002  0.927748796926680     
   15.2100000000000       1.258936037771089E-002  0.927673594471422     
   15.2400000000000       1.257680632504809E-002  0.927598422309752     
   15.2700000000000       1.256429331521301E-002  0.927523279800842     
   15.3000000000000       1.255182120345336E-002  0.927448166706886     
   15.3300000000000       1.253938962579490E-002  0.927373083331626     
   15.3600000000000       1.252699876795790E-002  0.927298029212378     
   15.3900000000000       1.251464865416345E-002  0.927223003873770     
   15.4200000000000       1.250233887504632E-002  0.927148007604418     
   15.4500000000000       1.249006946906365E-002  0.927073040208089     
   15.4800000000000       1.247784060325488E-002  0.926998101049691     
   15.5100000000000       1.246565192025682E-002  0.926923190267854     
   15.5400000000000       1.245350327172842E-002  0.926848307940518     
   15.5700000000000       1.244139490002916E-002  0.926773453402828     
   15.6000000000000       1.242932657897947E-002  0.926698626554241     
   15.6300000000000       1.241729799429909E-002  0.926623827666630     
   15.6600000000000       1.240530936778603E-002  0.926549056195682     
   15.6900000000000       1.239336064509996E-002  0.926474311780280     
   15.7200000000000       1.238145142185205E-002  0.926399594744842     
   15.7500000000000       1.236958180144449E-002  0.926324904788381     
   15.7800000000000       1.235775189422454E-002  0.926250241342330     
   15.8100000000000       1.234596130899255E-002  0.926175604629723     
   15.8400000000000       1.233420996615077E-002  0.926100994640254     
   15.8700000000000       1.232249808547876E-002  0.926026410717141     
   15.9000000000000       1.231082538434153E-002  0.925951852863893     
   15.9300000000000       1.229919159714176E-002  0.925877321309493     
   15.9600000000000       1.228759695955504E-002  0.925802815466418     
   15.9900000000000       1.227604135699489E-002  0.925728335068539     
   16.0200000000000       1.226452440081157E-002  0.925653880450881     
   16.0500000000000       1.225304623530060E-002  0.925579451241802     
   16.0800000000000       1.224160692305019E-002  0.925505046936614     
   16.1100000000000       1.223020605701841E-002  0.925430667811029     
   16.1400000000000       1.221884360711461E-002  0.925356313787973     
   16.1700000000000       1.220751976870995E-002  0.925281984232290     
   16.2000000000000       1.219623422325326E-002  0.925207679220324     
   16.2300000000000       1.218498674391905E-002  0.925133398943328     
   16.2600000000000       1.217377756854766E-002  0.925059142795977     
   16.2900000000000       1.216260654120666E-002  0.924984910582502     
   16.3200000000000       1.215147328968579E-002  0.924910702638333     
   16.3500000000000       1.214037798122413E-002  0.924836518550835     
   16.3800000000000       1.212932064414989E-002  0.924762357866084     
   16.4100000000000       1.211830086540689E-002  0.924688220891120     
   16.4400000000000       1.210731864570989E-002  0.924614107507391     
   16.4700000000000       1.209637416120063E-002  0.924540017102616     
   16.5000000000000       1.208546707307776E-002  0.924465949799376     
   16.5300000000000       1.207459717941815E-002  0.924391905765215     
   16.5600000000000       1.206376471582514E-002  0.924317884392031     
   16.5900000000000       1.205296950242033E-002  0.924243885529074     
   16.6200000000000       1.204221117822832E-002  0.924169909511775     
   16.6500000000000       1.203148992075383E-002  0.924095955910577     
   16.6800000000000       1.202080573899549E-002  0.924022024304476     
   16.7100000000000       1.201015821819618E-002  0.923948115018183     
   16.7400000000000       1.199954737313702E-002  0.923874227916842     
   16.7700000000000       1.198897336930808E-002  0.923800362405516     
   16.8000000000000       1.197843585955744E-002  0.923726518630800     
   16.8300000000000       1.196793465191015E-002  0.923652696754290     
   16.8600000000000       1.195746997936601E-002  0.923578896173677     
   16.8900000000000       1.194704165375098E-002  0.923505116759057     
   16.9200000000000       1.193664931740563E-002  0.923431358850462     
   16.9500000000000       1.192629314875122E-002  0.923357622021284     
   16.9800000000000       1.191597315225495E-002  0.923283905864333     
   17.0100000000000       1.190568891299535E-002  0.923210210712620     
   17.0400000000000       1.189544044483773E-002  0.923136536438745     
   17.0700000000000       1.188522791215460E-002  0.923062882457045     
   17.1000000000000       1.187505096925136E-002  0.922989248918737     
   17.1300000000000       1.186490941951245E-002  0.922915635997729     
   17.1600000000000       1.185480349433999E-002  0.922842043103449     
   17.1900000000000       1.184473301154469E-002  0.922768470104246     
   17.2200000000000       1.183469760857253E-002  0.922694917350465     
   17.2500000000000       1.182469745663582E-002  0.922621384436302     
   17.2800000000000       1.181473256955963E-002  0.922547870950147     
   17.3100000000000       1.180480253342034E-002  0.922474377224974     
   17.3400000000000       1.179490734719234E-002  0.922400903163042     
   17.3700000000000       1.178504718290426E-002  0.922327448180558     
   17.4000000000000       1.177522170569380E-002  0.922254012415046     
   17.4300000000000       1.176543070085983E-002  0.922180596069287     
   17.4600000000000       1.175567439841910E-002  0.922107198570993     
   17.4900000000000       1.174595263567847E-002  0.922033819765745     
   17.5200000000000       1.173626503850212E-002  0.921960460017918     
   17.5500000000000       1.172661176219762E-002  0.921887118960358     
   17.5800000000000       1.171699284244705E-002  0.921813796161231     
   17.6100000000000       1.170740786902171E-002  0.921740491943508     
   17.6400000000000       1.169785681239869E-002  0.921667206259704     
   17.6700000000000       1.168833985889636E-002  0.921593938523728     
   17.7000000000000       1.167885669470247E-002  0.921520688840831     
   17.7300000000000       1.166940707547991E-002  0.921447457455634     
   17.7600000000000       1.165999122755013E-002  0.921374243823843     
   17.7900000000000       1.165060902075095E-002  0.921301047749039     
   17.8200000000000       1.164126006577160E-002  0.921227869608796     
   17.8500000000000       1.163194449145921E-002  0.921154709093740     
   17.8800000000000       1.162266236580992E-002  0.921081565739983     
   17.9100000000000       1.161341328802033E-002  0.921008439847018     
   17.9400000000000       1.160419718669574E-002  0.920935331435953     
   17.9700000000000       1.159501426565176E-002  0.920862239919708     
   18.0000000000000       1.158586424389621E-002  0.920789165351869     
   18.0300000000000       1.157674683883750E-002  0.920716108026260     
   18.0600000000000       1.156766226689600E-002  0.920643067441216     
   18.0900000000000       1.155861044279955E-002  0.920570043341695     
   18.1200000000000       1.154959096300598E-002  0.920497036111111     
   18.1500000000000       1.154060391690676E-002  0.920424045518403     
   18.1800000000000       1.153164941225969E-002  0.920351071061617     
   18.2100000000000       1.152272706731945E-002  0.920278112998885     
   18.2400000000000       1.151383675639640E-002  0.920205171434358     
   18.2700000000000       1.150497869922630E-002  0.920132245788691     
   18.3000000000000       1.149615266092760E-002  0.920059336044109     
   18.3300000000000       1.148735831650734E-002  0.919986442543181     
   18.3600000000000       1.147859586142934E-002  0.919913564847153     
   18.3900000000000       1.146986526617483E-002  0.919840702630006     
   18.4200000000000       1.146116611962340E-002  0.919767856265813     
   18.4500000000000       1.145249845662965E-002  0.919695025622433     
   18.4800000000000       1.144386242780415E-002  0.919622210161797     
   18.5100000000000       1.143525768414827E-002  0.919549410078727     
   18.5400000000000       1.142668403585295E-002  0.919476625568281     
   18.5700000000000       1.141814171090455E-002  0.919403856076417     
   18.6000000000000       1.140963053451602E-002  0.919331101495683     
   18.6300000000000       1.140115014137278E-002  0.919258362207005     
   18.6600000000000       1.139270068991395E-002  0.919185637859715     
   18.6900000000000       1.138428221423162E-002  0.919112928051199     
   18.7200000000000       1.137589430866396E-002  0.919040233123031     
   18.7500000000000       1.136753693791867E-002  0.918967553059642     
   18.7800000000000       1.135921029246652E-002  0.918894887299010     
   18.8100000000000       1.135091407304306E-002  0.918822235948347     
   18.8400000000000       1.134264802100692E-002  0.918749599291546     
   18.8700000000000       1.133441235786391E-002  0.918676976826601     
   18.9000000000000       1.132620698191928E-002  0.918604368342302     
   18.9300000000000       1.131803149748661E-002  0.918531774236264     
   18.9600000000000       1.130988600585670E-002  0.918459194273257     
   18.9900000000000       1.130177060753062E-002  0.918386627978251     
   19.0200000000000       1.129368492139603E-002  0.918314075630588     
   19.0500000000000       1.128562882879735E-002  0.918241537341396     
   19.0800000000000       1.127760254923368E-002  0.918169012548821     
   19.1100000000000       1.126960585165549E-002  0.918096501249018     
   19.1400000000000       1.126163841188497E-002  0.918024003799457     
   19.1700000000000       1.125370042309626E-002  0.917951519784523     
   19.2000000000000       1.124579186624212E-002  0.917879048883208     
   19.2300000000000       1.123791233389958E-002  0.917806591477160     
   19.2600000000000       1.123006184864525E-002  0.917734147471082     
   19.2900000000000       1.122224057265537E-002  0.917661716334661     
   19.3200000000000       1.121444817294784E-002  0.917589298251953     
   19.3500000000000       1.120668444069476E-002  0.917516893458005     
   19.3800000000000       1.119894960444538E-002  0.917444501427485     
   19.4100000000000       1.119124351854804E-002  0.917372122027397     
   19.4400000000000       1.118356580709367E-002  0.917299755658510     
   19.4700000000000       1.117591660750831E-002  0.917227402029264     
   19.5000000000000       1.116829598649536E-002  0.917155060715233     
   19.5300000000000       1.116070355146169E-002  0.917082732041065     
   19.5600000000000       1.115313922771105E-002  0.917010416065998     
   19.5900000000000       1.114560322444034E-002  0.916938112236858     
   19.6200000000000       1.113809528186602E-002  0.916865820611084     
   19.6500000000000       1.113061510496644E-002  0.916793541527223     
   19.6800000000000       1.112316290225812E-002  0.916721274542607     
   19.7100000000000       1.111573862577215E-002  0.916649019387759     
   19.7400000000000       1.110834187313075E-002  0.916576776462336     
   19.7700000000000       1.110097269694175E-002  0.916504545632315     
   19.8000000000000       1.109363124299859E-002  0.916432326392833     
   19.8300000000000       1.108631716533219E-002  0.916360118967319     
   19.8600000000000       1.107903028234711E-002  0.916287923566511     
   19.8900000000000       1.107177082405141E-002  0.916215739662156     
   19.9200000000000       1.106453862626737E-002  0.916143567161887     
   19.9500000000000       1.105733332591378E-002  0.916071406467572     
   19.9800000000000       1.105015507565407E-002  0.915999257268745     
   20.0100000000000       1.104300392858524E-002  0.915927119168581     
   20.0400000000000       1.103587949101158E-002  0.915854992511544     
   20.0700000000000       1.102878170639976E-002  0.915782877340446     
   20.1000000000000       1.102171078029504E-002  0.915710773112242     
   20.1300000000000       1.101466644576685E-002  0.915638679909118     
   20.1600000000000       1.100764841957967E-002  0.915566598066525     
   20.1900000000000       1.100065691520341E-002  0.915494527140342     
   20.2200000000000       1.099369187895488E-002  0.915422466880417     
   20.2500000000000       1.098675291263506E-002  0.915350417694314     
   20.2800000000000       1.097984007624218E-002  0.915278379446008     
   20.3100000000000       1.097295351440723E-002  0.915206351641850     
   20.3400000000000       1.096609288266090E-002  0.915134334515291     
   20.3700000000000       1.095925800390045E-002  0.915062328280851     
   20.4000000000000       1.095244910973516E-002  0.914990332418057     
   20.4300000000000       1.094566603952002E-002  0.914918346840578     
   20.4600000000000       1.093890843237470E-002  0.914846371956533     
   20.4900000000000       1.093217644060073E-002  0.914774407467097     
   20.5200000000000       1.092547012345755E-002  0.914702452978356     
   20.5500000000000       1.091878909211106E-002  0.914630508835959     
   20.5800000000000       1.091213328508907E-002  0.914558575099770     
   20.6100000000000       1.090550291287090E-002  0.914486651233618     
   20.6400000000000       1.089889771943397E-002  0.914414737312616     
   20.6700000000000       1.089231741595832E-002  0.914342833686683     
   20.7000000000000       1.088576221354052E-002  0.914270939930590     
   20.7300000000000       1.087923207375796E-002  0.914199055783574     
   20.7600000000000       1.087272660022946E-002  0.914127181654298     
   20.7900000000000       1.086624584057965E-002  0.914055317437479     
   20.8200000000000       1.085978995250851E-002  0.913983462636571     
   20.8500000000000       1.085335860548966E-002  0.913911617469333     
   20.8800000000000       1.084695160630911E-002  0.913839782179760     
   20.9100000000000       1.084056918843841E-002  0.913767956264427     
   20.9400000000000       1.083421121451283E-002  0.913696139612048     
   20.9700000000000       1.082787731659565E-002  0.913624332641139     
   21.0000000000000       1.082156763213044E-002  0.913552535092368     
   21.0300000000000       1.081528224385845E-002  0.913480746553398     
   21.0600000000000       1.080902077413633E-002  0.913408967353086     
   21.0900000000000       1.080278313571298E-002  0.913337197597827     
   21.1200000000000       1.079656955026504E-002  0.913265436757678     
   21.1500000000000       1.079037978966889E-002  0.913193684871542     
   21.1800000000000       1.078421354539371E-002  0.913121942316792     
   21.2100000000000       1.077807101736985E-002  0.913050208708067     
   21.2400000000000       1.077195220083120E-002  0.912978483748622     
   21.2700000000000       1.076585670183277E-002  0.912906767838232     
   21.3000000000000       1.075978453655444E-002  0.912835060932176     
   21.3300000000000       1.075373588628553E-002  0.912763362522500     
   21.3600000000000       1.074771044797061E-002  0.912691672785647     
   21.3900000000000       1.074170799521115E-002  0.912619992014448     
   21.4200000000000       1.073572875979219E-002  0.912548319736282     
   21.4500000000000       1.072977264580032E-002  0.912476655787851     
   21.4800000000000       1.072383927397579E-002  0.912405000595416     
   21.5100000000000       1.071792875063204E-002  0.912333353967125     
   21.5400000000000       1.071204119529506E-002  0.912261715457903     
   21.5700000000000       1.070617625146568E-002  0.912190085358388     
   21.6000000000000       1.070033378758577E-002  0.912118463845077     
   21.6300000000000       1.069451403737518E-002  0.912046850401373     
   21.6600000000000       1.068871681788361E-002  0.911975245002668     
   21.6900000000000       1.068294179260349E-002  0.911903648057493     
   21.7200000000000       1.067718913713757E-002  0.911832059245420     
   21.7500000000000       1.067145889546676E-002  0.911760478215253     
   21.7800000000000       1.066575068263550E-002  0.911688905340660     
   21.8100000000000       1.066006446434005E-002  0.911617340663783     
   21.8400000000000       1.065440044988777E-002  0.911545783666584     
   21.8700000000000       1.064875837983653E-002  0.911474234457326     
   21.9000000000000       1.064313798301380E-002  0.911402693386898     
   21.9300000000000       1.063753947943822E-002  0.911331160035227     
   21.9600000000000       1.063196283094367E-002  0.911259634165428     
   21.9900000000000       1.062640765033828E-002  0.911188116198298     
   22.0200000000000       1.062087399378146E-002  0.911116606037619     
   22.0500000000000       1.061536202498762E-002  0.911045103201856     
   22.0800000000000       1.060987142364477E-002  0.910973607917130     
   22.1100000000000       1.060440199929295E-002  0.910902120444386     
   22.1400000000000       1.059895399062231E-002  0.910830640298637     
   22.1700000000000       1.059352727716444E-002  0.910759167367568     
   22.2000000000000       1.058812149466130E-002  0.910687702081622     
   22.2300000000000       1.058273677574120E-002  0.910616244214813     
   22.2600000000000       1.057737322316025E-002  0.910544793353155     
   22.2900000000000       1.057203047495057E-002  0.910473349818403     
   22.3200000000000       1.056670842882157E-002  0.910401913759081     
   22.3500000000000       1.056140731800508E-002  0.910330484661633     
   22.3800000000000       1.055612694508866E-002  0.910259062539354     
   22.4100000000000       1.055086699084421E-002  0.910187647796325     
   22.4400000000000       1.054562764562425E-002  0.910116240095388     
   22.4700000000000       1.054040894163034E-002  0.910044839113229     
   22.5000000000000       1.053521049649104E-002  0.909973445239914     
   22.5300000000000       1.053003229585322E-002  0.909902058499818     
   22.5600000000000       1.052487454662466E-002  0.909830678385433     
   22.5900000000000       1.051973698436419E-002  0.909759305028740     
   22.6200000000000       1.051461935231452E-002  0.909687938775587     
   22.6500000000000       1.050952187749168E-002  0.909616579203119     
   22.6800000000000       1.050444451728567E-002  0.909545226093752     
   22.7100000000000       1.049938689062218E-002  0.909473879875624     
   22.7400000000000       1.049434906418081E-002  0.909402540447732     
   22.7700000000000       1.048933120181749E-002  0.909331207339167     
   22.8000000000000       1.048433298555350E-002  0.909259880787055     
   22.8300000000000       1.047935423288203E-002  0.909188561053383     
   22.8600000000000       1.047439518623713E-002  0.909117247658758     
   22.8900000000000       1.046945572867392E-002  0.909045940498768     
   22.9200000000000       1.046453550101135E-002  0.908974640008656     
   22.9500000000000       1.045963463891011E-002  0.908903345970069     
   22.9800000000000       1.045475325089705E-002  0.908832057973799     
   23.0100000000000       1.044989098147067E-002  0.908760776343398     
   23.0400000000000       1.044504772814971E-002  0.908689501238931     
   23.0700000000000       1.044022372894896E-002  0.908618232154484     
   23.1000000000000       1.043541879714613E-002  0.908546969099409     
   23.1300000000000       1.043063261361706E-002  0.908475712486400     
   23.1600000000000       1.042586536750296E-002  0.908404461995164     
   23.1900000000000       1.042111710407760E-002  0.908333217297255     
   23.2200000000000       1.041638744778012E-002  0.908261978780218     
   23.2500000000000       1.041167637616433E-002  0.908190746492243     
   23.2800000000000       1.040698410549563E-002  0.908119519929517     
   23.3100000000000       1.040231038723008E-002  0.908048299209786     
   23.3400000000000       1.039765495695073E-002  0.907977084696676     
   23.3700000000000       1.039301804004028E-002  0.907905875988547     
   23.4000000000000       1.038839961461518E-002  0.907834672850692     
   23.4300000000000       1.038379930288321E-002  0.907763475710003     
   23.4600000000000       1.037921715739042E-002  0.907692284500744     
   23.4900000000000       1.037465335842822E-002  0.907621098746828     
   23.5200000000000       1.037010760628003E-002  0.907549918664030     
   23.5500000000000       1.036557970172222E-002  0.907478744544929     
   23.5800000000000       1.036106988884447E-002  0.907407575930118     
   23.6100000000000       1.035657807830123E-002  0.907336412685862     
   23.6400000000000       1.035210390721720E-002  0.907265255253007     
   23.6700000000000       1.034764749405228E-002  0.907194103456928     
   23.7000000000000       1.034320897222980E-002  0.907122956870912     
   23.7300000000000       1.033878800351462E-002  0.907051815794377     
   23.7600000000000       1.033438445988663E-002  0.906980680432387     
   23.7900000000000       1.032999858748182E-002  0.906909550292354     
   23.8200000000000       1.032563023231341E-002  0.906838425343507     
   23.8500000000000       1.032127906196350E-002  0.906767306015927     
   23.8800000000000       1.031694524886942E-002  0.906696192036992     
   23.9100000000000       1.031262887196156E-002  0.906625083046551     
   23.9400000000000       1.030832956842877E-002  0.906553979410263     
   23.9700000000000       1.030404728309451E-002  0.906482881235170     
   24.0000000000000       1.029978224915746E-002  0.906411788019476     
   24.0300000000000       1.029553425346506E-002  0.906340699832752     
   24.0600000000000       1.029130300723515E-002  0.906269617071513     
   24.0900000000000       1.028708872323246E-002  0.906198539380426     
   24.1200000000000       1.028289142137307E-002  0.906127466478547     
   24.1500000000000       1.027871072874500E-002  0.906056398778346     
   24.1800000000000       1.027454666068230E-002  0.905985336284307     
   24.2100000000000       1.027039942464530E-002  0.905914278507562     
   24.2400000000000       1.026626875598052E-002  0.905843225611435     
   24.2700000000000       1.026215441980376E-002  0.905772177939041     
   24.3000000000000       1.025805665492198E-002  0.905701135070507     
   24.3300000000000       1.025397542050241E-002  0.905630096812350     
   24.3600000000000       1.024991034785221E-002  0.905559063603404     
   24.3900000000000       1.024586151714061E-002  0.905488035346619     
   24.4200000000000       1.024182909969091E-002  0.905417011585527     
   24.4500000000000       1.023781278874124E-002  0.905345992567325     
   24.4800000000000       1.023381241035516E-002  0.905274978565617     
   24.5100000000000       1.022982821531987E-002  0.905203969115643     
   24.5400000000000       1.022586010280324E-002  0.905132964115565     
   24.5700000000000       1.022190772184499E-002  0.905061964010069     
   24.6000000000000       1.021797120915842E-002  0.904990968606439     
   24.6300000000000       1.021405069200549E-002  0.904919977496962     
   24.6600000000000       1.021014583213959E-002  0.904848991000178     
   24.6900000000000       1.020625652035093E-002  0.904778009308292     
   24.7200000000000       1.020238300624002E-002  0.904707031931557     
   24.7500000000000       1.019852513188652E-002  0.904636058860289     
   24.7800000000000       1.019468257618704E-002  0.904565090525337     
   24.8100000000000       1.019085552229945E-002  0.904494126648136     
   24.8400000000000       1.018704404786303E-002  0.904423166882758     
   24.8700000000000       1.018324779454901E-002  0.904352211604592     
   24.9000000000000       1.017946671851017E-002  0.904281260916942     
   24.9300000000000       1.017570105635822E-002  0.904210314324239     
   24.9600000000000       1.017195059783865E-002  0.904139371906223     
   24.9900000000000       1.016821506198569E-002  0.904068434061822     
   25.0200000000000       1.016449466725009E-002  0.903997500439398     
   25.0500000000000       1.016078943830642E-002  0.903926570764514     
   25.0800000000000       1.015709900843006E-002  0.903855645453602     
   25.1100000000000       1.015342339694964E-002  0.903784724517881     
   25.1400000000000       1.014976281731752E-002  0.903713807473651     
   25.1700000000000       1.014611701323238E-002  0.903642894484546     
   25.2000000000000       1.014248575199893E-002  0.903571985901733     
   25.2300000000000       1.013886927582064E-002  0.903501081315242     
   25.2600000000000       1.013526755507383E-002  0.903430180528662     
   25.2900000000000       1.013168022615988E-002  0.903359283982994     
   25.3200000000000       1.012810736700464E-002  0.903288391598192     
   25.3500000000000       1.012454915950188E-002  0.903217502918145     
   25.3800000000000       1.012100530880627E-002  0.903146618182491     
   25.4100000000000       1.011747563629691E-002  0.903075737681523     
   25.4400000000000       1.011396039657225E-002  0.903004860962724     
   25.4700000000000       1.011045950617214E-002  0.902933987911295     
   25.5000000000000       1.010697261555699E-002  0.902863118976280     
   25.5300000000000       1.010349985477217E-002  0.902792253990722     
   25.5600000000000       1.010004136753939E-002  0.902721392539552     
   25.5900000000000       1.009659682889154E-002  0.902650534928600     
   25.6200000000000       1.009316611770194E-002  0.902579681377198     
   25.6500000000000       1.008974949023038E-002  0.902508831406311     
   25.6800000000000       1.008634681121708E-002  0.902437984983654     
   25.7100000000000       1.008295775517290E-002  0.902367142550321     
   25.7400000000000       1.007958249639106E-002  0.902296303859740     
   25.7700000000000       1.007622113554291E-002  0.902225468548930     
   25.8000000000000       1.007287332655867E-002  0.902154636978615     
   25.8300000000000       1.006953900694718E-002  0.902083809290247     
   25.8600000000000       1.006621842482146E-002  0.902012984993883     
   25.8900000000000       1.006291139653748E-002  0.901942164138255     
   25.9200000000000       1.005961762937510E-002  0.901871347141555     
   25.9500000000000       1.005633733312147E-002  0.901800533687191     
   25.9800000000000       1.005307056214733E-002  0.901729723472917     
   26.0100000000000       1.004981695860504E-002  0.901658916901984     
   26.0400000000000       1.004657651766393E-002  0.901588114034182     
   26.0700000000000       1.004334947062509E-002  0.901517314383343     
   26.1000000000000       1.004013559003563E-002  0.901446518075614     
   26.1300000000000       1.003693462318554E-002  0.901375725492807     
   26.1600000000000       1.003374680617139E-002  0.901304936259565     
   26.1900000000000       1.003057214531059E-002  0.901234150140684     
   26.2200000000000       1.002741028030115E-002  0.901163367568930     
   26.2500000000000       1.002426126114160E-002  0.901092588521639     
   26.2800000000000       1.002112529491527E-002  0.901021812529798     
   26.3100000000000       1.001800211589537E-002  0.900951039791547     
   26.3400000000000       1.001489151699644E-002  0.900880270640663     
   26.3700000000000       1.001179375139729E-002  0.900809504655310     
   26.4000000000000       1.000870877696816E-002  0.900738741671443     
   26.4300000000000       1.000563623999873E-002  0.900667982138086     
   26.4600000000000       1.000257624095203E-002  0.900597225952043     
   26.4900000000000       9.999528956553243E-003  0.900526472673294     
   26.5200000000000       9.996494089122491E-003  0.900455722565019     
   26.5500000000000       9.993471481100266E-003  0.900384975903367     
   26.5800000000000       9.990461393814683E-003  0.900314232232794     
   26.6100000000000       9.987463737514597E-003  0.900243491462494     
   26.6400000000000       9.984478173586676E-003  0.900172754044638     
   26.6700000000000       9.981504847377918E-003  0.900102019799783     
   26.7000000000000       9.978543900401206E-003  0.900031288327072     
   26.7300000000000       9.975595009895002E-003  0.899960559946508     
   26.7600000000000       9.972658070064483E-003  0.899889834869237     
   26.7900000000000       9.969733341968342E-003  0.899819112618776     
   26.8200000000000       9.966820690132104E-003  0.899748393177791     
   26.8500000000000       9.963919798815928E-003  0.899677676988974     
   26.8800000000000       9.961030851766568E-003  0.899606963802905     
   26.9100000000000       9.958153951647437E-003  0.899536253266329     
   26.9400000000000       9.955288757876882E-003  0.899465545746871     
   26.9700000000000       9.952435217039457E-003  0.899394841385565     
   27.0000000000000       9.949593582215675E-003  0.899324139697369     
   27.0300000000000       9.946763675060265E-003  0.899253440736986     
   27.0600000000000       9.943945209537381E-003  0.899182744925810     
   27.0900000000000       9.941138400743633E-003  0.899112051952275     
   27.1200000000000       9.938343310005966E-003  0.899041361517454     
   27.1500000000000       9.935559586366945E-003  0.898970674026677     
   27.1800000000000       9.932787227910382E-003  0.898899989547989     
   27.2100000000000       9.930026472870329E-003  0.898829307599470     
   27.2400000000000       9.927277103688268E-003  0.898758628304947     
   27.2700000000000       9.924538869798192E-003  0.898687952053768     
   27.3000000000000       9.921812010316562E-003  0.898617278481203     
   27.3300000000000       9.919096543799856E-003  0.898546607347721     
   27.3600000000000       9.916392116352509E-003  0.898475939085989     
   27.3900000000000       9.913698775380706E-003  0.898405273690312     
   27.4200000000000       9.911016738272696E-003  0.898334610692641     
   27.4500000000000       9.908345752610653E-003  0.898263950281723     
   27.4800000000000       9.905685607910256E-003  0.898193292805396     
   27.5100000000000       9.903036559930512E-003  0.898122637855508     
   27.5400000000000       9.900398584002299E-003  0.898051985255423     
   27.5700000000000       9.897771330551332E-003  0.897981335454580     
   27.6000000000000       9.895154892994648E-003  0.897910688374747     
   27.6300000000000       9.892549462800961E-003  0.897840043571417     
   27.6600000000000       9.889954757612996E-003  0.897769401292928     
   27.6900000000000       9.887370610434910E-003  0.897698761837601     
   27.7200000000000       9.884797286455154E-003  0.897628124763999     
   27.7500000000000       9.882234718206130E-003  0.897557489960421     
   27.7800000000000       9.879682567356635E-003  0.897486857882555     
   27.8100000000000       9.877140969103618E-003  0.897416228382574     
   27.8400000000000       9.874610084830425E-003  0.897345601048016     
   27.8700000000000       9.872089607605158E-003  0.897274976180537     
   27.9000000000000       9.869579416112184E-003  0.897204354022480     
   27.9300000000000       9.867079778101516E-003  0.897133734109358     
   27.9600000000000       9.864590584525506E-003  0.897063116395090     
   27.9900000000000       9.862111514729129E-003  0.896992501331358     
   28.0200000000000       9.859642740754881E-003  0.896921888705193     
   28.0500000000000       9.857184390615600E-003  0.896851278143449     
   28.0800000000000       9.854736138483065E-003  0.896780669994060     
   28.1100000000000       9.852297909753919E-003  0.896710064438543     
   28.1400000000000       9.849869968320881E-003  0.896639460999410     
   28.1700000000000       9.847452165485111E-003  0.896568859695651     
   28.2000000000000       9.845044204091642E-003  0.896498260965170     
   28.2300000000000       9.842646287592884E-003  0.896427664535543     
   28.2600000000000       9.840258508180892E-003  0.896357070078996     
   28.2900000000000       9.837880527011234E-003  0.896286477982098     
   28.3200000000000       9.835512316118686E-003  0.896215888362290     
   28.3500000000000       9.833154129667173E-003  0.896145300738747     
   28.3800000000000       9.830805781865385E-003  0.896074715193862     
   28.4100000000000       9.828467004177657E-003  0.896004132142647     
   28.4400000000000       9.826138025707727E-003  0.895933551259891     
   28.4700000000000       9.823818901168339E-003  0.895862972268045     
   28.5000000000000       9.821509284660444E-003  0.895792395584238     
   28.5300000000000       9.819209193762942E-003  0.895721821260151     
   28.5600000000000       9.816918867654472E-003  0.895651248820716     
   28.5900000000000       9.814638086555298E-003  0.895580678409060     
   28.6200000000000       9.812366614877808E-003  0.895510110409006     
   28.6500000000000       9.810104701486532E-003  0.895439544449951     
   28.6800000000000       9.807852362684230E-003  0.895368980308269     
   28.7100000000000       9.805609251435782E-003  0.895298418423293     
   28.7400000000000       9.803375428882386E-003  0.895227858780750     
   28.7700000000000       9.801151114588093E-003  0.895157300919732     
   28.8000000000000       9.798936058365751E-003  0.895086745040536     
   28.8300000000000       9.796730061073513E-003  0.895016191488449     
   28.8600000000000       9.794533385443321E-003  0.894945639855346     
   28.8900000000000       9.792346009118290E-003  0.894875089974128     
   28.9200000000000       9.790167589713341E-003  0.894804542297867     
   28.9500000000000       9.787998229154464E-003  0.894733996747503     
   28.9800000000000       9.785838123421655E-003  0.894663452883916     
   29.0100000000000       9.783686995888000E-003  0.894592910960230     
   29.0400000000000       9.781544686500840E-003  0.894522371276885     
   29.0700000000000       9.779411466100197E-003  0.894451833396372     
   29.1000000000000       9.777287274042014E-003  0.894381297209687     
   29.1300000000000       9.775171778108532E-003  0.894310763175215     
   29.1600000000000       9.773065117617104E-003  0.894240231151513     
   29.1900000000000       9.770967461624680E-003  0.894169700728038     
   29.2200000000000       9.768878511354431E-003  0.894099172205724     
   29.2500000000000       9.766798147615430E-003  0.894028645834966     
   29.2800000000000       9.764726643842567E-003  0.893958121157070     
   29.3100000000000       9.762663902033010E-003  0.893887598121736     
   29.3400000000000       9.760609605339792E-003  0.893817077184413     
   29.3700000000000       9.758563926533698E-003  0.893746558144764     
   29.4000000000000       9.756527005044608E-003  0.893676040626749     
   29.4300000000000       9.754498524486446E-003  0.893605524973532     
   29.4600000000000       9.752478407465619E-003  0.893535011381400     
   29.4900000000000       9.750466924799873E-003  0.893464499378578     
   29.5200000000000       9.748463942584039E-003  0.893393988973183     
   29.5500000000000       9.746469164107468E-003  0.893323480609800     
   29.5800000000000       9.744482791293866E-003  0.893252974033599     
   29.6100000000000       9.742504931839676E-003  0.893182468908103     
   29.6400000000000       9.740535256436336E-003  0.893111965612662     
   29.6700000000000       9.738573729626686E-003  0.893041464286553     
   29.7000000000000       9.736620614787569E-003  0.892970964452765     
   29.7300000000000       9.734675744027012E-003  0.892900466176739     
   29.7600000000000       9.732738845053003E-003  0.892829969884691     
   29.7900000000000       9.730810144367675E-003  0.892759475272461     
   29.8200000000000       9.728889716399135E-003  0.892688982047336     
   29.8500000000000       9.726977223709181E-003  0.892618490618451     
   29.8800000000000       9.725072672158748E-003  0.892548001066298     
   29.9100000000000       9.723176313266557E-003  0.892477512916127     
   29.9400000000000       9.721287947491596E-003  0.892407026288846     
   29.9700000000000       9.719407330703596E-003  0.892336541585352     
   30.0000000000000       9.717534709263577E-003  0.892266058457900     
   30.0300000000000       9.715670123334625E-003  0.892195576660910     
   30.0600000000000       9.713813232143088E-003  0.892125096626644     
   30.0900000000000       9.711964081573833E-003  0.892054618376135     
   30.1200000000000       9.710122907323844E-003  0.891984141443930     
   30.1500000000000       9.708289480903130E-003  0.891913666003872     
   30.1800000000000       9.706463589498180E-003  0.891843192425218     
   30.2100000000000       9.704645494562564E-003  0.891772720322824     
   30.2400000000000       9.702835201499843E-003  0.891702249500798     
   30.2700000000000       9.701032370945158E-003  0.891631780407729     
   30.3000000000000       9.699237086903878E-003  0.891561313005541     
   30.3300000000000       9.697449565734539E-003  0.891490846844597     
   30.3600000000000       9.695669553030160E-003  0.891420382148535     
   30.3900000000000       9.693896869840958E-003  0.891349919249356     
   30.4200000000000       9.692131787981931E-003  0.891279457730982     
   30.4500000000000       9.690374278074303E-003  0.891208997449010     
   30.4800000000000       9.688624006779167E-003  0.891138538861491     
   30.5100000000000       9.686881093784913E-003  0.891068081872556     
   30.5400000000000       9.685145733068130E-003  0.890997626054334     
   30.5700000000000       9.683417647604525E-003  0.890927171676563     
   30.6000000000000       9.681696694229362E-003  0.890856719029143     
   30.6300000000000       9.679983150506116E-003  0.890786267671685     
   30.6600000000000       9.678276952691328E-003  0.890715817512336     
   30.6900000000000       9.676577777897728E-003  0.890645369011800     
   30.7200000000000       9.674885778612070E-003  0.890574922018594     
   30.7500000000000       9.673201123841521E-003  0.890504476131957     
   30.7800000000000       9.671523517466443E-003  0.890434031663566     
   30.8100000000000       9.669852853417149E-003  0.890363588857174     
   30.8400000000000       9.668189410565400E-003  0.890293147254731     
   30.8700000000000       9.666533091623908E-003  0.890222706817314     
   30.9000000000000       9.664883588329079E-003  0.890152268001606     
   30.9300000000000       9.663241082732673E-003  0.890081830603460     
   30.9600000000000       9.661605716723932E-003  0.890011394253957     
   30.9900000000000       9.659977178790160E-003  0.889940959302127     
   31.0200000000000       9.658355400652907E-003  0.889870525942369     
   31.0500000000000       9.656740658280292E-003  0.889800093705545     
   31.0800000000000       9.655132822040441E-003  0.889729662605400     
   31.1100000000000       9.653531602163281E-003  0.889659233088141     
   31.1400000000000       9.651937206742517E-003  0.889588804900579     
   31.1700000000000       9.650349748839779E-003  0.889518377709742     
   31.2000000000000       9.648768905381093E-003  0.889447951897087     
   31.2300000000000       9.647194645984031E-003  0.889377527605287     
   31.2600000000000       9.645627239772851E-003  0.889307104360521     
   31.2900000000000       9.644066526313513E-003  0.889236682228336     
   31.3200000000000       9.642512237852598E-003  0.889166261638317     
   31.3500000000000       9.640964604802049E-003  0.889095842292415     
   31.3800000000000       9.639423710095369E-003  0.889025423897094     
   31.4100000000000       9.637889223010785E-003  0.888955006861029     
   31.4400000000000       9.636361150616252E-003  0.888884591273629     
   31.4700000000000       9.634839751545858E-003  0.888814176662545     
   31.5000000000000       9.633324836420175E-003  0.888743763143707     
   31.5300000000000       9.631816162632667E-003  0.888673351124309     
   31.5600000000000       9.630313979062321E-003  0.888602940266079     
   31.5900000000000       9.628818337620221E-003  0.888532530317799     
   31.6200000000000       9.627328903871971E-003  0.888462121709941     
   31.6500000000000       9.625845721374772E-003  0.888391714477920     
   31.6800000000000       9.624369034943861E-003  0.888321308156710     
   31.7100000000000       9.622898628395545E-003  0.888250902910687     
   31.7400000000000       9.621434286982729E-003  0.888180499119320     
   31.7700000000000       9.619976274147134E-003  0.888110096409117     
   31.8000000000000       9.618524610243019E-003  0.888039694573464     
   31.8300000000000       9.617078961049325E-003  0.887969294059059     
   31.8600000000000       9.615639405189436E-003  0.887898894847375     
   31.8900000000000       9.614206170650050E-003  0.887828496486203     
   31.9200000000000       9.612779016849036E-003  0.887758099185944     
   31.9500000000000       9.611357759164375E-003  0.887687703293520     
   31.9800000000000       9.609942671691733E-003  0.887617308405468     
   32.0100000000000       9.608533743061230E-003  0.887546914361495     
   32.0400000000000       9.607130643118328E-003  0.887476521618878     
   32.0700000000000       9.605733483705850E-003  0.887406130105931     
   32.1000000000000       9.604342473314200E-003  0.887335739388355     
   32.1300000000000       9.602957349589847E-003  0.887265349719730     
   32.1600000000000       9.601577959851481E-003  0.887194961410146     
   32.1900000000000       9.600204584990127E-003  0.887124574031588     
   32.2200000000000       9.598837182081361E-003  0.887054187471250     
   32.2500000000000       9.597475428783772E-003  0.886983802191324     
   32.2800000000000       9.596119467941758E-003  0.886913418068433     
   32.3100000000000       9.594769486220556E-003  0.886843034690858     
   32.3400000000000       9.593425202315459E-003  0.886772652352117     
   32.3700000000000       9.592086496834384E-003  0.886702271321764     
   32.4000000000000       9.590753653712326E-003  0.886631891152731     
   32.4300000000000       9.589426598953760E-003  0.886561511780340     
   32.4600000000000       9.588105021619142E-003  0.886491133666085     
   32.4900000000000       9.586789093035081E-003  0.886420756636987     
   32.5200000000000       9.585478976036300E-003  0.886350380308135     
   32.5500000000000       9.584174373358649E-003  0.886280005009392     
   32.5800000000000       9.582875199784586E-003  0.886209630966680     
   32.6100000000000       9.581581738675064E-003  0.886139257719383     
   32.6400000000000       9.580293885753065E-003  0.886068885251089     
   32.6700000000000       9.579011344871187E-003  0.885998514017088     
   32.7000000000000       9.577734313062098E-003  0.885928143797453     
   32.7300000000000       9.576462927656128E-003  0.885857774237855     
   32.7600000000000       9.575196878546813E-003  0.885787405700595     
   32.7900000000000       9.573936115122732E-003  0.885717038365500     
   32.8200000000000       9.572680916732539E-003  0.885646671763837     
   32.8500000000000       9.571431149878028E-003  0.885576305927124     
   32.8800000000000       9.570186536368383E-003  0.885505941299118     
   32.9100000000000       9.568947295960192E-003  0.885435577616084     
   32.9400000000000       9.567713539124051E-003  0.885365214557587     
   32.9700000000000       9.566484946128833E-003  0.885294852514204     
   33.0000000000000       9.565261500963821E-003  0.885224491617824     
   33.0300000000000       9.564043475719999E-003  0.885154131396913     
   33.0600000000000       9.562830709004424E-003  0.885083771930123     
   33.0900000000000       9.561622943482381E-003  0.885013413644576     
   33.1200000000000       9.560420418502833E-003  0.884943056236297     
   33.1500000000000       9.559223216623768E-003  0.884872699421599     
   33.1800000000000       9.558031011781079E-003  0.884802343614946     
   33.2100000000000       9.556843822137099E-003  0.884731988899083     
   33.2400000000000       9.555661909491454E-003  0.884661634804802     
   33.2700000000000       9.554485086136303E-003  0.884591281456676     
   33.3000000000000       9.553313118195400E-003  0.884520929260370     
   33.3300000000000       9.552146261373906E-003  0.884450577875584     
   33.3600000000000       9.550984569572724E-003  0.884380227057781     
   33.3900000000000       9.549827713710180E-003  0.884309877240745     
   33.4200000000000       9.548675745295316E-003  0.884239528457492     
   33.4500000000000       9.547528913049183E-003  0.884169180246048     
   33.4800000000000       9.546387004738860E-003  0.884098832775289     
   33.5100000000000       9.545249812241701E-003  0.884028486424925     
   33.5400000000000       9.544117604331898E-003  0.883958140822535     
   33.5700000000000       9.542990405787630E-003  0.883887795764685     
   33.6000000000000       9.541867887820341E-003  0.883817451699788     
   33.6300000000000       9.540750134105793E-003  0.883747108611137     
   33.6600000000000       9.539637377731404E-003  0.883676766048646     
   33.6900000000000       9.538529383949468E-003  0.883606424223495     
   33.7200000000000       9.537425972335312E-003  0.883536083485321     
   33.7500000000000       9.536327421440937E-003  0.883465743433993     
   33.7800000000000       9.535233726730369E-003  0.883395403908703     
   33.8100000000000       9.534144562985894E-003  0.883325065367711     
   33.8400000000000       9.533060044531931E-003  0.883254727745176     
   33.8700000000000       9.531980386521441E-003  0.883184390607258     
   33.9000000000000       9.530905333879127E-003  0.883114054205098     
   33.9300000000000       9.529834735492669E-003  0.883043718854541     
   33.9600000000000       9.528768876407920E-003  0.882973384132320     
   33.9900000000000       9.527707722853020E-003  0.882903049921343     
   34.0200000000000       9.526650956395622E-003  0.882832716684902     
   34.0500000000000       9.525598720188327E-003  0.882762384309151     
   34.0800000000000       9.524551209397271E-003  0.882692052380543     
   34.1100000000000       9.523508150992536E-003  0.882621721187514     
   34.1400000000000       9.522469424406882E-003  0.882551391008837     
   34.1700000000000       9.521435317974745E-003  0.882481061402773     
   34.2000000000000       9.520405769016785E-003  0.882410732296624     
   34.2300000000000       9.519380468988609E-003  0.882340404153908     
   34.2600000000000       9.518359587795884E-003  0.882270076814409     
   34.2900000000000       9.517343298825994E-003  0.882199749888595     
   34.3200000000000       9.516331313592374E-003  0.882129423699226     
   34.3500000000000       9.515323542965781E-003  0.882059098485194     
   34.3800000000000       9.514320275444738E-003  0.881988773790982     
   34.4100000000000       9.513321420011774E-003  0.881918449588570     
   34.4400000000000       9.512326680981009E-003  0.881848126336949     
   34.4700000000000       9.511336252716673E-003  0.881777803831633     
   34.5000000000000       9.510350285279422E-003  0.881707481710480     
   34.5300000000000       9.509368477359743E-003  0.881637160327344     
   34.5600000000000       9.508390771792418E-003  0.881566839878902     
   34.5900000000000       9.507417454230753E-003  0.881496519900538     
   34.6200000000000       9.506448406122489E-003  0.881426200408809     
   34.6500000000000       9.505483347449223E-003  0.881355881853532     
   34.6800000000000       9.504522494548532E-003  0.881285563988462     
   34.7100000000000       9.503565972862213E-003  0.881215246481880     
   34.7400000000000       9.502613470993810E-003  0.881144929715258     
   34.7700000000000       9.501664963903951E-003  0.881074613841223     
   34.8000000000000       9.500720731535012E-003  0.881004298390674     
   34.8300000000000       9.499780628822870E-003  0.880933983424273     
   34.8600000000000       9.498844394035829E-003  0.880863669378158     
   34.8900000000000       9.497912262853589E-003  0.880793355967219     
   34.9200000000000       9.496984335047946E-003  0.880723042892826     
   34.9500000000000       9.496060291941546E-003  0.880652730560390     
   34.9800000000000       9.495140140454078E-003  0.880582419077152     
   35.0100000000000       9.494224152099775E-003  0.880512107974036     
   35.0400000000000       9.493312156534151E-003  0.880441797354981     
   35.0700000000000       9.492403912713377E-003  0.880371487638131     
   35.1000000000000       9.491499672921341E-003  0.880301178502717     
   35.1300000000000       9.490599510449397E-003  0.880230869685523     
   35.1600000000000       9.489703102199425E-003  0.880160561612036     
   35.1900000000000       9.488810486545148E-003  0.880090254343272     
   35.2200000000000       9.487921924031795E-003  0.880019947414549     
   35.2500000000000       9.487037220461046E-003  0.879949640971920     
   35.2800000000000       9.486156157645602E-003  0.879879335411441     
   35.3100000000000       9.485279001652963E-003  0.879809030380169     
   35.3400000000000       9.484405798718020E-003  0.879738725652265     
   35.3700000000000       9.483536224209664E-003  0.879668421669289     
   35.4000000000000       9.482670347142482E-003  0.879598118445689     
   35.4300000000000       9.481808414730014E-003  0.879527815525371     
   35.4600000000000       9.480950210526763E-003  0.879457513095006     
   35.4900000000000       9.480095541117516E-003  0.879387211524741     
   35.5200000000000       9.479244683497543E-003  0.879316910433168     
   35.5500000000000       9.478397656493253E-003  0.879246609633433     
   35.5800000000000       9.477554136826728E-003  0.879176309579057     
   35.6100000000000       9.476714223047364E-003  0.879106010238058     
   35.6400000000000       9.475878146862304E-003  0.879035711166918     
   35.6700000000000       9.475045671371109E-003  0.878965412591132     
   35.7000000000000       9.474216629566322E-003  0.878895114851409     
   35.7300000000000       9.473391306499303E-003  0.878824817541757     
   35.7600000000000       9.472569693458565E-003  0.878754520515574     
   35.7900000000000       9.471751471386031E-003  0.878684224234150     
   35.8200000000000       9.470936766985034E-003  0.878613928619679     
   35.8500000000000       9.470125794484247E-003  0.878543633244981     
   35.8800000000000       9.469318298465687E-003  0.878473338372290     
   35.9100000000000       9.468514139691452E-003  0.878403044309674     
   35.9400000000000       9.467713608413116E-003  0.878332750630571     
   35.9700000000000       9.466916668470750E-003  0.878262457229552     
   36.0000000000000       9.466123007831260E-003  0.878192164571448     
   36.0300000000000       9.465332779737700E-003  0.878121872533675     
   36.0600000000000       9.464546179161927E-003  0.878051580708912     
   36.0900000000000       9.463762934257231E-003  0.877981289393769     
   36.1200000000000       9.462982934617266E-003  0.877910998860831     
   36.1500000000000       9.462206472888691E-003  0.877840708667058     
   36.1800000000000       9.461433485754060E-003  0.877770418748783     
   36.2100000000000       9.460663670938828E-003  0.877700129570146     
   36.2400000000000       9.459897206388002E-003  0.877629840965245     
   36.2700000000000       9.459134266247126E-003  0.877559552549883     
   36.3000000000000       9.458374564446146E-003  0.877489264652430     
   36.3300000000000       9.457618020188758E-003  0.877418977507521     
   36.3600000000000       9.456864925767377E-003  0.877348690659769     
   36.3900000000000       9.456115191204234E-003  0.877278404087532     
   36.4200000000000       9.455368526618387E-003  0.877208118250059     
   36.4500000000000       9.454625132625561E-003  0.877137832939981     
   36.4800000000000       9.453885161169365E-003  0.877067547799217     
   36.5100000000000       9.453148314296582E-003  0.876997263185046     
   36.5400000000000       9.452414541284433E-003  0.876926979292079     
   36.5700000000000       9.451684131414870E-003  0.876856695656719     
   36.6000000000000       9.450956968744156E-003  0.876786412299287     
   36.6300000000000       9.450232778279770E-003  0.876716129670008     
   36.6600000000000       9.449511781129079E-003  0.876645847522262     
   36.6900000000000       9.448794105864841E-003  0.876575565526786     
   36.7200000000000       9.448079445065542E-003  0.876505284066711     
   36.7500000000000       9.447367778263755E-003  0.876435003294956     
   36.7800000000000       9.446659389175627E-003  0.876364722743810     
   36.8100000000000       9.445954136774001E-003  0.876294442475187     
   36.8400000000000       9.445251763309133E-003  0.876224162926266     
   36.8700000000000       9.444552508054574E-003  0.876153883813699     
   36.9000000000000       9.443856475248149E-003  0.876083604839470     
   36.9300000000000       9.443163350493182E-003  0.876013326409310     
   36.9600000000000       9.442473143468763E-003  0.875943048633193     
   36.9900000000000       9.441786129892131E-003  0.875872771043320     
   37.0200000000000       9.441102144710381E-003  0.875802493742525     
   37.0500000000000       9.440420949596516E-003  0.875732217151056     
   37.0800000000000       9.439742799571299E-003  0.875661940951654     
   37.1100000000000       9.439067773764135E-003  0.875591664879682     
   37.1400000000000       9.438395553360394E-003  0.875521389360053     
   37.1700000000000       9.437726177788838E-003  0.875451114458964     
   37.2000000000000       9.437059912468453E-003  0.875380839712451     
   37.2300000000000       9.436396569556464E-003  0.875310565263303     
   37.2600000000000       9.435735932140000E-003  0.875240291511127     
   37.2900000000000       9.435078268480777E-003  0.875170018107816     
   37.3200000000000       9.434423632030026E-003  0.875099744823952     
   37.3500000000000       9.433771702141144E-003  0.875029472100069     
   37.3800000000000       9.433122547331148E-003  0.874959199958175     
   37.4100000000000       9.432476420566646E-003  0.874888927941938     
   37.4400000000000       9.431833112610760E-003  0.874818656232849     
   37.4700000000000       9.431192429745541E-003  0.874748385206374     
   37.5000000000000       9.430554650925847E-003  0.874678114486828     
   37.5300000000000       9.429919803541428E-003  0.874607843881558     
   37.5600000000000       9.429287567718426E-003  0.874537573843050     
   37.5900000000000       9.428658040143499E-003  0.874467304349121     
   37.6200000000000       9.428031459324750E-003  0.874397034954707     
   37.6500000000000       9.427407596190302E-003  0.874326765878488     
   37.6800000000000       9.426786281774506E-003  0.874256497468514     
   37.7100000000000       9.426167803144593E-003  0.874186229324973     
   37.7400000000000       9.425552161444417E-003  0.874115961293229     
   37.7700000000000       9.424939040166022E-003  0.874045693833958     
   37.8000000000000       9.424328563009773E-003  0.873975426881191     
   37.8300000000000       9.423720952180201E-003  0.873905160004599     
   37.8600000000000       9.423115960469576E-003  0.873834893458265     
   37.8900000000000       9.422513444988781E-003  0.873764627559827     
   37.9200000000000       9.421913698340730E-003  0.873694361888919     
   37.9500000000000       9.421316695415537E-003  0.873624096329886     
   37.9800000000000       9.420722125641177E-003  0.873553831347780     
   38.0100000000000       9.420130138349464E-003  0.873483566833633     
   38.0400000000000       9.419540937764532E-003  0.873413302375129     
   38.0700000000000       9.418954260380178E-003  0.873343038259724     
   38.1000000000000       9.418369990458302E-003  0.873272774771929     
   38.1300000000000       9.417788423579499E-003  0.873202511474499     
   38.1600000000000       9.417209508562131E-003  0.873132248291438     
   38.1900000000000       9.416632943284001E-003  0.873061985688325     
   38.2200000000000       9.416058901133735E-003  0.872991723514362     
   38.2500000000000       9.415487566840172E-003  0.872921461378308     
   38.2800000000000       9.414918662557618E-003  0.872851199598729     
   38.3100000000000       9.414352100525139E-003  0.872780938424607     
   38.3400000000000       9.413788176784106E-003  0.872710677405558     
   38.3700000000000       9.413226814437875E-003  0.872640416505628     
   38.4000000000000       9.412667722259833E-003  0.872570156187085     
   38.4300000000000       9.412111095932648E-003  0.872499896258819     
   38.4600000000000       9.411557099352135E-003  0.872429636353507     
   38.4900000000000       9.411005442405605E-003  0.872359376818341     
   38.5200000000000       9.410456065874363E-003  0.872289117864701     
   38.5500000000000       9.409909263801761E-003  0.872218859032828     
   38.5800000000000       9.409364934110443E-003  0.872148600326923     
   38.6100000000000       9.408822798820644E-003  0.872078342202130     
   38.6400000000000       9.408283073991259E-003  0.872008084428873     
   38.6700000000000       9.407745901517928E-003  0.871937826666364     
   38.7000000000000       9.407210981184294E-003  0.871867569287728     
   38.7300000000000       9.406678282629682E-003  0.871797312465020     
   38.7600000000000       9.406148095517384E-003  0.871727055732865     
   38.7900000000000       9.405620293290879E-003  0.871656799135448     
   38.8200000000000       9.405094613450859E-003  0.871586543117047     
   38.8500000000000       9.404571290383815E-003  0.871516287411771     
   38.8800000000000       9.404050442984608E-003  0.871446031707739     
   38.9100000000000       9.403531763196665E-003  0.871375776401132     
   38.9400000000000       9.403015249557164E-003  0.871305521623313     
   38.9700000000000       9.402501185060690E-003  0.871235266907014     
   39.0000000000000       9.401989419543035E-003  0.871165012335965     
   39.0300000000000       9.401479708088698E-003  0.871094758339928     
   39.0600000000000       9.400972301244119E-003  0.871024504619126     
   39.0900000000000       9.400467294082445E-003  0.870954250892708     
   39.1200000000000       9.399964373020795E-003  0.870883997576869     
   39.1500000000000       9.399463565300048E-003  0.870813744761274     
   39.1800000000000       9.398965145060082E-003  0.870743491980424     
   39.2100000000000       9.398468939553284E-003  0.870673239356889     
   39.2400000000000       9.397974723395874E-003  0.870602987302394     
   39.2700000000000       9.397482761044870E-003  0.870532735485945     
   39.3000000000000       9.396993123104980E-003  0.870462483659598     
   39.3300000000000       9.396505492828337E-003  0.870392232256368     
   39.3600000000000       9.396019925715688E-003  0.870321981323587     
   39.3900000000000       9.395536684974330E-003  0.870251730401100     
   39.4200000000000       9.395055576466648E-003  0.870181479649350     
   39.4500000000000       9.394576396115994E-003  0.870111229458657     
   39.4800000000000       9.394099419968322E-003  0.870040979469700     
   39.5100000000000       9.393624693677384E-003  0.869970729469061     
   39.5400000000000       9.393151899737634E-003  0.869900479903256     
   39.5700000000000       9.392681121228310E-003  0.869830230777017     
   39.6000000000000       9.392212608475487E-003  0.869759981638994     
   39.6300000000000       9.391746147280274E-003  0.869689732686285     
   39.6600000000000       9.391281556463120E-003  0.869619484284625     
   39.6900000000000       9.390819121301680E-003  0.869549236049433     
   39.7200000000000       9.390358862189696E-003  0.869478987803187     
   39.7500000000000       9.389900463277702E-003  0.869408740002471     
   39.7800000000000       9.389444034310067E-003  0.869338492609524     
   39.8100000000000       9.388989810916841E-003  0.869268245185129     
   39.8400000000000       9.388537560312838E-003  0.869197997961572     
   39.8700000000000       9.388087125614059E-003  0.869127751277034     
   39.9000000000000       9.387638798938659E-003  0.869057504724899     
   39.9300000000000       9.387192575282522E-003  0.868987258164643     
   39.9600000000000       9.386748142857839E-003  0.868917012059418     
   39.9900000000000       9.386305636955970E-003  0.868846766329426     
