  0.100000000000000       0.000000000000000E+000  0.100000000000000     
  0.000000000000000E+000
  0.100000000000000       0.000000000000000E+000  0.100000000000000     
  0.000000000000000E+000
  0.200000000000000       0.000000000000000E+000  0.107782943416300     
  1.956947162426614E-002
  0.200000000000000       0.000000000000000E+000  0.107782943416300     
  1.956947162426614E-002
  0.300000000000000       0.000000000000000E+000  0.116150477692012     
  2.348336594911937E-002
  0.300000000000000       0.000000000000000E+000  0.116150477692012     
  2.348336594911937E-002
  0.400000000000000       0.000000000000000E+000  0.125142377208323     
  2.544031311154599E-002
  0.400000000000000       0.000000000000000E+000  0.125142377208323     
  2.544031311154599E-002
  0.500000000000000       0.000000000000000E+000  0.134800229298940     
  2.739726027397260E-002
  0.500000000000000       0.000000000000000E+000  0.134800229298940     
  2.739726027397260E-002
  0.600000000000000       0.000000000000000E+000  0.145167287034404     
  2.739726027397260E-002
  0.600000000000000       0.000000000000000E+000  0.145167287034404     
  2.739726027397260E-002
  0.700000000000000       0.000000000000000E+000  0.156288240331959     
  2.935420743639922E-002
  0.700000000000000       0.000000000000000E+000  0.156288240331959     
  2.935420743639922E-002
  0.800000000000000       0.000000000000000E+000  0.168208879687113     
  2.935420743639922E-002
  0.800000000000000       0.000000000000000E+000  0.168208879687113     
  2.935420743639922E-002
  0.900000000000000       0.000000000000000E+000  0.180975618652076     
  3.131115459882583E-002
  0.900000000000000       0.000000000000000E+000  0.180975618652076     
  3.131115459882583E-002
   1.00000000000000       0.000000000000000E+000  0.194634830073919     
  3.131115459882583E-002
   1.00000000000000       0.000000000000000E+000  0.194634830073919     
  3.131115459882583E-002
   1.10000000000000       0.000000000000000E+000  0.209231935795815     
  3.326810176125244E-002
   1.10000000000000       0.000000000000000E+000  0.209231935795815     
  3.326810176125244E-002
   1.20000000000000       0.000000000000000E+000  0.224810168097820     
  3.326810176125244E-002
   1.20000000000000       0.000000000000000E+000  0.224810168097820     
  3.326810176125244E-002
   1.30000000000000       0.000000000000000E+000  0.241408890569682     
  3.326810176125244E-002
   1.30000000000000       0.000000000000000E+000  0.241408890569682     
  3.326810176125244E-002
   1.40000000000000       0.000000000000000E+000  0.259061321347945     
  3.326810176125244E-002
   1.40000000000000       0.000000000000000E+000  0.259061321347945     
  3.326810176125244E-002
   1.50000000000000       0.000000000000000E+000  0.277791434028574     
  3.326810176125244E-002
   1.50000000000000       0.000000000000000E+000  0.277791434028574     
  3.326810176125244E-002
   1.60000000000000       0.000000000000000E+000  0.297609705354757     
  3.522504892367906E-002
   1.60000000000000       0.000000000000000E+000  0.297609705354757     
  3.522504892367906E-002
   1.70000000000000       0.000000000000000E+000  0.318507204547987     
  3.522504892367906E-002
   1.70000000000000       0.000000000000000E+000  0.318507204547987     
  3.522504892367906E-002
   1.80000000000000       0.000000000000000E+000  0.340447221954950     
  3.522504892367906E-002
   1.80000000000000       0.000000000000000E+000  0.340447221954950     
  3.522504892367906E-002
   1.90000000000000       0.000000000000000E+000  0.363353120217931     
  3.522504892367906E-002
   1.90000000000000       0.000000000000000E+000  0.363353120217931     
  3.522504892367906E-002
   2.00000000000000       0.000000000000000E+000  0.387090244855663     
  3.522504892367906E-002
   2.00000000000000       0.000000000000000E+000  0.387090244855663     
  3.522504892367906E-002
   2.10000000000000       0.000000000000000E+000  0.411438624238162     
  3.522504892367906E-002
   2.10000000000000       0.000000000000000E+000  0.411438624238162     
  3.522504892367906E-002
   2.20000000000000       0.000000000000000E+000  0.436052865750937     
  3.522504892367906E-002
   2.20000000000000       0.000000000000000E+000  0.436052865750937     
  3.522504892367906E-002
   2.30000000000000       0.000000000000000E+000  0.460409682649075     
  3.522504892367906E-002
   2.30000000000000       0.000000000000000E+000  0.460409682649075     
  3.522504892367906E-002
   2.40000000000000       0.000000000000000E+000  0.483757729390653     
  3.718199608610567E-002
   2.40000000000000       0.000000000000000E+000  0.483757729390653     
  3.718199608610567E-002
   2.50000000000000       0.000000000000000E+000  0.505108189494805     
  3.718199608610567E-002
   2.50000000000000       0.000000000000000E+000  0.505108189494805     
  3.718199608610567E-002
   2.60000000000000       0.000000000000000E+000  0.523316792666208     
  3.718199608610567E-002
   2.60000000000000       0.000000000000000E+000  0.523316792666208     
  3.718199608610567E-002
   2.70000000000000       0.000000000000000E+000  0.537282028048607     
  3.718199608610567E-002
   2.70000000000000       0.000000000000000E+000  0.537282028048607     
  3.718199608610567E-002
   2.80000000000000       0.000000000000000E+000  0.546231660926647     
  3.718199608610567E-002
   2.80000000000000       0.000000000000000E+000  0.546231660926647     
  3.718199608610567E-002
   2.90000000000000       0.000000000000000E+000  0.550013237028746     
  3.718199608610567E-002
   2.90000000000000       0.000000000000000E+000  0.550013237028746     
  3.718199608610567E-002
   3.00000000000000       0.000000000000000E+000  0.549224904790708     
  3.718199608610567E-002
   3.00000000000000       0.000000000000000E+000  0.549224904790708     
  3.718199608610567E-002
   3.10000000000000       0.000000000000000E+000  0.545013217294359     
  3.718199608610567E-002
   3.10000000000000       0.000000000000000E+000  0.545013217294359     
  3.718199608610567E-002
   3.20000000000000       0.000000000000000E+000  0.538627214074834     
  3.718199608610567E-002
   3.20000000000000       0.000000000000000E+000  0.538627214074834     
  3.718199608610567E-002
   3.30000000000000       0.000000000000000E+000  0.531054647109934     
  3.913894324853229E-002
   3.30000000000000       0.000000000000000E+000  0.531054647109934     
  3.913894324853229E-002
   3.40000000000000       0.000000000000000E+000  0.522927917483816     
  3.913894324853229E-002
   3.40000000000000       0.000000000000000E+000  0.522927917483816     
  3.913894324853229E-002
   3.50000000000000       0.000000000000000E+000  0.514605591028103     
  3.913894324853229E-002
   3.50000000000000       0.000000000000000E+000  0.514605591028103     
  3.913894324853229E-002
   3.60000000000000       0.000000000000000E+000  0.506277416264559     
  3.913894324853229E-002
   3.60000000000000       0.000000000000000E+000  0.506277416264559     
  3.913894324853229E-002
   3.70000000000000       0.000000000000000E+000  0.498037951583586     
  4.109589041095890E-002
   3.70000000000000       0.000000000000000E+000  0.498037951583586     
  4.109589041095890E-002
   3.80000000000000       0.000000000000000E+000  0.489930867469617     
  4.109589041095890E-002
   3.80000000000000       0.000000000000000E+000  0.489930867469617     
  4.109589041095890E-002
   3.90000000000000       0.000000000000000E+000  0.481973862579368     
  4.109589041095890E-002
   3.90000000000000       0.000000000000000E+000  0.481973862579368     
  4.109589041095890E-002
   4.00000000000000       0.000000000000000E+000  0.474171893225976     
  4.109589041095890E-002
   4.00000000000000       0.000000000000000E+000  0.474171893225976     
  4.109589041095890E-002
   4.10000000000000       0.000000000000000E+000  0.466523857183986     
  4.109589041095890E-002
   4.10000000000000       0.000000000000000E+000  0.466523857183986     
  4.109589041095890E-002
   4.20000000000000       0.000000000000000E+000  0.459025887885721     
  4.305283757338552E-002
   4.20000000000000       0.000000000000000E+000  0.459025887885721     
  4.305283757338552E-002
   4.30000000000000       0.000000000000000E+000  0.451672983638371     
  4.305283757338552E-002
   4.30000000000000       0.000000000000000E+000  0.451672983638371     
  4.305283757338552E-002
   4.40000000000000       3.718199608610567E-002  0.445205733099923     
  4.305283757338552E-002
   4.40000000000000       3.718199608610567E-002  0.445205733099923     
  4.305283757338552E-002
   4.50000000000000       3.718199608610567E-002  0.443192200685107     
  4.305283757338552E-002
   4.50000000000000       3.718199608610567E-002  0.443192200685107     
  4.305283757338552E-002
   4.60000000000000       3.913894324853229E-002  0.442031812883841     
  4.305283757338552E-002
   4.60000000000000       3.913894324853229E-002  0.442031812883841     
  4.305283757338552E-002
   4.70000000000000       3.913894324853229E-002  0.441099664580367     
  4.500978473581213E-002
   4.70000000000000       3.913894324853229E-002  0.441099664580367     
  4.500978473581213E-002
   4.80000000000000       3.913894324853229E-002  0.440167293427116     
  4.500978473581213E-002
   4.80000000000000       3.913894324853229E-002  0.440167293427116     
  4.500978473581213E-002
   4.90000000000000       3.913894324853229E-002  0.439582693402341     
  4.500978473581213E-002
   4.90000000000000       3.913894324853229E-002  0.439582693402341     
  4.500978473581213E-002
   5.00000000000000       3.913894324853229E-002  0.439136101331275     
  4.500978473581213E-002
   5.00000000000000       3.913894324853229E-002  0.439136101331275     
  4.500978473581213E-002
   5.10000000000000       4.109589041095890E-002  0.438670093837804     
  4.500978473581213E-002
   5.10000000000000       4.109589041095890E-002  0.438670093837804     
  4.500978473581213E-002
   5.20000000000000       4.109589041095890E-002  0.438635674006285     
  4.696673189823874E-002
   5.20000000000000       4.109589041095890E-002  0.438635674006285     
  4.696673189823874E-002
   5.30000000000000       4.109589041095890E-002  0.438053049015296     
  4.696673189823874E-002
   5.30000000000000       4.109589041095890E-002  0.438053049015296     
  4.696673189823874E-002
   5.40000000000000       4.109589041095890E-002  0.437354185947224     
  4.696673189823874E-002
   5.40000000000000       4.109589041095890E-002  0.437354185947224     
  4.696673189823874E-002
   5.50000000000000       4.109589041095890E-002  0.436563432871286     
  4.696673189823874E-002
   5.50000000000000       4.109589041095890E-002  0.436563432871286     
  4.696673189823874E-002
   5.60000000000000       4.305283757338552E-002  0.435631722429781     
  4.696673189823874E-002
   5.60000000000000       4.305283757338552E-002  0.435631722429781     
  4.696673189823874E-002
   5.70000000000000       4.305283757338552E-002  0.435456790316312     
  4.892367906066536E-002
   5.70000000000000       4.305283757338552E-002  0.435456790316312     
  4.892367906066536E-002
   5.80000000000000       4.305283757338552E-002  0.434407303909100     
  4.892367906066536E-002
   5.80000000000000       4.305283757338552E-002  0.434407303909100     
  4.892367906066536E-002
   5.90000000000000       4.305283757338552E-002  0.433100216591791     
  4.892367906066536E-002
   5.90000000000000       4.305283757338552E-002  0.433100216591791     
  4.892367906066536E-002
   6.00000000000000       4.305283757338552E-002  0.431779217178283     
  4.892367906066536E-002
   6.00000000000000       4.305283757338552E-002  0.431779217178283     
  4.892367906066536E-002
   6.10000000000000       4.500978473581213E-002  0.430930915145161     
  4.892367906066536E-002
   6.10000000000000       4.500978473581213E-002  0.430930915145161     
  4.892367906066536E-002
   6.20000000000000       4.500978473581213E-002  0.431151442939351     
  4.892367906066536E-002
   6.20000000000000       4.500978473581213E-002  0.431151442939351     
  4.892367906066536E-002
   6.30000000000000       4.500978473581213E-002  0.430192148215940     
  5.088062622309197E-002
   6.30000000000000       4.500978473581213E-002  0.430192148215940     
  5.088062622309197E-002
   6.40000000000000       4.500978473581213E-002  0.428753658769584     
  5.088062622309197E-002
   6.40000000000000       4.500978473581213E-002  0.428753658769584     
  5.088062622309197E-002
   6.50000000000000       4.500978473581213E-002  0.427234975871404     
  5.088062622309197E-002
   6.50000000000000       4.500978473581213E-002  0.427234975871404     
  5.088062622309197E-002
   6.60000000000000       4.696673189823874E-002  0.425878974626653     
  5.088062622309197E-002
   6.60000000000000       4.696673189823874E-002  0.425878974626653     
  5.088062622309197E-002
   6.70000000000000       4.696673189823874E-002  0.426939256254706     
  5.088062622309197E-002
   6.70000000000000       4.696673189823874E-002  0.426939256254706     
  5.088062622309197E-002
   6.80000000000000       4.696673189823874E-002  0.426597095181400     
  5.283757338551859E-002
   6.80000000000000       4.696673189823874E-002  0.426597095181400     
  5.283757338551859E-002
   6.90000000000000       4.696673189823874E-002  0.425376884793622     
  5.283757338551859E-002
   6.90000000000000       4.696673189823874E-002  0.425376884793622     
  5.283757338551859E-002
   7.00000000000000       4.696673189823874E-002  0.423823267405116     
  5.283757338551859E-002
   7.00000000000000       4.696673189823874E-002  0.423823267405116     
  5.283757338551859E-002
   7.10000000000000       4.696673189823874E-002  0.422226120060239     
  5.283757338551859E-002
   7.10000000000000       4.696673189823874E-002  0.422226120060239     
  5.283757338551859E-002
   7.20000000000000       4.892367906066536E-002  0.422640195739461     
  5.283757338551859E-002
   7.20000000000000       4.892367906066536E-002  0.422640195739461     
  5.283757338551859E-002
   7.30000000000000       4.892367906066536E-002  0.423305582203294     
  5.283757338551859E-002
   7.30000000000000       4.892367906066536E-002  0.423305582203294     
  5.283757338551859E-002
   7.40000000000000       4.892367906066536E-002  0.422699146920272     
  5.479452054794520E-002
   7.40000000000000       4.892367906066536E-002  0.422699146920272     
  5.479452054794520E-002
   7.50000000000000       4.892367906066536E-002  0.421339769157622     
  5.479452054794520E-002
   7.50000000000000       4.892367906066536E-002  0.421339769157622     
  5.479452054794520E-002
   7.60000000000000       4.892367906066536E-002  0.419688159922687     
  5.479452054794520E-002
   7.60000000000000       4.892367906066536E-002  0.419688159922687     
  5.479452054794520E-002
   7.70000000000000       5.088062622309197E-002  0.418082098220400     
  5.479452054794520E-002
   7.70000000000000       5.088062622309197E-002  0.418082098220400     
  5.479452054794520E-002
   7.80000000000000       5.088062622309197E-002  0.419584893316358     
  5.479452054794520E-002
   7.80000000000000       5.088062622309197E-002  0.419584893316358     
  5.479452054794520E-002
   7.90000000000000       5.088062622309197E-002  0.420050995839443     
  5.479452054794520E-002
   7.90000000000000       5.088062622309197E-002  0.420050995839443     
  5.479452054794520E-002
   8.00000000000000       5.088062622309197E-002  0.419327038300650     
  5.675146771037182E-002
   8.00000000000000       5.088062622309197E-002  0.419327038300650     
  5.675146771037182E-002
   8.10000000000000       5.088062622309197E-002  0.417884907098601     
  5.675146771037182E-002
   8.10000000000000       5.088062622309197E-002  0.417884907098601     
  5.675146771037182E-002
   8.20000000000000       5.088062622309197E-002  0.416144750575929     
  5.675146771037182E-002
   8.20000000000000       5.088062622309197E-002  0.416144750575929     
  5.675146771037182E-002
   8.30000000000000       5.283757338551859E-002  0.415318642246932     
  5.675146771037182E-002
   8.30000000000000       5.283757338551859E-002  0.415318642246932     
  5.675146771037182E-002
   8.40000000000000       5.283757338551859E-002  0.416706407925247     
  5.675146771037182E-002
   8.40000000000000       5.283757338551859E-002  0.416706407925247     
  5.675146771037182E-002
   8.50000000000000       5.283757338551859E-002  0.417143293284722     
  5.675146771037182E-002
   8.50000000000000       5.283757338551859E-002  0.417143293284722     
  5.675146771037182E-002
   8.60000000000000       5.283757338551859E-002  0.416429912769620     
  5.870841487279843E-002
   8.60000000000000       5.283757338551859E-002  0.416429912769620     
  5.870841487279843E-002
   8.70000000000000       5.283757338551859E-002  0.414974538620283     
  5.870841487279843E-002
   8.70000000000000       5.283757338551859E-002  0.414974538620283     
  5.870841487279843E-002
   8.80000000000000       5.283757338551859E-002  0.413180364739266     
  5.870841487279843E-002
   8.80000000000000       5.283757338551859E-002  0.413180364739266     
  5.870841487279843E-002
   8.90000000000000       5.479452054794520E-002  0.412690999709463     
  5.870841487279843E-002
   8.90000000000000       5.479452054794520E-002  0.412690999709463     
  5.870841487279843E-002
   9.00000000000000       5.479452054794520E-002  0.414037221142959     
  5.870841487279843E-002
   9.00000000000000       5.479452054794520E-002  0.414037221142959     
  5.870841487279843E-002
   9.10000000000000       5.479452054794520E-002  0.414579299093111     
  5.870841487279843E-002
   9.10000000000000       5.479452054794520E-002  0.414579299093111     
  5.870841487279843E-002
   9.20000000000000       5.479452054794520E-002  0.413996361787114     
  6.066536203522505E-002
   9.20000000000000       5.479452054794520E-002  0.413996361787114     
  6.066536203522505E-002
   9.30000000000000       5.479452054794520E-002  0.412604048348845     
  6.066536203522505E-002
   9.30000000000000       5.479452054794520E-002  0.412604048348845     
  6.066536203522505E-002
   9.40000000000000       5.479452054794520E-002  0.410799240560328     
  6.066536203522505E-002
   9.40000000000000       5.479452054794520E-002  0.410799240560328     
  6.066536203522505E-002
   9.50000000000000       5.675146771037182E-002  0.410242180552264     
  6.066536203522505E-002
   9.50000000000000       5.675146771037182E-002  0.410242180552264     
  6.066536203522505E-002
   9.60000000000000       5.675146771037182E-002  0.411571822857482     
  6.066536203522505E-002
   9.60000000000000       5.675146771037182E-002  0.411571822857482     
  6.066536203522505E-002
   9.70000000000000       5.675146771037182E-002  0.412301188000140     
  6.066536203522505E-002
   9.70000000000000       5.675146771037182E-002  0.412301188000140     
  6.066536203522505E-002
   9.80000000000000       5.675146771037182E-002  0.411960473670422     
  6.066536203522505E-002
   9.80000000000000       5.675146771037182E-002  0.411960473670422     
  6.066536203522505E-002
   9.90000000000000       5.675146771037182E-002  0.410717445458013     
  6.262230919765166E-002
   9.90000000000000       5.675146771037182E-002  0.410717445458013     
  6.262230919765166E-002
   10.0000000000000       5.675146771037182E-002  0.408956935366876     
  6.262230919765166E-002
   10.0000000000000       5.675146771037182E-002  0.408956935366876     
  6.262230919765166E-002
   10.1000000000000       5.870841487279843E-002  0.407988110965513     
  6.262230919765166E-002
   10.1000000000000       5.870841487279843E-002  0.407988110965513     
  6.262230919765166E-002
   10.2000000000000       5.870841487279843E-002  0.409282966478459     
  6.262230919765166E-002
   10.2000000000000       5.870841487279843E-002  0.409282966478459     
  6.262230919765166E-002
   10.3000000000000       5.870841487279843E-002  0.410216918180666     
  6.262230919765166E-002
   10.3000000000000       5.870841487279843E-002  0.410216918180666     
  6.262230919765166E-002
   10.4000000000000       5.870841487279843E-002  0.410215266017599     
  6.262230919765166E-002
   10.4000000000000       5.870841487279843E-002  0.410215266017599     
  6.262230919765166E-002
   10.5000000000000       5.870841487279843E-002  0.409224269505725     
  6.457925636007827E-002
   10.5000000000000       5.870841487279843E-002  0.409224269505725     
  6.457925636007827E-002
   10.6000000000000       5.870841487279843E-002  0.407582514225381     
  6.457925636007827E-002
   10.6000000000000       5.870841487279843E-002  0.407582514225381     
  6.457925636007827E-002
   10.7000000000000       6.066536203522505E-002  0.405935407707676     
  6.457925636007827E-002
   10.7000000000000       6.066536203522505E-002  0.405935407707676     
  6.457925636007827E-002
   10.8000000000000       6.066536203522505E-002  0.407159271693405     
  6.457925636007827E-002
   10.8000000000000       6.066536203522505E-002  0.407159271693405     
  6.457925636007827E-002
   10.9000000000000       6.066536203522505E-002  0.408246002783559     
  6.457925636007827E-002
   10.9000000000000       6.066536203522505E-002  0.408246002783559     
  6.457925636007827E-002
   11.0000000000000       6.066536203522505E-002  0.408635732965425     
  6.457925636007827E-002
   11.0000000000000       6.066536203522505E-002  0.408635732965425     
  6.457925636007827E-002
   11.1000000000000       6.066536203522505E-002  0.408011740232963     
  6.653620352250489E-002
   11.1000000000000       6.066536203522505E-002  0.408011740232963     
  6.653620352250489E-002
   11.2000000000000       6.066536203522505E-002  0.406586849192227     
  6.653620352250489E-002
   11.2000000000000       6.066536203522505E-002  0.406586849192227     
  6.653620352250489E-002
   11.3000000000000       6.066536203522505E-002  0.404698607355918     
  6.653620352250489E-002
   11.3000000000000       6.066536203522505E-002  0.404698607355918     
  6.653620352250489E-002
   11.4000000000000       6.262230919765166E-002  0.405210791788799     
  6.653620352250489E-002
   11.4000000000000       6.262230919765166E-002  0.405210791788799     
  6.653620352250489E-002
   11.5000000000000       6.262230919765166E-002  0.406353076726523     
  6.653620352250489E-002
   11.5000000000000       6.262230919765166E-002  0.406353076726523     
  6.653620352250489E-002
   11.6000000000000       6.262230919765166E-002  0.407101240196122     
  6.653620352250489E-002
   11.6000000000000       6.262230919765166E-002  0.407101240196122     
  6.653620352250489E-002
   11.7000000000000       6.262230919765166E-002  0.406945730525193     
  6.653620352250489E-002
   11.7000000000000       6.262230919765166E-002  0.406945730525193     
  6.653620352250489E-002
   11.8000000000000       6.262230919765166E-002  0.405858679354477     
  6.849315068493150E-002
   11.8000000000000       6.262230919765166E-002  0.405858679354477     
  6.849315068493150E-002
   11.9000000000000       6.262230919765166E-002  0.404143601945537     
  6.849315068493150E-002
   11.9000000000000       6.262230919765166E-002  0.404143601945537     
  6.849315068493150E-002
   12.0000000000000       6.457925636007827E-002  0.403450277406470     
  6.849315068493150E-002
   12.0000000000000       6.457925636007827E-002  0.403450277406470     
  6.849315068493150E-002
   12.1000000000000       6.457925636007827E-002  0.404556009769437     
  6.849315068493150E-002
   12.1000000000000       6.457925636007827E-002  0.404556009769437     
  6.849315068493150E-002
   12.2000000000000       6.457925636007827E-002  0.405536809124328     
  6.849315068493150E-002
   12.2000000000000       6.457925636007827E-002  0.405536809124328     
  6.849315068493150E-002
   12.3000000000000       6.457925636007827E-002  0.405881413008457     
  6.849315068493150E-002
   12.3000000000000       6.457925636007827E-002  0.405881413008457     
  6.849315068493150E-002
   12.4000000000000       6.457925636007827E-002  0.405262584257201     
  6.849315068493150E-002
   12.4000000000000       6.457925636007827E-002  0.405262584257201     
  6.849315068493150E-002
   12.5000000000000       6.457925636007827E-002  0.403841135111980     
  7.045009784735812E-002
   12.5000000000000       6.457925636007827E-002  0.403841135111980     
  7.045009784735812E-002
   12.6000000000000       6.457925636007827E-002  0.401927646111124     
  7.045009784735812E-002
   12.6000000000000       6.457925636007827E-002  0.401927646111124     
  7.045009784735812E-002
   12.7000000000000       6.653620352250489E-002  0.402898213818033     
  7.045009784735812E-002
   12.7000000000000       6.653620352250489E-002  0.402898213818033     
  7.045009784735812E-002
   12.8000000000000       6.653620352250489E-002  0.403950825878320     
  7.045009784735812E-002
   12.8000000000000       6.653620352250489E-002  0.403950825878320     
  7.045009784735812E-002
   12.9000000000000       6.653620352250489E-002  0.404701247408189     
  7.045009784735812E-002
   12.9000000000000       6.653620352250489E-002  0.404701247408189     
  7.045009784735812E-002
   13.0000000000000       6.653620352250489E-002  0.404644378546573     
  7.045009784735812E-002
   13.0000000000000       6.653620352250489E-002  0.404644378546573     
  7.045009784735812E-002
   13.1000000000000       6.653620352250489E-002  0.403658433379692     
  7.240704500978473E-002
   13.1000000000000       6.653620352250489E-002  0.403658433379692     
  7.240704500978473E-002
   13.2000000000000       6.653620352250489E-002  0.401993559721747     
  7.240704500978473E-002
   13.2000000000000       6.653620352250489E-002  0.401993559721747     
  7.240704500978473E-002
   13.3000000000000       6.849315068493150E-002  0.401405016473782     
  7.240704500978473E-002
   13.3000000000000       6.849315068493150E-002  0.401405016473782     
  7.240704500978473E-002
   13.4000000000000       6.849315068493150E-002  0.402417018397767     
  7.240704500978473E-002
   13.4000000000000       6.849315068493150E-002  0.402417018397767     
  7.240704500978473E-002
   13.5000000000000       6.849315068493150E-002  0.403378205828692     
  7.240704500978473E-002
   13.5000000000000       6.849315068493150E-002  0.403378205828692     
  7.240704500978473E-002
   13.6000000000000       6.849315068493150E-002  0.403857291585037     
  7.240704500978473E-002
   13.6000000000000       6.849315068493150E-002  0.403857291585037     
  7.240704500978473E-002
   13.7000000000000       6.849315068493150E-002  0.403440185858630     
  7.240704500978473E-002
   13.7000000000000       6.849315068493150E-002  0.403440185858630     
  7.240704500978473E-002
   13.8000000000000       6.849315068493150E-002  0.402168775121059     
  7.436399217221135E-002
   13.8000000000000       6.849315068493150E-002  0.402168775121059     
  7.436399217221135E-002
   13.9000000000000       6.849315068493150E-002  0.400323999281287     
  7.436399217221135E-002
   13.9000000000000       6.849315068493150E-002  0.400323999281287     
  7.436399217221135E-002
   14.0000000000000       7.045009784735812E-002  0.401006986278224     
  7.436399217221135E-002
   14.0000000000000       7.045009784735812E-002  0.401006986278224     
  7.436399217221135E-002
   14.1000000000000       7.045009784735812E-002  0.401995385167312     
  7.436399217221135E-002
   14.1000000000000       7.045009784735812E-002  0.401995385167312     
  7.436399217221135E-002
   14.2000000000000       7.045009784735812E-002  0.402828304248608     
  7.436399217221135E-002
   14.2000000000000       7.045009784735812E-002  0.402828304248608     
  7.436399217221135E-002
   14.3000000000000       7.045009784735812E-002  0.403024346422548     
  7.436399217221135E-002
   14.3000000000000       7.045009784735812E-002  0.403024346422548     
  7.436399217221135E-002
   14.4000000000000       7.045009784735812E-002  0.402300475638120     
  7.436399217221135E-002
   14.4000000000000       7.045009784735812E-002  0.402300475638120     
  7.436399217221135E-002
   14.5000000000000       7.045009784735812E-002  0.400806452471046     
  7.632093933463796E-002
   14.5000000000000       7.045009784735812E-002  0.400806452471046     
  7.632093933463796E-002
   14.6000000000000       7.240704500978473E-002  0.399734940743332     
  7.632093933463796E-002
   14.6000000000000       7.240704500978473E-002  0.399734940743332     
  7.632093933463796E-002
   14.7000000000000       7.240704500978473E-002  0.400670717556777     
  7.632093933463796E-002
   14.7000000000000       7.240704500978473E-002  0.400670717556777     
  7.632093933463796E-002
   14.8000000000000       7.240704500978473E-002  0.401621935534537     
  7.632093933463796E-002
   14.8000000000000       7.240704500978473E-002  0.401621935534537     
  7.632093933463796E-002
   14.9000000000000       7.240704500978473E-002  0.402297798799129     
  7.632093933463796E-002
   14.9000000000000       7.240704500978473E-002  0.402297798799129     
  7.632093933463796E-002
   15.0000000000000       7.240704500978473E-002  0.402220524543140     
  7.632093933463796E-002
   15.0000000000000       7.240704500978473E-002  0.402220524543140     
  7.632093933463796E-002
   15.1000000000000       7.240704500978473E-002  0.401240933312668     
  7.827788649706457E-002
   15.1000000000000       7.240704500978473E-002  0.401240933312668     
  7.827788649706457E-002
   15.2000000000000       7.240704500978473E-002  0.399571622745901     
  7.827788649706457E-002
   15.2000000000000       7.240704500978473E-002  0.399571622745901     
  7.827788649706457E-002
   15.3000000000000       7.436399217221135E-002  0.399465445974832     
  7.827788649706457E-002
   15.3000000000000       7.436399217221135E-002  0.399465445974832     
  7.827788649706457E-002
   15.4000000000000       7.436399217221135E-002  0.400389383072048     
  7.827788649706457E-002
   15.4000000000000       7.436399217221135E-002  0.400389383072048     
  7.827788649706457E-002
   15.5000000000000       7.436399217221135E-002  0.401286918949236     
  7.827788649706457E-002
   15.5000000000000       7.436399217221135E-002  0.401286918949236     
  7.827788649706457E-002
   15.6000000000000       7.436399217221135E-002  0.401787378066003     
  7.827788649706457E-002
   15.6000000000000       7.436399217221135E-002  0.401787378066003     
  7.827788649706457E-002
   15.7000000000000       7.436399217221135E-002  0.401458312923608     
  7.827788649706457E-002
   15.7000000000000       7.436399217221135E-002  0.401458312923608     
  7.827788649706457E-002
   15.8000000000000       7.436399217221135E-002  0.400266526499019     
  8.023483365949119E-002
   15.8000000000000       7.436399217221135E-002  0.400266526499019     
  8.023483365949119E-002
   15.9000000000000       7.436399217221135E-002  0.398457758479669     
  8.023483365949119E-002
   15.9000000000000       7.436399217221135E-002  0.398457758479669     
  8.023483365949119E-002
   16.0000000000000       7.632093933463796E-002  0.399242546356363     
  8.023483365949119E-002
   16.0000000000000       7.632093933463796E-002  0.399242546356363     
  8.023483365949119E-002
   16.1000000000000       7.632093933463796E-002  0.400155267058741     
  8.023483365949119E-002
   16.1000000000000       7.632093933463796E-002  0.400155267058741     
  8.023483365949119E-002
   16.2000000000000       7.632093933463796E-002  0.400982620573854     
  8.023483365949119E-002
   16.2000000000000       7.632093933463796E-002  0.400982620573854     
  8.023483365949119E-002
   16.3000000000000       7.632093933463796E-002  0.401299214468700     
  8.023483365949119E-002
   16.3000000000000       7.632093933463796E-002  0.401299214468700     
  8.023483365949119E-002
   16.4000000000000       7.632093933463796E-002  0.400744252480362     
  8.023483365949119E-002
   16.4000000000000       7.632093933463796E-002  0.400744252480362     
  8.023483365949119E-002
   16.5000000000000       7.632093933463796E-002  0.399375786506026     
  8.219178082191780E-002
   16.5000000000000       7.632093933463796E-002  0.399375786506026     
  8.219178082191780E-002
   16.6000000000000       7.827788649706457E-002  0.398187897180165     
  8.219178082191780E-002
   16.6000000000000       7.827788649706457E-002  0.398187897180165     
  8.219178082191780E-002
   16.7000000000000       7.827788649706457E-002  0.399062496595895     
  8.219178082191780E-002
   16.7000000000000       7.827788649706457E-002  0.399062496595895     
  8.219178082191780E-002
   16.8000000000000       7.827788649706457E-002  0.399960804339341     
  8.219178082191780E-002
   16.8000000000000       7.827788649706457E-002  0.399960804339341     
  8.219178082191780E-002
   16.9000000000000       7.827788649706457E-002  0.400703160395848     
  8.219178082191780E-002
   16.9000000000000       7.827788649706457E-002  0.400703160395848     
  8.219178082191780E-002
   17.0000000000000       7.827788649706457E-002  0.400835265173198     
  8.219178082191780E-002
   17.0000000000000       7.827788649706457E-002  0.400835265173198     
  8.219178082191780E-002
   17.1000000000000       7.827788649706457E-002  0.400080252068493     
  8.219178082191780E-002
   17.1000000000000       7.827788649706457E-002  0.400080252068493     
  8.219178082191780E-002
   17.2000000000000       7.827788649706457E-002  0.398563691084087     
  8.414872798434442E-002
   17.2000000000000       7.827788649706457E-002  0.398563691084087     
  8.414872798434442E-002
   17.3000000000000       8.023483365949119E-002  0.398057100546361     
  8.414872798434442E-002
   17.3000000000000       8.023483365949119E-002  0.398057100546361     
  8.414872798434442E-002
   17.4000000000000       8.023483365949119E-002  0.398920591799901     
  8.414872798434442E-002
   17.4000000000000       8.023483365949119E-002  0.398920591799901     
  8.414872798434442E-002
   17.5000000000000       8.023483365949119E-002  0.399799031095581     
  8.414872798434442E-002
   17.5000000000000       8.023483365949119E-002  0.399799031095581     
  8.414872798434442E-002
   17.6000000000000       8.023483365949119E-002  0.400444077133266     
  8.414872798434442E-002
   17.6000000000000       8.023483365949119E-002  0.400444077133266     
  8.414872798434442E-002
   17.7000000000000       8.023483365949119E-002  0.400396488955042     
  8.414872798434442E-002
   17.7000000000000       8.023483365949119E-002  0.400396488955042     
  8.414872798434442E-002
   17.8000000000000       8.023483365949119E-002  0.399465121059863     
  8.610567514677103E-002
   17.8000000000000       8.023483365949119E-002  0.399465121059863     
  8.610567514677103E-002
   17.9000000000000       8.023483365949119E-002  0.397823476151012     
  8.610567514677103E-002
   17.9000000000000       8.023483365949119E-002  0.397823476151012     
  8.610567514677103E-002
   18.0000000000000       8.219178082191780E-002  0.397954660963702     
  8.610567514677103E-002
   18.0000000000000       8.219178082191780E-002  0.397954660963702     
  8.610567514677103E-002
   18.1000000000000       8.219178082191780E-002  0.398811901738087     
  8.610567514677103E-002
   18.1000000000000       8.219178082191780E-002  0.398811901738087     
  8.610567514677103E-002
   18.2000000000000       8.219178082191780E-002  0.399663743498187     
  8.610567514677103E-002
   18.2000000000000       8.219178082191780E-002  0.399663743498187     
  8.610567514677103E-002
   18.3000000000000       8.219178082191780E-002  0.400201906119771     
  8.610567514677103E-002
   18.3000000000000       8.219178082191780E-002  0.400201906119771     
  8.610567514677103E-002
   18.4000000000000       8.219178082191780E-002  0.399982703424785     
  8.610567514677103E-002
   18.4000000000000       8.219178082191780E-002  0.399982703424785     
  8.610567514677103E-002
   18.5000000000000       8.219178082191780E-002  0.398895811903937     
  8.806262230919765E-002
   18.5000000000000       8.219178082191780E-002  0.398895811903937     
  8.806262230919765E-002
   18.6000000000000       8.219178082191780E-002  0.397147732691718     
  8.806262230919765E-002
   18.6000000000000       8.219178082191780E-002  0.397147732691718     
  8.806262230919765E-002
   18.7000000000000       8.414872798434442E-002  0.397878394294311     
  8.806262230919765E-002
   18.7000000000000       8.414872798434442E-002  0.397878394294311     
  8.806262230919765E-002
   18.8000000000000       8.414872798434442E-002  0.398731637497606     
  8.806262230919765E-002
   18.8000000000000       8.414872798434442E-002  0.398731637497606     
  8.806262230919765E-002
   18.9000000000000       8.414872798434442E-002  0.399549512446235     
  8.806262230919765E-002
   18.9000000000000       8.414872798434442E-002  0.399549512446235     
  8.806262230919765E-002
   19.0000000000000       8.414872798434442E-002  0.399973841679500     
  8.806262230919765E-002
   19.0000000000000       8.414872798434442E-002  0.399973841679500     
  8.806262230919765E-002
   19.1000000000000       8.414872798434442E-002  0.399592768130250     
  8.806262230919765E-002
   19.1000000000000       8.414872798434442E-002  0.399592768130250     
  8.806262230919765E-002
   19.2000000000000       8.414872798434442E-002  0.398368301875739     
  9.001956947162426E-002
   19.2000000000000       8.414872798434442E-002  0.398368301875739     
  9.001956947162426E-002
   19.3000000000000       8.610567514677103E-002  0.396984667671584     
  9.001956947162426E-002
   19.3000000000000       8.610567514677103E-002  0.396984667671584     
  9.001956947162426E-002
   19.4000000000000       8.610567514677103E-002  0.397825696513150     
  9.001956947162426E-002
   19.4000000000000       8.610567514677103E-002  0.397825696513150     
  9.001956947162426E-002
   19.5000000000000       8.610567514677103E-002  0.398675323015580     
  9.001956947162426E-002
   19.5000000000000       8.610567514677103E-002  0.398675323015580     
  9.001956947162426E-002
   19.6000000000000       8.610567514677103E-002  0.399451633084538     
  9.001956947162426E-002
   19.6000000000000       8.610567514677103E-002  0.399451633084538     
  9.001956947162426E-002
   19.7000000000000       8.610567514677103E-002  0.399757504162482     
  9.001956947162426E-002
   19.7000000000000       8.610567514677103E-002  0.399757504162482     
  9.001956947162426E-002
   19.8000000000000       8.610567514677103E-002  0.399224873238263     
  9.001956947162426E-002
   19.8000000000000       8.610567514677103E-002  0.399224873238263     
  9.001956947162426E-002
   19.9000000000000       8.610567514677103E-002  0.397878177767522     
  9.197651663405088E-002
   19.9000000000000       8.610567514677103E-002  0.397878177767522     
  9.197651663405088E-002
   20.0000000000000       8.806262230919765E-002  0.396965680606955     
  9.197651663405088E-002
   20.0000000000000       8.806262230919765E-002  0.396965680606955     
  9.197651663405088E-002
   20.1000000000000       8.806262230919765E-002  0.397793867665516     
  9.197651663405088E-002
   20.1000000000000       8.806262230919765E-002  0.397793867665516     
  9.197651663405088E-002
   20.2000000000000       8.806262230919765E-002  0.398638861731293     
  9.197651663405088E-002
   20.2000000000000       8.806262230919765E-002  0.398638861731293     
  9.197651663405088E-002
   20.3000000000000       8.806262230919765E-002  0.399366050082642     
  9.197651663405088E-002
   20.3000000000000       8.806262230919765E-002  0.399366050082642     
  9.197651663405088E-002
   20.4000000000000       8.806262230919765E-002  0.399550796964923     
  9.197651663405088E-002
   20.4000000000000       8.806262230919765E-002  0.399550796964923     
  9.197651663405088E-002
   20.5000000000000       8.806262230919765E-002  0.398876817576491     
  9.197651663405088E-002
   20.5000000000000       8.806262230919765E-002  0.398876817576491     
  9.197651663405088E-002
   20.6000000000000       8.806262230919765E-002  0.397421004604039     
  9.393346379647749E-002
   20.6000000000000       8.806262230919765E-002  0.397421004604039     
  9.393346379647749E-002
   20.7000000000000       9.001956947162426E-002  0.396959676102117     
  9.393346379647749E-002
   20.7000000000000       9.001956947162426E-002  0.396959676102117     
  9.393346379647749E-002
   20.8000000000000       9.001956947162426E-002  0.397780282292600     
  9.393346379647749E-002
   20.8000000000000       9.001956947162426E-002  0.397780282292600     
  9.393346379647749E-002
   20.9000000000000       9.001956947162426E-002  0.398618547391003     
  9.393346379647749E-002
   20.9000000000000       9.001956947162426E-002  0.398618547391003     
  9.393346379647749E-002
   21.0000000000000       9.001956947162426E-002  0.399289279166807     
  9.393346379647749E-002
   21.0000000000000       9.001956947162426E-002  0.399289279166807     
  9.393346379647749E-002
   21.1000000000000       9.001956947162426E-002  0.399351828266946     
  9.393346379647749E-002
   21.1000000000000       9.001956947162426E-002  0.399351828266946     
  9.393346379647749E-002
   21.2000000000000       9.001956947162426E-002  0.398546231424444     
  9.393346379647749E-002
   21.2000000000000       9.001956947162426E-002  0.398546231424444     
  9.393346379647749E-002
   21.3000000000000       9.001956947162426E-002  0.396992545893768     
  9.589041095890410E-002
   21.3000000000000       9.001956947162426E-002  0.396992545893768     
  9.589041095890410E-002
   21.4000000000000       9.197651663405088E-002  0.396965725329237     
  9.589041095890410E-002
   21.4000000000000       9.197651663405088E-002  0.396965725329237     
  9.589041095890410E-002
   21.5000000000000       9.197651663405088E-002  0.397782472260556     
  9.589041095890410E-002
   21.5000000000000       9.197651663405088E-002  0.397782472260556     
  9.589041095890410E-002
   21.6000000000000       9.197651663405088E-002  0.398611046547317     
  9.589041095890410E-002
   21.6000000000000       9.197651663405088E-002  0.398611046547317     
  9.589041095890410E-002
   21.7000000000000       9.197651663405088E-002  0.399218334260695     
  9.589041095890410E-002
   21.7000000000000       9.197651663405088E-002  0.399218334260695     
  9.589041095890410E-002
   21.8000000000000       9.197651663405088E-002  0.399158873660632     
  9.589041095890410E-002
   21.8000000000000       9.197651663405088E-002  0.399158873660632     
  9.589041095890410E-002
   21.9000000000000       9.197651663405088E-002  0.398230737028546     
  9.784735812133072E-002
   21.9000000000000       9.197651663405088E-002  0.398230737028546     
  9.784735812133072E-002
   22.0000000000000       9.197651663405088E-002  0.396588885168301     
  9.784735812133072E-002
   22.0000000000000       9.197651663405088E-002  0.396588885168301     
  9.784735812133072E-002
   22.1000000000000       9.393346379647749E-002  0.396982764760226     
  9.784735812133072E-002
   22.1000000000000       9.393346379647749E-002  0.396982764760226     
  9.784735812133072E-002
   22.2000000000000       9.393346379647749E-002  0.397798159372863     
  9.784735812133072E-002
   22.2000000000000       9.393346379647749E-002  0.397798159372863     
  9.784735812133072E-002
   22.3000000000000       9.393346379647749E-002  0.398613368399562     
  9.784735812133072E-002
   22.3000000000000       9.393346379647749E-002  0.398613368399562     
  9.784735812133072E-002
   22.4000000000000       9.393346379647749E-002  0.399150663504973     
  9.784735812133072E-002
   22.4000000000000       9.393346379647749E-002  0.399150663504973     
  9.784735812133072E-002
   22.5000000000000       9.393346379647749E-002  0.398970361474904     
  9.784735812133072E-002
   22.5000000000000       9.393346379647749E-002  0.398970361474904     
  9.784735812133072E-002
   22.6000000000000       9.393346379647749E-002  0.397928055138501     
  9.980430528375733E-002
   22.6000000000000       9.393346379647749E-002  0.397928055138501     
  9.980430528375733E-002
   22.7000000000000       9.393346379647749E-002  0.396206483550863     
  9.980430528375733E-002
   22.7000000000000       9.393346379647749E-002  0.396206483550863     
  9.980430528375733E-002
   22.8000000000000       9.589041095890410E-002  0.397009705140900     
  9.980430528375733E-002
   22.8000000000000       9.589041095890410E-002  0.397009705140900     
  9.980430528375733E-002
   22.9000000000000       9.589041095890410E-002  0.397825259539144     
  9.980430528375733E-002
   22.9000000000000       9.589041095890410E-002  0.397825259539144     
  9.980430528375733E-002
   23.0000000000000       9.589041095890410E-002  0.398622830810582     
  9.980430528375733E-002
   23.0000000000000       9.589041095890410E-002  0.398622830810582     
  9.980430528375733E-002
   23.1000000000000       9.589041095890410E-002  0.399084094379931     
  9.980430528375733E-002
   23.1000000000000       9.589041095890410E-002  0.399084094379931     
  9.980430528375733E-002
   23.2000000000000       9.589041095890410E-002  0.398784868675691     
  9.980430528375733E-002
   23.2000000000000       9.589041095890410E-002  0.398784868675691     
  9.980430528375733E-002
   23.3000000000000       9.589041095890410E-002  0.397636069887674     
  0.101761252446184     
   23.3000000000000       9.589041095890410E-002  0.397636069887674     
  0.101761252446184     
   23.4000000000000       9.784735812133072E-002  0.396220644322590     
  0.101761252446184     
   23.4000000000000       9.784735812133072E-002  0.396220644322590     
  0.101761252446184     
   23.5000000000000       9.784735812133072E-002  0.397045490770788     
  0.101761252446184     
   23.5000000000000       9.784735812133072E-002  0.397045490770788     
  0.101761252446184     
   23.6000000000000       9.784735812133072E-002  0.397861871455883     
  0.101761252446184     
   23.6000000000000       9.784735812133072E-002  0.397861871455883     
  0.101761252446184     
   23.7000000000000       9.784735812133072E-002  0.398637027362195     
  0.101761252446184     
   23.7000000000000       9.784735812133072E-002  0.398637027362195     
  0.101761252446184     
   23.8000000000000       9.784735812133072E-002  0.399016786851557     
  0.101761252446184     
   23.8000000000000       9.784735812133072E-002  0.399016786851557     
  0.101761252446184     
   23.9000000000000       9.784735812133072E-002  0.398601120149084     
  0.101761252446184     
   23.9000000000000       9.784735812133072E-002  0.398601120149084     
  0.101761252446184     
   24.0000000000000       9.784735812133072E-002  0.397352863614989     
  0.103718199608611     
   24.0000000000000       9.784735812133072E-002  0.397352863614989     
  0.103718199608611     
   24.1000000000000       9.980430528375733E-002  0.396276311954169     
  0.103718199608611     
   24.1000000000000       9.980430528375733E-002  0.396276311954169     
  0.103718199608611     
   24.2000000000000       9.980430528375733E-002  0.397089128525601     
  0.103718199608611     
   24.2000000000000       9.980430528375733E-002  0.397089128525601     
  0.103718199608611     
   24.3000000000000       9.980430528375733E-002  0.397906257603939     
  0.103718199608611     
   24.3000000000000       9.980430528375733E-002  0.397906257603939     
  0.103718199608611     
   24.4000000000000       9.980430528375733E-002  0.398653797936221     
  0.103718199608611     
   24.4000000000000       9.980430528375733E-002  0.398653797936221     
  0.103718199608611     
   24.5000000000000       9.980430528375733E-002  0.398947193096531     
  0.103718199608611     
   24.5000000000000       9.980430528375733E-002  0.398947193096531     
  0.103718199608611     
   24.6000000000000       9.980430528375733E-002  0.398417987613887     
  0.103718199608611     
   24.6000000000000       9.980430528375733E-002  0.398417987613887     
  0.103718199608611     
   24.7000000000000       9.980430528375733E-002  0.397076730992951     
  0.105675146771037     
   24.7000000000000       9.980430528375733E-002  0.397076730992951     
  0.105675146771037     
   24.8000000000000       0.101761252446184       0.396334913107425     
  0.105675146771037     
   24.8000000000000       0.101761252446184       0.396334913107425     
  0.105675146771037     
   24.9000000000000       0.101761252446184       0.397139698533504     
  0.105675146771037     
   24.9000000000000       0.101761252446184       0.397139698533504     
  0.105675146771037     
   25.0000000000000       0.101761252446184       0.397956822296200     
  0.105675146771037     
   25.0000000000000       0.101761252446184       0.397956822296200     
  0.105675146771037     
   25.1000000000000       0.101761252446184       0.398671203867762     
  0.105675146771037     
   25.1000000000000       0.101761252446184       0.398671203867762     
  0.105675146771037     
   25.2000000000000       0.101761252446184       0.398874022443281     
  0.105675146771037     
   25.2000000000000       0.101761252446184       0.398874022443281     
  0.105675146771037     
   25.3000000000000       0.101761252446184       0.398234486562204     
  0.105675146771037     
   25.3000000000000       0.101761252446184       0.398234486562204     
  0.105675146771037     
   25.4000000000000       0.101761252446184       0.396806179478149     
  0.107632093933464     
   25.4000000000000       0.101761252446184       0.396806179478149     
  0.107632093933464     
   25.5000000000000       0.103718199608611       0.396396364771050     
  0.107632093933464     
   25.5000000000000       0.103718199608611       0.396396364771050     
  0.107632093933464     
   25.6000000000000       0.103718199608611       0.397196353872009     
  0.107632093933464     
   25.6000000000000       0.103718199608611       0.397196353872009     
  0.107632093933464     
   25.7000000000000       0.103718199608611       0.398012089639751     
  0.107632093933464     
   25.7000000000000       0.103718199608611       0.398012089639751     
  0.107632093933464     
   25.8000000000000       0.103718199608611       0.398687507823122     
  0.107632093933464     
   25.8000000000000       0.103718199608611       0.398687507823122     
  0.107632093933464     
   25.9000000000000       0.103718199608611       0.398796210438785     
  0.107632093933464     
   25.9000000000000       0.103718199608611       0.398796210438785     
  0.107632093933464     
   26.0000000000000       0.103718199608611       0.398049770856079     
  0.107632093933464     
   26.0000000000000       0.103718199608611       0.398049770856079     
  0.107632093933464     
   26.1000000000000       0.103718199608611       0.396539921122609     
  0.109589041095890     
   26.1000000000000       0.103718199608611       0.396539921122609     
  0.109589041095890     
   26.2000000000000       0.105675146771037       0.396460549741960     
  0.109589041095890     
   26.2000000000000       0.105675146771037       0.396460549741960     
  0.109589041095890     
   26.3000000000000       0.105675146771037       0.397258313895345     
  0.109589041095890     
   26.3000000000000       0.105675146771037       0.397258313895345     
  0.109589041095890     
   26.4000000000000       0.105675146771037       0.398070683140056     
  0.109589041095890     
   26.4000000000000       0.105675146771037       0.398070683140056     
  0.109589041095890     
   26.5000000000000       0.105675146771037       0.398701158016168     
  0.109589041095890     
   26.5000000000000       0.105675146771037       0.398701158016168     
  0.109589041095890     
   26.6000000000000       0.105675146771037       0.398712891256016     
  0.109589041095890     
   26.6000000000000       0.105675146771037       0.398712891256016     
  0.109589041095890     
   26.7000000000000       0.105675146771037       0.397863125236588     
  0.111545988258317     
   26.7000000000000       0.105675146771037       0.397863125236588     
  0.111545988258317     
   26.8000000000000       0.105675146771037       0.396276859270619     
  0.111545988258317     
   26.8000000000000       0.105675146771037       0.396276859270619     
  0.111545988258317     
   26.9000000000000       0.107632093933464       0.396527337694372     
  0.111545988258317     
   26.9000000000000       0.107632093933464       0.396527337694372     
  0.111545988258317     
   27.0000000000000       0.107632093933464       0.397324854092382     
  0.111545988258317     
   27.0000000000000       0.107632093933464       0.397324854092382     
  0.111545988258317     
   27.1000000000000       0.107632093933464       0.398131307968827     
  0.111545988258317     
   27.1000000000000       0.107632093933464       0.398131307968827     
  0.111545988258317     
   27.2000000000000       0.107632093933464       0.398710776054659     
  0.111545988258317     
   27.2000000000000       0.107632093933464       0.398710776054659     
  0.111545988258317     
   27.3000000000000       0.107632093933464       0.398623372940604     
  0.111545988258317     
   27.3000000000000       0.107632093933464       0.398623372940604     
  0.111545988258317     
   27.4000000000000       0.107632093933464       0.397673956278994     
  0.113502935420744     
   27.4000000000000       0.107632093933464       0.397673956278994     
  0.113502935420744     
   27.5000000000000       0.107632093933464       0.396016072555685     
  0.113502935420744     
   27.5000000000000       0.107632093933464       0.396016072555685     
  0.113502935420744     
   27.6000000000000       0.109589041095890       0.396596596561894     
  0.113502935420744     
   27.6000000000000       0.109589041095890       0.396596596561894     
  0.113502935420744     
   27.7000000000000       0.109589041095890       0.397395294317904     
  0.113502935420744     
   27.7000000000000       0.109589041095890       0.397395294317904     
  0.113502935420744     
   27.8000000000000       0.109589041095890       0.398192736474481     
  0.113502935420744     
   27.8000000000000       0.109589041095890       0.398192736474481     
  0.113502935420744     
   27.9000000000000       0.109589041095890       0.398715147531219     
  0.113502935420744     
   27.9000000000000       0.109589041095890       0.398715147531219     
  0.113502935420744     
   28.0000000000000       0.109589041095890       0.398527115180354     
  0.113502935420744     
   28.0000000000000       0.109589041095890       0.398527115180354     
  0.113502935420744     
   28.1000000000000       0.109589041095890       0.397481782386114     
  0.115459882583170     
   28.1000000000000       0.109589041095890       0.397481782386114     
  0.115459882583170     
   28.2000000000000       0.111545988258317       0.395837195748293     
  0.115459882583170     
   28.2000000000000       0.111545988258317       0.395837195748293     
  0.115459882583170     
   28.3000000000000       0.111545988258317       0.396668197561298     
  0.115459882583170     
   28.3000000000000       0.111545988258317       0.396668197561298     
  0.115459882583170     
   28.4000000000000       0.111545988258317       0.397468986581615     
  0.115459882583170     
   28.4000000000000       0.111545988258317       0.397468986581615     
  0.115459882583170     
   28.5000000000000       0.111545988258317       0.398253797214269     
  0.115459882583170     
   28.5000000000000       0.111545988258317       0.398253797214269     
  0.115459882583170     
   28.6000000000000       0.111545988258317       0.398713214426593     
  0.115459882583170     
   28.6000000000000       0.111545988258317       0.398713214426593     
  0.115459882583170     
   28.7000000000000       0.111545988258317       0.398423709411800     
  0.115459882583170     
   28.7000000000000       0.111545988258317       0.398423709411800     
  0.115459882583170     
   28.8000000000000       0.111545988258317       0.397286223372410     
  0.117416829745597     
   28.8000000000000       0.111545988258317       0.397286223372410     
  0.117416829745597     
   28.9000000000000       0.113502935420744       0.395925125930161     
  0.117416829745597     
   28.9000000000000       0.113502935420744       0.395925125930161     
  0.117416829745597     
   29.0000000000000       0.113502935420744       0.396742016064975     
  0.117416829745597     
   29.0000000000000       0.113502935420744       0.396742016064975     
  0.117416829745597     
   29.1000000000000       0.113502935420744       0.397545303162430     
  0.117416829745597     
   29.1000000000000       0.113502935420744       0.397545303162430     
  0.117416829745597     
   29.2000000000000       0.113502935420744       0.398313367578667     
  0.117416829745597     
   29.2000000000000       0.113502935420744       0.398313367578667     
  0.117416829745597     
   29.3000000000000       0.113502935420744       0.398704068418623     
  0.117416829745597     
   29.3000000000000       0.113502935420744       0.398704068418623     
  0.117416829745597     
   29.4000000000000       0.113502935420744       0.398312861119009     
  0.117416829745597     
   29.4000000000000       0.113502935420744       0.398312861119009     
  0.117416829745597     
   29.5000000000000       0.113502935420744       0.397086990088419     
  0.119373776908023     
   29.5000000000000       0.113502935420744       0.397086990088419     
  0.119373776908023     
   29.6000000000000       0.115459882583170       0.396011513692510     
  0.119373776908023     
   29.6000000000000       0.115459882583170       0.396011513692510     
  0.119373776908023     
   29.7000000000000       0.115459882583170       0.396817929797163     
  0.119373776908023     
   29.7000000000000       0.115459882583170       0.396817929797163     
  0.119373776908023     
   29.8000000000000       0.115459882583170       0.397623625563855     
  0.119373776908023     
   29.8000000000000       0.115459882583170       0.397623625563855     
  0.119373776908023     
   29.9000000000000       0.115459882583170       0.398370369904867     
  0.119373776908023     
   29.9000000000000       0.115459882583170       0.398370369904867     
  0.119373776908023     
   30.0000000000000       0.115459882583170       0.398686944317902     
  0.119373776908023     
   30.0000000000000       0.115459882583170       0.398686944317902     
  0.119373776908023     
   30.1000000000000       0.115459882583170       0.398194374178742     
  0.119373776908023     
   30.1000000000000       0.115459882583170       0.398194374178742     
  0.119373776908023     
   30.2000000000000       0.115459882583170       0.396883874416301     
  0.121330724070450     
   30.2000000000000       0.115459882583170       0.396883874416301     
  0.121330724070450     
   30.3000000000000       0.117416829745597       0.396096714624151     
  0.121330724070450     
   30.3000000000000       0.117416829745597       0.396096714624151     
  0.121330724070450     
   30.4000000000000       0.117416829745597       0.396895815336583     
  0.121330724070450     
   30.4000000000000       0.117416829745597       0.396895815336583     
  0.121330724070450     
   30.5000000000000       0.117416829745597       0.397703334666236     
  0.121330724070450     
   30.5000000000000       0.117416829745597       0.397703334666236     
  0.121330724070450     
   30.6000000000000       0.117416829745597       0.398423770833459     
  0.121330724070450     
   30.6000000000000       0.117416829745597       0.398423770833459     
  0.121330724070450     
   30.7000000000000       0.117416829745597       0.398661213028061     
  0.121330724070450     
   30.7000000000000       0.117416829745597       0.398661213028061     
  0.121330724070450     
   30.8000000000000       0.117416829745597       0.398068137088565     
  0.121330724070450     
   30.8000000000000       0.117416829745597       0.398068137088565     
  0.121330724070450     
   30.9000000000000       0.117416829745597       0.396676739851720     
  0.123287671232877     
   30.9000000000000       0.117416829745597       0.396676739851720     
  0.123287671232877     
   31.0000000000000       0.119373776908023       0.396181045425570     
  0.123287671232877     
   31.0000000000000       0.119373776908023       0.396181045425570     
  0.123287671232877     
   31.1000000000000       0.119373776908023       0.396975543583280     
  0.123287671232877     
   31.1000000000000       0.119373776908023       0.396975543583280     
  0.123287671232877     
   31.2000000000000       0.119373776908023       0.397783802338432     
  0.123287671232877     
   31.2000000000000       0.119373776908023       0.397783802338432     
  0.123287671232877     
   31.3000000000000       0.119373776908023       0.398472583523124     
  0.123287671232877     
   31.3000000000000       0.119373776908023       0.398472583523124     
  0.123287671232877     
   31.4000000000000       0.119373776908023       0.398626373647964     
  0.123287671232877     
   31.4000000000000       0.119373776908023       0.398626373647964     
  0.123287671232877     
   31.5000000000000       0.119373776908023       0.397934110886037     
  0.123287671232877     
   31.5000000000000       0.119373776908023       0.397934110886037     
  0.123287671232877     
   31.6000000000000       0.119373776908023       0.396465512787285     
  0.125244618395303     
   31.6000000000000       0.119373776908023       0.396465512787285     
  0.125244618395303     
   31.7000000000000       0.121330724070450       0.396264790352772     
  0.125244618395303     
   31.7000000000000       0.121330724070450       0.396264790352772     
  0.125244618395303     
   31.8000000000000       0.121330724070450       0.397056974632989     
  0.125244618395303     
   31.8000000000000       0.121330724070450       0.397056974632989     
  0.125244618395303     
   31.9000000000000       0.121330724070450       0.397864384722242     
  0.125244618395303     
   31.9000000000000       0.121330724070450       0.397864384722242     
  0.125244618395303     
   32.0000000000000       0.121330724070450       0.398515872219254     
  0.125244618395303     
   32.0000000000000       0.121330724070450       0.398515872219254     
  0.125244618395303     
   32.1000000000000       0.121330724070450       0.398582044578857     
  0.125244618395303     
   32.1000000000000       0.121330724070450       0.398582044578857     
  0.125244618395303     
   32.2000000000000       0.121330724070450       0.397792318561116     
  0.125244618395303     
   32.2000000000000       0.121330724070450       0.397792318561116     
  0.125244618395303     
   32.3000000000000       0.121330724070450       0.396250174541602     
  0.127201565557730     
   32.3000000000000       0.121330724070450       0.396250174541602     
  0.127201565557730     
   32.4000000000000       0.123287671232877       0.396348205201108     
  0.127201565557730     
   32.4000000000000       0.123287671232877       0.396348205201108     
  0.127201565557730     
   32.5000000000000       0.123287671232877       0.397139952362633     
  0.127201565557730     
   32.5000000000000       0.123287671232877       0.397139952362633     
  0.127201565557730     
   32.6000000000000       0.123287671232877       0.397944417363335     
  0.127201565557730     
   32.6000000000000       0.123287671232877       0.397944417363335     
  0.127201565557730     
   32.7000000000000       0.123287671232877       0.398552758559375     
  0.127201565557730     
   32.7000000000000       0.123287671232877       0.398552758559375     
  0.127201565557730     
   32.8000000000000       0.123287671232877       0.398527953703398     
  0.127201565557730     
   32.8000000000000       0.123287671232877       0.398527953703398     
  0.127201565557730     
   32.9000000000000       0.123287671232877       0.397642835775832     
  0.129158512720157     
   32.9000000000000       0.123287671232877       0.397642835775832     
  0.129158512720157     
   33.0000000000000       0.123287671232877       0.396030754126429     
  0.129158512720157     
   33.0000000000000       0.123287671232877       0.396030754126429     
  0.129158512720157     
   33.1000000000000       0.125244618395303       0.396431519478630     
  0.129158512720157     
   33.1000000000000       0.125244618395303       0.396431519478630     
  0.129158512720157     
   33.2000000000000       0.125244618395303       0.397224298946750     
  0.129158512720157     
   33.2000000000000       0.125244618395303       0.397224298946750     
  0.129158512720157     
   33.3000000000000       0.125244618395303       0.398023212345323     
  0.129158512720157     
   33.3000000000000       0.125244618395303       0.398023212345323     
  0.129158512720157     
   33.4000000000000       0.125244618395303       0.398582428917959     
  0.129158512720157     
   33.4000000000000       0.125244618395303       0.398582428917959     
  0.129158512720157     
   33.5000000000000       0.125244618395303       0.398463927885246     
  0.129158512720157     
   33.5000000000000       0.125244618395303       0.398463927885246     
  0.129158512720157     
   33.6000000000000       0.125244618395303       0.397485782729685     
  0.131115459882583     
   33.6000000000000       0.125244618395303       0.397485782729685     
  0.131115459882583     
   33.7000000000000       0.125244618395303       0.395807321723129     
  0.131115459882583     
   33.7000000000000       0.125244618395303       0.395807321723129     
  0.131115459882583     
   33.8000000000000       0.127201565557730       0.396514937227798     
  0.131115459882583     
   33.8000000000000       0.127201565557730       0.396514937227798     
  0.131115459882583     
   33.9000000000000       0.127201565557730       0.397309809477336     
  0.131115459882583     
   33.9000000000000       0.127201565557730       0.397309809477336     
  0.131115459882583     
   34.0000000000000       0.127201565557730       0.398100057547460     
  0.131115459882583     
   34.0000000000000       0.127201565557730       0.398100057547460     
  0.131115459882583     
   34.1000000000000       0.127201565557730       0.398604142039288     
  0.131115459882583     
   34.1000000000000       0.127201565557730       0.398604142039288     
  0.131115459882583     
   34.2000000000000       0.127201565557730       0.398389882134948     
  0.131115459882583     
   34.2000000000000       0.127201565557730       0.398389882134948     
  0.131115459882583     
   34.3000000000000       0.127201565557730       0.397321317045614     
  0.133072407045010     
   34.3000000000000       0.127201565557730       0.397321317045614     
  0.133072407045010     
   34.4000000000000       0.129158512720157       0.395774151669437     
  0.133072407045010     
   34.4000000000000       0.129158512720157       0.395774151669437     
  0.133072407045010     
   34.5000000000000       0.129158512720157       0.396598636831317     
  0.133072407045010     
   34.5000000000000       0.129158512720157       0.396598636831317     
  0.133072407045010     
   34.6000000000000       0.129158512720157       0.397396246837290     
  0.133072407045010     
   34.6000000000000       0.129158512720157       0.397396246837290     
  0.133072407045010     
   34.7000000000000       0.129158512720157       0.398174218110527     
  0.133072407045010     
   34.7000000000000       0.129158512720157       0.398174218110527     
  0.133072407045010     
   34.8000000000000       0.129158512720157       0.398617236209234     
  0.133072407045010     
   34.8000000000000       0.129158512720157       0.398617236209234     
  0.133072407045010     
   34.9000000000000       0.129158512720157       0.398305808823183     
  0.133072407045010     
   34.9000000000000       0.129158512720157       0.398305808823183     
  0.133072407045010     
   35.0000000000000       0.129158512720157       0.397149627576938     
  0.135029354207436     
   35.0000000000000       0.129158512720157       0.397149627576938     
  0.135029354207436     
   35.1000000000000       0.131115459882583       0.395870746232392     
  0.135029354207436     
   35.1000000000000       0.131115459882583       0.395870746232392     
  0.135029354207436     
   35.2000000000000       0.131115459882583       0.396682770038473     
  0.135029354207436     
   35.2000000000000       0.131115459882583       0.396682770038473     
  0.135029354207436     
   35.3000000000000       0.131115459882583       0.397483336973173     
  0.135029354207436     
   35.3000000000000       0.131115459882583       0.397483336973173     
  0.135029354207436     
   35.4000000000000       0.131115459882583       0.398244940130336     
  0.135029354207436     
   35.4000000000000       0.131115459882583       0.398244940130336     
  0.135029354207436     
   35.5000000000000       0.131115459882583       0.398621135271291     
  0.135029354207436     
   35.5000000000000       0.131115459882583       0.398621135271291     
  0.135029354207436     
   35.6000000000000       0.131115459882583       0.398211767292560     
  0.135029354207436     
   35.6000000000000       0.131115459882583       0.398211767292560     
  0.135029354207436     
   35.7000000000000       0.131115459882583       0.396970929058564     
  0.136986301369863     
   35.7000000000000       0.131115459882583       0.396970929058564     
  0.136986301369863     
   35.8000000000000       0.133072407045010       0.395964692045192     
  0.136986301369863     
   35.8000000000000       0.133072407045010       0.395964692045192     
  0.136986301369863     
   35.9000000000000       0.133072407045010       0.396767460390673     
  0.136986301369863     
   35.9000000000000       0.133072407045010       0.396767460390673     
  0.136986301369863     
   36.0000000000000       0.133072407045010       0.397570764713999     
  0.136986301369863     
   36.0000000000000       0.133072407045010       0.397570764713999     
  0.136986301369863     
   36.1000000000000       0.133072407045010       0.398311456522109     
  0.136986301369863     
   36.1000000000000       0.133072407045010       0.398311456522109     
  0.136986301369863     
   36.2000000000000       0.133072407045010       0.398615352910476     
  0.136986301369863     
   36.2000000000000       0.133072407045010       0.398615352910476     
  0.136986301369863     
   36.3000000000000       0.133072407045010       0.398107874134190     
  0.136986301369863     
   36.3000000000000       0.133072407045010       0.398107874134190     
  0.136986301369863     
   36.4000000000000       0.133072407045010       0.396785457525745     
  0.138943248532290     
   36.4000000000000       0.133072407045010       0.396785457525745     
  0.138943248532290     
   36.5000000000000       0.135029354207436       0.396056453175068     
  0.138943248532290     
   36.5000000000000       0.135029354207436       0.396056453175068     
  0.138943248532290     
   36.6000000000000       0.135029354207436       0.396852801182127     
  0.138943248532290     
   36.6000000000000       0.135029354207436       0.396852801182127     
  0.138943248532290     
   36.7000000000000       0.135029354207436       0.397658170296502     
  0.138943248532290     
   36.7000000000000       0.135029354207436       0.397658170296502     
  0.138943248532290     
   36.8000000000000       0.135029354207436       0.398372994901011     
  0.138943248532290     
   36.8000000000000       0.135029354207436       0.398372994901011     
  0.138943248532290     
   36.9000000000000       0.135029354207436       0.398599494800011     
  0.138943248532290     
   36.9000000000000       0.135029354207436       0.398599494800011     
  0.138943248532290     
   37.0000000000000       0.135029354207436       0.397994294302231     
  0.138943248532290     
   37.0000000000000       0.135029354207436       0.397994294302231     
  0.138943248532290     
   37.1000000000000       0.135029354207436       0.396593466421220     
  0.140900195694716     
   37.1000000000000       0.135029354207436       0.396593466421220     
  0.140900195694716     
   37.2000000000000       0.136986301369863       0.396146454022445     
  0.140900195694716     
   37.2000000000000       0.136986301369863       0.396146454022445     
  0.140900195694716     
   37.3000000000000       0.136986301369863       0.396938853054745     
  0.140900195694716     
   37.3000000000000       0.136986301369863       0.396938853054745     
  0.140900195694716     
   37.4000000000000       0.136986301369863       0.397745146766493     
  0.140900195694716     
   37.4000000000000       0.136986301369863       0.397745146766493     
  0.140900195694716     
   37.5000000000000       0.136986301369863       0.398428787204509     
  0.140900195694716     
   37.5000000000000       0.136986301369863       0.398428787204509     
  0.140900195694716     
   37.6000000000000       0.136986301369863       0.398573258416634     
  0.140900195694716     
   37.6000000000000       0.136986301369863       0.398573258416634     
  0.140900195694716     
   37.7000000000000       0.136986301369863       0.397871233141193     
  0.140900195694716     
   37.7000000000000       0.136986301369863       0.397871233141193     
  0.140900195694716     
   37.8000000000000       0.136986301369863       0.396395223303234     
  0.142857142857143     
   37.8000000000000       0.136986301369863       0.396395223303234     
  0.142857142857143     
   37.9000000000000       0.138943248532290       0.396235081798035     
  0.142857142857143     
   37.9000000000000       0.138943248532290       0.396235081798035     
  0.142857142857143     
   38.0000000000000       0.138943248532290       0.397025641315580     
  0.142857142857143     
   38.0000000000000       0.138943248532290       0.397025641315580     
  0.142857142857143     
   38.1000000000000       0.138943248532290       0.397831238439519     
  0.142857142857143     
   38.1000000000000       0.138943248532290       0.397831238439519     
  0.142857142857143     
   38.2000000000000       0.138943248532290       0.398478080678636     
  0.142857142857143     
   38.2000000000000       0.138943248532290       0.398478080678636     
  0.142857142857143     
   38.3000000000000       0.138943248532290       0.398536430557643     
  0.142857142857143     
   38.3000000000000       0.138943248532290       0.398536430557643     
  0.142857142857143     
   38.4000000000000       0.138943248532290       0.397738929324502     
  0.142857142857143     
   38.4000000000000       0.138943248532290       0.397738929324502     
  0.142857142857143     
   38.5000000000000       0.138943248532290       0.396191007060781     
  0.144814090019569     
   38.5000000000000       0.138943248532290       0.396191007060781     
  0.144814090019569     
   38.6000000000000       0.140900195694716       0.396322688225397     
  0.144814090019569     
   38.6000000000000       0.140900195694716       0.396322688225397     
  0.144814090019569     
   38.7000000000000       0.140900195694716       0.397113153050534     
  0.144814090019569     
   38.7000000000000       0.140900195694716       0.397113153050534     
  0.144814090019569     
   38.8000000000000       0.140900195694716       0.397915940609948     
  0.144814090019569     
   38.8000000000000       0.140900195694716       0.397915940609948     
  0.144814090019569     
   38.9000000000000       0.140900195694716       0.398520149724794     
  0.144814090019569     
   38.9000000000000       0.140900195694716       0.398520149724794     
  0.144814090019569     
   39.0000000000000       0.140900195694716       0.398488882795573     
  0.144814090019569     
   39.0000000000000       0.140900195694716       0.398488882795573     
  0.144814090019569     
   39.1000000000000       0.140900195694716       0.397597648658508     
  0.146771037181996     
   39.1000000000000       0.140900195694716       0.397597648658508     
  0.146771037181996     
   39.2000000000000       0.140900195694716       0.395981105548532     
  0.146771037181996     
   39.2000000000000       0.140900195694716       0.395981105548532     
  0.146771037181996     
   39.3000000000000       0.142857142857143       0.396409590569807     
  0.146771037181996     
   39.3000000000000       0.142857142857143       0.396409590569807     
  0.146771037181996     
   39.4000000000000       0.142857142857143       0.397201334117082     
  0.146771037181996     
   39.4000000000000       0.142857142857143       0.397201334117082     
  0.146771037181996     
   39.5000000000000       0.142857142857143       0.397998700696467     
  0.146771037181996     
   39.5000000000000       0.142857142857143       0.397998700696467     
  0.146771037181996     
   39.6000000000000       0.142857142857143       0.398554308020045     
  0.146771037181996     
   39.6000000000000       0.142857142857143       0.398554308020045     
  0.146771037181996     
   39.7000000000000       0.142857142857143       0.398430565273857     
  0.146771037181996     
   39.7000000000000       0.142857142857143       0.398430565273857     
  0.146771037181996     
   39.8000000000000       0.142857142857143       0.397447678689837     
  0.148727984344423     
   39.8000000000000       0.142857142857143       0.397447678689837     
  0.148727984344423     
   39.9000000000000       0.142857142857143       0.395765813562575     
  0.148727984344423     
   39.9000000000000       0.142857142857143       0.395765813562575     
  0.148727984344423     
   40.0000000000000       0.144814090019569       0.396496072070160     
  0.148727984344423     
   40.0000000000000       0.144814090019569       0.396496072070160     
  0.148727984344423     
