 
      0.000000000000      0.460030057546      0.000022860754
      0.000977517107      0.460022193832      0.000022876316
      0.001955034213      0.459998615820      0.000022923781
      0.002932551320      0.459959363154      0.000023005509
      0.003910068426      0.459904502774      0.000023125477
      0.004887585533      0.459834130272      0.000023289362
      0.005865102639      0.459748371908      0.000023504662
      0.006842619746      0.459647387397      0.000023780884
      0.007820136852      0.459531373643      0.000024129820
      0.008797653959      0.459400569603      0.000024565935
      0.009775171065      0.459255262545      0.000025106918
      0.010752688172      0.459095796007      0.000025774445
      0.011730205279      0.458922579825      0.000026595247
      0.012707722385      0.458736102668      0.000027602590
      0.013685239492      0.458536947616      0.000028838336
      0.014662756598      0.458325811382      0.000030355841
      0.015640273705      0.458103527895      0.000032224066
      0.016617790811      0.457871097065      0.000034533470
      0.017595307918      0.457629719648      0.000037404597
      0.018572825024      0.457380839250      0.000041000789
      0.019550342131      0.457126192555      0.000045547377
      0.020527859238      0.456867868926      0.000051361232
      0.021505376344      0.456608380410      0.000058897360
      0.022482893451      0.456350742943      0.000068824238
      0.023460410557      0.456098568919      0.000082149085
      0.024437927664      0.455856170038      0.000100432747
      0.025415444770      0.455628666906      0.000126171275
      0.026392961877      0.455422097103      0.000163500329
      0.027370478983      0.455243504013      0.000219553466
      0.028347996090      0.455100969314      0.000307213887
      0.029325513196      0.455003510256      0.000451010846
      0.030303030303      0.454960667431      0.000700588207
      0.031280547410      0.454981376565      0.001163782604
      0.032258064516      0.455071113684      0.002094680603
      0.033235581623      0.455224625935      0.004148489738
      0.034213098729      0.455406697262      0.009170472564
      0.035190615836      0.455499881866      0.022608083707
      0.036168132942      0.455173702134      0.059142101311
      0.037145650049      0.453676704784      0.146422815152
      0.038123167155      0.449813166885      0.312255348912
      0.039100684262      0.442023554454      0.572778943907
      0.040078201369      0.427584040514      0.698693127120
      0.041055718475      0.398219353788      0.827939545124
      0.042033235582      0.304756427148      0.948264633476
      0.043010752688      0.007223409852      0.999493797966
      0.043988269795      0.000000000000      1.000000000000
      0.044965786901      0.000000000000      1.000000000000
      0.045943304008      0.000000000000      1.000000000000
      0.046920821114      0.000000000000      1.000000000000
      0.047898338221      0.000000000000      1.000000000000
      0.048875855327      0.000000000000      1.000000000000
      0.049853372434      0.000000000000      1.000000000000
      0.050830889541      0.000000000000      1.000000000000
      0.051808406647      0.000000000000      1.000000000000
      0.052785923754      0.000000000000      1.000000000000
      0.053763440860      0.000000000000      1.000000000000
      0.054740957967      0.000000000000      1.000000000000
      0.055718475073      0.000000000000      1.000000000000
      0.056695992180      0.000000000000      1.000000000000
      0.057673509286      0.000000000000      1.000000000000
      0.058651026393      0.000000000000      1.000000000000
      0.059628543500      0.000000000000      1.000000000000
      0.060606060606      0.000000000000      1.000000000000
      0.061583577713      0.000000000000      1.000000000000
      0.062561094819      0.000000000000      1.000000000000
      0.063538611926      0.000000000000      1.000000000000
      0.064516129032      0.000000000000      1.000000000000
      0.065493646139      0.000000000000      1.000000000000
      0.066471163245      0.000000000000      1.000000000000
      0.067448680352      0.000000000000      1.000000000000
      0.068426197458      0.000000000000      1.000000000000
      0.069403714565      0.000000000000      1.000000000000
      0.070381231672      0.000000000000      1.000000000000
      0.071358748778      0.000000000000      1.000000000000
      0.072336265885      0.000000000000      1.000000000000
      0.073313782991      0.000000000000      1.000000000000
      0.074291300098      0.000000000000      1.000000000000
      0.075268817204      0.000000000000      1.000000000000
      0.076246334311      0.000000000000      1.000000000000
      0.077223851417      0.000000000000      1.000000000000
      0.078201368524      0.000000000000      1.000000000000
      0.079178885630      0.000000000000      1.000000000000
      0.080156402737      0.000000000000      1.000000000000
      0.081133919844      0.000000000000      1.000000000000
      0.082111436950      0.000000000000      1.000000000000
      0.083088954057      0.000000000000      1.000000000000
      0.084066471163      0.000000000000      1.000000000000
      0.085043988270      0.000000000000      1.000000000000
      0.086021505376      0.000000000000      1.000000000000
      0.086999022483      0.000000000000      1.000000000000
      0.087976539589      0.000000000000      1.000000000000
      0.088954056696      0.000000000000      1.000000000000
      0.089931573803      0.000000000000      1.000000000000
      0.090909090909      0.000000000000      1.000000000000
      0.091886608016      0.000000000000      1.000000000000
      0.092864125122      0.000000000000      1.000000000000
      0.093841642229      0.000000000000      1.000000000000
      0.094819159335      0.000000000000      1.000000000000
      0.095796676442      0.000000000000      1.000000000000
      0.096774193548      0.000000000000      1.000000000000
      0.097751710655      0.000000000000      1.000000000000
      0.098729227761      0.000000000000      1.000000000000
      0.099706744868      0.000000000000      1.000000000000
      0.100684261975      0.000000000000      1.000000000000
      0.101661779081      0.000000000000      1.000000000000
      0.102639296188      0.000000000000      1.000000000000
      0.103616813294      0.000000000000      1.000000000000
      0.104594330401      0.000000000000      1.000000000000
      0.105571847507      0.000000000000      1.000000000000
      0.106549364614      0.000000000000      1.000000000000
      0.107526881720      0.000000000000      1.000000000000
      0.108504398827      0.000000000000      1.000000000000
      0.109481915934      0.000000000000      1.000000000000
      0.110459433040      0.000000000000      1.000000000000
      0.111436950147      0.000000000000      1.000000000000
      0.112414467253      0.000000000000      1.000000000000
      0.113391984360      0.000000000000      1.000000000000
      0.114369501466      0.000000000000      1.000000000000
      0.115347018573      0.000000000000      1.000000000000
      0.116324535679      0.000000000000      1.000000000000
      0.117302052786      0.000000000000      1.000000000000
      0.118279569892      0.000000000000      1.000000000000
      0.119257086999      0.000000000000      1.000000000000
      0.120234604106      0.000000000000      1.000000000000
      0.121212121212      0.000000000000      1.000000000000
      0.122189638319      0.000000000000      1.000000000000
      0.123167155425      0.000000000000      1.000000000000
      0.124144672532      0.000000000000      1.000000000000
      0.125122189638      0.000000000000      1.000000000000
      0.126099706745      0.000000000000      1.000000000000
      0.127077223851      0.000000000000      1.000000000000
      0.128054740958      0.000000000000      1.000000000000
      0.129032258065      0.000000000000      1.000000000000
      0.130009775171      0.000000000000      1.000000000000
      0.130987292278      0.000000000000      1.000000000000
      0.131964809384      0.000000000000      1.000000000000
      0.132942326491      0.000000000000      1.000000000000
      0.133919843597      0.000000000000      1.000000000000
      0.134897360704      0.000000000000      1.000000000000
      0.135874877810      0.000000000000      1.000000000000
      0.136852394917      0.000000000000      1.000000000000
      0.137829912023      0.000000000000      1.000000000000
      0.138807429130      0.000000000000      1.000000000000
      0.139784946237      0.000000000000      1.000000000000
      0.140762463343      0.000000000000      1.000000000000
      0.141739980450      0.000000000000      1.000000000000
      0.142717497556      0.000000000000      1.000000000000
      0.143695014663      0.000000000000      1.000000000000
      0.144672531769      0.000000000000      1.000000000000
      0.145650048876      0.000000000000      1.000000000000
      0.146627565982      0.000000000000      1.000000000000
      0.147605083089      0.000000000000      1.000000000000
      0.148582600196      0.000000000000      1.000000000000
      0.149560117302      0.000000000000      1.000000000000
      0.150537634409      0.000000000000      1.000000000000
      0.151515151515      0.000000000000      1.000000000000
      0.152492668622      0.000000000000      1.000000000000
      0.153470185728      0.000000000000      1.000000000000
      0.154447702835      0.000000000000      1.000000000000
      0.155425219941      0.000000000000      1.000000000000
      0.156402737048      0.000000000000      1.000000000000
      0.157380254154      0.000000000000      1.000000000000
      0.158357771261      0.000000000000      1.000000000000
      0.159335288368      0.000000000000      1.000000000000
      0.160312805474      0.000000000000      1.000000000000
      0.161290322581      0.000000000000      1.000000000000
      0.162267839687      0.000000000000      1.000000000000
      0.163245356794      0.000000000000      1.000000000000
      0.164222873900      0.000000000000      1.000000000000
      0.165200391007      0.000000000000      1.000000000000
      0.166177908113      0.000000000000      1.000000000000
      0.167155425220      0.000000000000      1.000000000000
      0.168132942326      0.000000000000      1.000000000000
      0.169110459433      0.000000000000      1.000000000000
      0.170087976540      0.000000000000      1.000000000000
      0.171065493646      0.000000000000      1.000000000000
      0.172043010753      0.000000000000      1.000000000000
      0.173020527859      0.000000000000      1.000000000000
      0.173998044966      0.000000000000      1.000000000000
      0.174975562072      0.000000000000      1.000000000000
      0.175953079179      0.000000000000      1.000000000000
      0.176930596285      0.000000000000      1.000000000000
      0.177908113392      0.000000000000      1.000000000000
      0.178885630499      0.000000000000      1.000000000000
      0.179863147605      0.000000000000      1.000000000000
      0.180840664712      0.000000000000      1.000000000000
      0.181818181818      0.000000000000      1.000000000000
      0.182795698925      0.000000000000      1.000000000000
      0.183773216031      0.000000000000      1.000000000000
      0.184750733138      0.000000000000      1.000000000000
      0.185728250244      0.000000000000      1.000000000000
      0.186705767351      0.000000000000      1.000000000000
      0.187683284457      0.000000000000      1.000000000000
      0.188660801564      0.000000000000      1.000000000000
      0.189638318671      0.000000000000      1.000000000000
      0.190615835777      0.000000000000      1.000000000000
      0.191593352884      0.000000000000      1.000000000000
      0.192570869990      0.000000000000      1.000000000000
      0.193548387097      0.000000000000      1.000000000000
      0.194525904203      0.000000000000      1.000000000000
      0.195503421310      0.000000000000      1.000000000000
      0.196480938416      0.000000000000      1.000000000000
      0.197458455523      0.000000000000      1.000000000000
      0.198435972630      0.000000000000      1.000000000000
      0.199413489736      0.000000000000      1.000000000000
      0.200391006843      0.000000000000      1.000000000000
      0.201368523949      0.000000000000      1.000000000000
      0.202346041056      0.000000000000      1.000000000000
      0.203323558162      0.000000000000      1.000000000000
      0.204301075269      0.000000000000      1.000000000000
      0.205278592375      0.000000000000      1.000000000000
      0.206256109482      0.000000000000      1.000000000000
      0.207233626588      0.000000000000      1.000000000000
      0.208211143695      0.000000000000      1.000000000000
      0.209188660802      0.000000000000      1.000000000000
      0.210166177908      0.000000000000      1.000000000000
      0.211143695015      0.000000000000      1.000000000000
      0.212121212121      0.000000000000      1.000000000000
      0.213098729228      0.000000000000      1.000000000000
      0.214076246334      0.000000000000      1.000000000000
      0.215053763441      0.000000000000      1.000000000000
      0.216031280547      0.000000000000      1.000000000000
      0.217008797654      0.000000000000      1.000000000000
      0.217986314761      0.000000000000      1.000000000000
      0.218963831867      0.000000000000      1.000000000000
      0.219941348974      0.000000000000      1.000000000000
      0.220918866080      0.000000000000      1.000000000000
      0.221896383187      0.000000000000      1.000000000000
      0.222873900293      0.000000000000      1.000000000000
      0.223851417400      0.000000000000      1.000000000000
      0.224828934506      0.000000000000      1.000000000000
      0.225806451613      0.000000000000      1.000000000000
      0.226783968719      0.000000000000      1.000000000000
      0.227761485826      0.000000000000      1.000000000000
      0.228739002933      0.000000000000      1.000000000000
      0.229716520039      0.000000000000      1.000000000000
      0.230694037146      0.000000000000      1.000000000000
      0.231671554252      0.000000000000      1.000000000000
      0.232649071359      0.000000000000      1.000000000000
      0.233626588465      0.000000000000      1.000000000000
      0.234604105572      0.000000000000      1.000000000000
      0.235581622678      0.000000000000      1.000000000000
      0.236559139785      0.000000000000      1.000000000000
      0.237536656891      0.000000000000      1.000000000000
      0.238514173998      0.000000000000      1.000000000000
      0.239491691105      0.000000000000      1.000000000000
      0.240469208211      0.000000000000      1.000000000000
      0.241446725318      0.000000000000      1.000000000000
      0.242424242424      0.000000000000      1.000000000000
      0.243401759531      0.000000000000      1.000000000000
      0.244379276637      0.000000000000      1.000000000000
      0.245356793744      0.000000000000      1.000000000000
      0.246334310850      0.000000000000      1.000000000000
      0.247311827957      0.000000000000      1.000000000000
      0.248289345064      0.000000000000      1.000000000000
      0.249266862170      0.000000000000      1.000000000000
      0.250244379277      0.000000000000      1.000000000000
      0.251221896383      0.000000000000      1.000000000000
      0.252199413490      0.000000000000      1.000000000000
      0.253176930596      0.000000000000      1.000000000000
      0.254154447703      0.000000000000      1.000000000000
      0.255131964809      0.000000000000      1.000000000000
      0.256109481916      0.000000000000      1.000000000000
      0.257086999022      0.000000000000      1.000000000000
      0.258064516129      0.000000000000      1.000000000000
      0.259042033236      0.000000000000      1.000000000000
      0.260019550342      0.000000000000      1.000000000000
      0.260997067449      0.000000000000      1.000000000000
      0.261974584555      0.000000000000      1.000000000000
      0.262952101662      0.000000000000      1.000000000000
      0.263929618768      0.000000000000      1.000000000000
      0.264907135875      0.000000000000      1.000000000000
      0.265884652981      0.000000000000      1.000000000000
      0.266862170088      0.000000000000      1.000000000000
      0.267839687195      0.000000000000      1.000000000000
      0.268817204301      0.000000000000      1.000000000000
      0.269794721408      0.000000000000      1.000000000000
      0.270772238514      0.000000000000      1.000000000000
      0.271749755621      0.000000000000      1.000000000000
      0.272727272727      0.000000000000      1.000000000000
      0.273704789834      0.000000000000      1.000000000000
      0.274682306940      0.000000000000      1.000000000000
      0.275659824047      0.000000000000      1.000000000000
      0.276637341153      0.000000000000      1.000000000000
      0.277614858260      0.000000000000      1.000000000000
      0.278592375367      0.000000000000      1.000000000000
      0.279569892473      0.000000000000      1.000000000000
      0.280547409580      0.000000000000      1.000000000000
      0.281524926686      0.000000000000      1.000000000000
      0.282502443793      0.000000000000      1.000000000000
      0.283479960899      0.000000000000      1.000000000000
      0.284457478006      0.000000000000      1.000000000000
      0.285434995112      0.000000000000      1.000000000000
      0.286412512219      0.000000000000      1.000000000000
      0.287390029326      0.000000000000      1.000000000000
      0.288367546432      0.000000000000      1.000000000000
      0.289345063539      0.000000000000      1.000000000000
      0.290322580645      0.000000000000      1.000000000000
      0.291300097752      0.000000000000      1.000000000000
      0.292277614858      0.000000000000      1.000000000000
      0.293255131965      0.000000000000      1.000000000000
      0.294232649071      0.000000000000      1.000000000000
      0.295210166178      0.000000000000      1.000000000000
      0.296187683284      0.000000000000      1.000000000000
      0.297165200391      0.000000000000      1.000000000000
      0.298142717498      0.000000000000      1.000000000000
      0.299120234604      0.000000000000      1.000000000000
      0.300097751711      0.000000000000      1.000000000000
      0.301075268817      0.000000000000      1.000000000000
      0.302052785924      0.000000000000      1.000000000000
      0.303030303030      0.000000000000      1.000000000000
      0.304007820137      0.000000000000      1.000000000000
      0.304985337243      0.000000000000      1.000000000000
      0.305962854350      0.000000000000      1.000000000000
      0.306940371457      0.000000000000      1.000000000000
      0.307917888563      0.000000000000      1.000000000000
      0.308895405670      0.000000000000      1.000000000000
      0.309872922776      0.000000000000      1.000000000000
      0.310850439883      0.000000000000      1.000000000000
      0.311827956989      0.000000000000      1.000000000000
      0.312805474096      0.000000000000      1.000000000000
      0.313782991202      0.000000000000      1.000000000000
      0.314760508309      0.000000000000      1.000000000000
      0.315738025415      0.000000000000      1.000000000000
      0.316715542522      0.000000000000      1.000000000000
      0.317693059629      0.000000000000      1.000000000000
      0.318670576735      0.000000000000      1.000000000000
      0.319648093842      0.000000000000      1.000000000000
      0.320625610948      0.000000000000      1.000000000000
      0.321603128055      0.000000000000      1.000000000000
      0.322580645161      0.000000000000      1.000000000000
      0.323558162268      0.000000000000      1.000000000000
      0.324535679374      0.000000000000      1.000000000000
      0.325513196481      0.000000000000      1.000000000000
      0.326490713587      0.000000000000      1.000000000000
      0.327468230694      0.000000000000      1.000000000000
      0.328445747801      0.000000000000      1.000000000000
      0.329423264907      0.000000000000      1.000000000000
      0.330400782014      0.000000000000      1.000000000000
      0.331378299120      0.000000000000      1.000000000000
      0.332355816227      0.000000000000      1.000000000000
      0.333333333333      0.000000000000      1.000000000000
      0.334310850440      0.000000000000      1.000000000000
      0.335288367546      0.000000000000      1.000000000000
      0.336265884653      0.000000000000      1.000000000000
      0.337243401760      0.000000000000      1.000000000000
      0.338220918866      0.000000000000      1.000000000000
      0.339198435973      0.000000000000      1.000000000000
      0.340175953079      0.000000000000      1.000000000000
      0.341153470186      0.000000000000      1.000000000000
      0.342130987292      0.000000000000      1.000000000000
      0.343108504399      0.000000000000      1.000000000000
      0.344086021505      0.000000000000      1.000000000000
      0.345063538612      0.000000000000      1.000000000000
      0.346041055718      0.000000000000      1.000000000000
      0.347018572825      0.000000000000      1.000000000000
      0.347996089932      0.000000000000      1.000000000000
      0.348973607038      0.000000000000      1.000000000000
      0.349951124145      0.000000000000      1.000000000000
      0.350928641251      0.000000000000      1.000000000000
      0.351906158358      0.000000000000      1.000000000000
      0.352883675464      0.000000000000      1.000000000000
      0.353861192571      0.000000000000      1.000000000000
      0.354838709677      0.000000000000      1.000000000000
      0.355816226784      0.000000000000      1.000000000000
      0.356793743891      0.000000000000      1.000000000000
      0.357771260997      0.000000000000      1.000000000000
      0.358748778104      0.000000000000      1.000000000000
      0.359726295210      0.000000000000      1.000000000000
      0.360703812317      0.000000000000      1.000000000000
      0.361681329423      0.000000000000      1.000000000000
      0.362658846530      0.000000000000      1.000000000000
      0.363636363636      0.000000000000      1.000000000000
      0.364613880743      0.000000000000      1.000000000000
      0.365591397849      0.000000000000      1.000000000000
      0.366568914956      0.000000000000      1.000000000000
      0.367546432063      0.000000000000      1.000000000000
      0.368523949169      0.000000000000      1.000000000000
      0.369501466276      0.000000000000      1.000000000000
      0.370478983382      0.000000000000      1.000000000000
      0.371456500489      0.000000000000      1.000000000000
      0.372434017595      0.000000000000      1.000000000000
      0.373411534702      0.000000000000      1.000000000000
      0.374389051808      0.000000000000      1.000000000000
      0.375366568915      0.000000000000      1.000000000000
      0.376344086022      0.000000000000      1.000000000000
      0.377321603128      0.000000000000      1.000000000000
      0.378299120235      0.000000000000      1.000000000000
      0.379276637341      0.000000000000      1.000000000000
      0.380254154448      0.000000000000      1.000000000000
      0.381231671554      0.000000000000      1.000000000000
      0.382209188661      0.000000000000      1.000000000000
      0.383186705767      0.000000000000      1.000000000000
      0.384164222874      0.000000000000      1.000000000000
      0.385141739980      0.000000000000      1.000000000000
      0.386119257087      0.000000000000      1.000000000000
      0.387096774194      0.000000000000      1.000000000000
      0.388074291300      0.000000000000      1.000000000000
      0.389051808407      0.000000000000      1.000000000000
      0.390029325513      0.000000000000      1.000000000000
      0.391006842620      0.000000000000      1.000000000000
      0.391984359726      0.000000000000      1.000000000000
      0.392961876833      0.000000000000      1.000000000000
      0.393939393939      0.000000000000      1.000000000000
      0.394916911046      0.000000000000      1.000000000000
      0.395894428152      0.000000000000      1.000000000000
      0.396871945259      0.000000000000      1.000000000000
      0.397849462366      0.000000000000      1.000000000000
      0.398826979472      0.000000000000      1.000000000000
      0.399804496579      0.000000000000      1.000000000000
      0.400782013685      0.000000000000      1.000000000000
      0.401759530792      0.000000000000      1.000000000000
      0.402737047898      0.000000000000      1.000000000000
      0.403714565005      0.000000000000      1.000000000000
      0.404692082111      0.000000000000      1.000000000000
      0.405669599218      0.000000000000      1.000000000000
      0.406647116325      0.000000000000      1.000000000000
      0.407624633431      0.000000000000      1.000000000000
      0.408602150538      0.000000000000      1.000000000000
      0.409579667644      0.000000000000      1.000000000000
      0.410557184751      0.000000000000      1.000000000000
      0.411534701857      0.000000000000      1.000000000000
      0.412512218964      0.000000000000      1.000000000000
      0.413489736070      0.000000000000      1.000000000000
      0.414467253177      0.000000000000      1.000000000000
      0.415444770283      0.000000000000      1.000000000000
      0.416422287390      0.000000000000      1.000000000000
      0.417399804497      0.000000000000      1.000000000000
      0.418377321603      0.000000000000      1.000000000000
      0.419354838710      0.000000000000      1.000000000000
      0.420332355816      0.000000000000      1.000000000000
      0.421309872923      0.000000000000      1.000000000000
      0.422287390029      0.000000000000      1.000000000000
      0.423264907136      0.000000000000      1.000000000000
      0.424242424242      0.000000000000      1.000000000000
      0.425219941349      0.000000000000      1.000000000000
      0.426197458456      0.000000000000      1.000000000000
      0.427174975562      0.000000000000      1.000000000000
      0.428152492669      0.000000000000      1.000000000000
      0.429130009775      0.000000000000      1.000000000000
      0.430107526882      0.000000000000      1.000000000000
      0.431085043988      0.000000000000      1.000000000000
      0.432062561095      0.000000000000      1.000000000000
      0.433040078201      0.000000000000      1.000000000000
      0.434017595308      0.000000000000      1.000000000000
      0.434995112414      0.000000000000      1.000000000000
      0.435972629521      0.000000000000      1.000000000000
      0.436950146628      0.000000000000      1.000000000000
      0.437927663734      0.000000000000      1.000000000000
      0.438905180841      0.000000000000      1.000000000000
      0.439882697947      0.000000000000      1.000000000000
      0.440860215054      0.000000000000      1.000000000000
      0.441837732160      0.000000000000      1.000000000000
      0.442815249267      0.000000000000      1.000000000000
      0.443792766373      0.000000000000      1.000000000000
      0.444770283480      0.000000000000      1.000000000000
      0.445747800587      0.000000000000      1.000000000000
      0.446725317693      0.000000000000      1.000000000000
      0.447702834800      0.000000000000      1.000000000000
      0.448680351906      0.000000000000      1.000000000000
      0.449657869013      0.000000000000      1.000000000000
      0.450635386119      0.000000000000      1.000000000000
      0.451612903226      0.000000000000      1.000000000000
      0.452590420332      0.000000000000      1.000000000000
      0.453567937439      0.000000000000      1.000000000000
      0.454545454545      0.000000000000      1.000000000000
      0.455522971652      0.000000000000      1.000000000000
      0.456500488759      0.000000000000      1.000000000000
      0.457478005865      0.000000000000      1.000000000000
      0.458455522972      0.000000000000      1.000000000000
      0.459433040078      0.000000000000      1.000000000000
      0.460410557185      0.000000000000      1.000000000000
      0.461388074291      0.000000000000      1.000000000000
      0.462365591398      0.000000000000      1.000000000000
      0.463343108504      0.000000000000      1.000000000000
      0.464320625611      0.000000000000      1.000000000000
      0.465298142717      0.000000000000      1.000000000000
      0.466275659824      0.000000000000      1.000000000000
      0.467253176931      0.000000000000      1.000000000000
      0.468230694037      0.000000000000      1.000000000000
      0.469208211144      0.000000000000      1.000000000000
      0.470185728250      0.000000000000      1.000000000000
      0.471163245357      0.000000000000      1.000000000000
      0.472140762463      0.000000000000      1.000000000000
      0.473118279570      0.000000000000      1.000000000000
      0.474095796676      0.000000000000      1.000000000000
      0.475073313783      0.000000000000      1.000000000000
      0.476050830890      0.000000000000      1.000000000000
      0.477028347996      0.000000000000      1.000000000000
      0.478005865103      0.000000000000      1.000000000000
      0.478983382209      0.000000000000      1.000000000000
      0.479960899316      0.000000000000      1.000000000000
      0.480938416422      0.000000000000      1.000000000000
      0.481915933529      0.000000000000      1.000000000000
      0.482893450635      0.000000000000      1.000000000000
      0.483870967742      0.000000000000      1.000000000000
      0.484848484848      0.000000000000      1.000000000000
      0.485826001955      0.000000000000      1.000000000000
      0.486803519062      0.000000000000      1.000000000000
      0.487781036168      0.000000000000      1.000000000000
      0.488758553275      0.000000000000      1.000000000000
      0.489736070381      0.000000000000      1.000000000000
      0.490713587488      0.000000000000      1.000000000000
      0.491691104594      0.000000000000      1.000000000000
      0.492668621701      0.000000000000      1.000000000000
      0.493646138807      0.000000000000      1.000000000000
      0.494623655914      0.000000000000      1.000000000000
      0.495601173021      0.000000000000      1.000000000000
      0.496578690127      0.000000000000      1.000000000000
      0.497556207234      0.000000000000      1.000000000000
      0.498533724340      0.000000000000      1.000000000000
      0.499511241447      0.000000000000      1.000000000000
      0.500488758553      0.000000000000      1.000000000000
      0.501466275660      0.000000000000      1.000000000000
      0.502443792766      0.000000000000      1.000000000000
      0.503421309873      0.000000000000      1.000000000000
      0.504398826979      0.000000000000      1.000000000000
      0.505376344086      0.000000000000      1.000000000000
      0.506353861193      0.000000000000      1.000000000000
      0.507331378299      0.000000000000      1.000000000000
      0.508308895406      0.000000000000      1.000000000000
      0.509286412512      0.000000000000      1.000000000000
      0.510263929619      0.000000000000      1.000000000000
      0.511241446725      0.000000000000      1.000000000000
      0.512218963832      0.000000000000      1.000000000000
      0.513196480938      0.000000000000      1.000000000000
      0.514173998045      0.000000000000      1.000000000000
      0.515151515152      0.000000000000      1.000000000000
      0.516129032258      0.000000000000      1.000000000000
      0.517106549365      0.000000000000      1.000000000000
      0.518084066471      0.000000000000      1.000000000000
      0.519061583578      0.000000000000      1.000000000000
      0.520039100684      0.000000000000      1.000000000000
      0.521016617791      0.000000000000      1.000000000000
      0.521994134897      0.000000000000      1.000000000000
      0.522971652004      0.000000000000      1.000000000000
      0.523949169110      0.000000000000      1.000000000000
      0.524926686217      0.000000000000      1.000000000000
      0.525904203324      0.000000000000      1.000000000000
      0.526881720430      0.000000000000      1.000000000000
      0.527859237537      0.000000000000      1.000000000000
      0.528836754643      0.000000000000      1.000000000000
      0.529814271750      0.000000000000      1.000000000000
      0.530791788856      0.000000000000      1.000000000000
      0.531769305963      0.000000000000      1.000000000000
      0.532746823069      0.000000000000      1.000000000000
      0.533724340176      0.000000000000      1.000000000000
      0.534701857283      0.000000000000      1.000000000000
      0.535679374389      0.000000000000      1.000000000000
      0.536656891496      0.000000000000      1.000000000000
      0.537634408602      0.000000000000      1.000000000000
      0.538611925709      0.000000000000      1.000000000000
      0.539589442815      0.000000000000      1.000000000000
      0.540566959922      0.000000000000      1.000000000000
      0.541544477028      0.000000000000      1.000000000000
      0.542521994135      0.000000000000      1.000000000000
      0.543499511241      0.000000000000      1.000000000000
      0.544477028348      0.000000000000      1.000000000000
      0.545454545455      0.000000000000      1.000000000000
      0.546432062561      0.000000000000      1.000000000000
      0.547409579668      0.000000000000      1.000000000000
      0.548387096774      0.000000000000      1.000000000000
      0.549364613881      0.000000000000      1.000000000000
      0.550342130987      0.000000000000      1.000000000000
      0.551319648094      0.000000000000      1.000000000000
      0.552297165200      0.000000000000      1.000000000000
      0.553274682307      0.000000000000      1.000000000000
      0.554252199413      0.000000000000      1.000000000000
      0.555229716520      0.000000000000      1.000000000000
      0.556207233627      0.000000000000      1.000000000000
      0.557184750733      0.000000000000      1.000000000000
      0.558162267840      0.000000000000      1.000000000000
      0.559139784946      0.000000000000      1.000000000000
      0.560117302053      0.000000000000      1.000000000000
      0.561094819159      0.000000000000      1.000000000000
      0.562072336266      0.000000000000      1.000000000000
      0.563049853372      0.000000000000      1.000000000000
      0.564027370479      0.000000000000      1.000000000000
      0.565004887586      0.000000000000      1.000000000000
      0.565982404692      0.000000000000      1.000000000000
      0.566959921799      0.000000000000      1.000000000000
      0.567937438905      0.000000000000      1.000000000000
      0.568914956012      0.000000000000      1.000000000000
      0.569892473118      0.000000000000      1.000000000000
      0.570869990225      0.000000000000      1.000000000000
      0.571847507331      0.000000000000      1.000000000000
      0.572825024438      0.000000000000      1.000000000000
      0.573802541544      0.000000000000      1.000000000000
      0.574780058651      0.000000000000      1.000000000000
      0.575757575758      0.000000000000      1.000000000000
      0.576735092864      0.000000000000      1.000000000000
      0.577712609971      0.000000000000      1.000000000000
      0.578690127077      0.000000000000      1.000000000000
      0.579667644184      0.000000000000      1.000000000000
      0.580645161290      0.000000000000      1.000000000000
      0.581622678397      0.000000000000      1.000000000000
      0.582600195503      0.000000000000      1.000000000000
      0.583577712610      0.000000000000      1.000000000000
      0.584555229717      0.000000000000      1.000000000000
      0.585532746823      0.000000000000      1.000000000000
      0.586510263930      0.000000000000      1.000000000000
      0.587487781036      0.000000000000      1.000000000000
      0.588465298143      0.000000000000      1.000000000000
      0.589442815249      0.000000000000      1.000000000000
      0.590420332356      0.000000000000      1.000000000000
      0.591397849462      0.000000000000      1.000000000000
      0.592375366569      0.000000000000      1.000000000000
      0.593352883675      0.000000000000      1.000000000000
      0.594330400782      0.000000000000      1.000000000000
      0.595307917889      0.000000000000      1.000000000000
      0.596285434995      0.000000000000      1.000000000000
      0.597262952102      0.000000000000      1.000000000000
      0.598240469208      0.000000000000      1.000000000000
      0.599217986315      0.000000000000      1.000000000000
      0.600195503421      0.000000000000      1.000000000000
      0.601173020528      0.000000000000      1.000000000000
      0.602150537634      0.000000000000      1.000000000000
      0.603128054741      0.000000000000      1.000000000000
      0.604105571848      0.000000000000      1.000000000000
      0.605083088954      0.000000000000      1.000000000000
      0.606060606061      0.000000000000      1.000000000000
      0.607038123167      0.000000000000      1.000000000000
      0.608015640274      0.000000000000      1.000000000000
      0.608993157380      0.000000000000      1.000000000000
      0.609970674487      0.000000000000      1.000000000000
      0.610948191593      0.000000000000      1.000000000000
      0.611925708700      0.000000000000      1.000000000000
      0.612903225806      0.000000000000      1.000000000000
      0.613880742913      0.000000000000      1.000000000000
      0.614858260020      0.000000000000      1.000000000000
      0.615835777126      0.000000000000      1.000000000000
      0.616813294233      0.000000000000      1.000000000000
      0.617790811339      0.000000000000      1.000000000000
      0.618768328446      0.000000000000      1.000000000000
      0.619745845552      0.000000000000      1.000000000000
      0.620723362659      0.000000000000      1.000000000000
      0.621700879765      0.000000000000      1.000000000000
      0.622678396872      0.000000000000      1.000000000000
      0.623655913978      0.000000000000      1.000000000000
      0.624633431085      0.000000000000      1.000000000000
      0.625610948192      0.000000000000      1.000000000000
      0.626588465298      0.000000000000      1.000000000000
      0.627565982405      0.000000000000      1.000000000000
      0.628543499511      0.000000000000      1.000000000000
      0.629521016618      0.000000000000      1.000000000000
      0.630498533724      0.000000000000      1.000000000000
      0.631476050831      0.000000000000      1.000000000000
      0.632453567937      0.000000000000      1.000000000000
      0.633431085044      0.000000000000      1.000000000000
      0.634408602151      0.000000000000      1.000000000000
      0.635386119257      0.000000000000      1.000000000000
      0.636363636364      0.000000000000      1.000000000000
      0.637341153470      0.000000000000      1.000000000000
      0.638318670577      0.000000000000      1.000000000000
      0.639296187683      0.000000000000      1.000000000000
      0.640273704790      0.000000000000      1.000000000000
      0.641251221896      0.000000000000      1.000000000000
      0.642228739003      0.000000000000      1.000000000000
      0.643206256109      0.000000000000      1.000000000000
      0.644183773216      0.000000000000      1.000000000000
      0.645161290323      0.000000000000      1.000000000000
      0.646138807429      0.000000000000      1.000000000000
      0.647116324536      0.000000000000      1.000000000000
      0.648093841642      0.000000000000      1.000000000000
      0.649071358749      0.000000000000      1.000000000000
      0.650048875855      0.000000000000      1.000000000000
      0.651026392962      0.000000000000      1.000000000000
      0.652003910068      0.000000000000      1.000000000000
      0.652981427175      0.000000000000      1.000000000000
      0.653958944282      0.000000000000      1.000000000000
      0.654936461388      0.000000000000      1.000000000000
      0.655913978495      0.000000000000      1.000000000000
      0.656891495601      0.000000000000      1.000000000000
      0.657869012708      0.000000000000      1.000000000000
      0.658846529814      0.000000000000      1.000000000000
      0.659824046921      0.000000000000      1.000000000000
      0.660801564027      0.000000000000      1.000000000000
      0.661779081134      0.000000000000      1.000000000000
      0.662756598240      0.000000000000      1.000000000000
      0.663734115347      0.000000000000      1.000000000000
      0.664711632454      0.000000000000      1.000000000000
      0.665689149560      0.000000000000      1.000000000000
      0.666666666667      0.000000000000      1.000000000000
      0.667644183773      0.000000000000      1.000000000000
      0.668621700880      0.000000000000      1.000000000000
      0.669599217986      0.000000000000      1.000000000000
      0.670576735093      0.000000000000      1.000000000000
      0.671554252199      0.000000000000      1.000000000000
      0.672531769306      0.000000000000      1.000000000000
      0.673509286413      0.000000000000      1.000000000000
      0.674486803519      0.000000000000      1.000000000000
      0.675464320626      0.000000000000      1.000000000000
      0.676441837732      0.000000000000      1.000000000000
      0.677419354839      0.000000000000      1.000000000000
      0.678396871945      0.000000000000      1.000000000000
      0.679374389052      0.000000000000      1.000000000000
      0.680351906158      0.000000000000      1.000000000000
      0.681329423265      0.000000000000      1.000000000000
      0.682306940371      0.000000000000      1.000000000000
      0.683284457478      0.000000000000      1.000000000000
      0.684261974585      0.000000000000      1.000000000000
      0.685239491691      0.000000000000      1.000000000000
      0.686217008798      0.000000000000      1.000000000000
      0.687194525904      0.000000000000      1.000000000000
      0.688172043011      0.000000000000      1.000000000000
      0.689149560117      0.000000000000      1.000000000000
      0.690127077224      0.000000000000      1.000000000000
      0.691104594330      0.000000000000      1.000000000000
      0.692082111437      0.000000000000      1.000000000000
      0.693059628543      0.000000000000      1.000000000000
      0.694037145650      0.000000000000      1.000000000000
      0.695014662757      0.000000000000      1.000000000000
      0.695992179863      0.000000000000      1.000000000000
      0.696969696970      0.000000000000      1.000000000000
      0.697947214076      0.000000000000      1.000000000000
      0.698924731183      0.000000000000      1.000000000000
      0.699902248289      0.000000000000      1.000000000000
      0.700879765396      0.000000000000      1.000000000000
      0.701857282502      0.000000000000      1.000000000000
      0.702834799609      0.000000000000      1.000000000000
      0.703812316716      0.000000000000      1.000000000000
      0.704789833822      0.000000000000      1.000000000000
      0.705767350929      0.000000000000      1.000000000000
      0.706744868035      0.000000000000      1.000000000000
      0.707722385142      0.000000000000      1.000000000000
      0.708699902248      0.000000000000      1.000000000000
      0.709677419355      0.000000000000      1.000000000000
      0.710654936461      0.000000000000      1.000000000000
      0.711632453568      0.000000000000      1.000000000000
      0.712609970674      0.000000000000      1.000000000000
      0.713587487781      0.000000000000      1.000000000000
      0.714565004888      0.000000000000      1.000000000000
      0.715542521994      0.000000000000      1.000000000000
      0.716520039101      0.000000000000      1.000000000000
      0.717497556207      0.000000000000      1.000000000000
      0.718475073314      0.000000000000      1.000000000000
      0.719452590420      0.000000000000      1.000000000000
      0.720430107527      0.000000000000      1.000000000000
      0.721407624633      0.000000000000      1.000000000000
      0.722385141740      0.000000000000      1.000000000000
      0.723362658847      0.000000000000      1.000000000000
      0.724340175953      0.000000000000      1.000000000000
      0.725317693060      0.000000000000      1.000000000000
      0.726295210166      0.000000000000      1.000000000000
      0.727272727273      0.000000000000      1.000000000000
      0.728250244379      0.000000000000      1.000000000000
      0.729227761486      0.000000000000      1.000000000000
      0.730205278592      0.000000000000      1.000000000000
      0.731182795699      0.000000000000      1.000000000000
      0.732160312805      0.000000000000      1.000000000000
      0.733137829912      0.000000000000      1.000000000000
      0.734115347019      0.000000000000      1.000000000000
      0.735092864125      0.000000000000      1.000000000000
      0.736070381232      0.000000000000      1.000000000000
      0.737047898338      0.000000000000      1.000000000000
      0.738025415445      0.000000000000      1.000000000000
      0.739002932551      0.000000000000      1.000000000000
      0.739980449658      0.000000000000      1.000000000000
      0.740957966764      0.000000000000      1.000000000000
      0.741935483871      0.000000000000      1.000000000000
      0.742913000978      0.000000000000      1.000000000000
      0.743890518084      0.000000000000      1.000000000000
      0.744868035191      0.000000000000      1.000000000000
      0.745845552297      0.000000000000      1.000000000000
      0.746823069404      0.000000000000      1.000000000000
      0.747800586510      0.000000000000      1.000000000000
      0.748778103617      0.000000000000      1.000000000000
      0.749755620723      0.000000000000      1.000000000000
      0.750733137830      0.000000000000      1.000000000000
      0.751710654936      0.000000000000      1.000000000000
      0.752688172043      0.000000000000      1.000000000000
      0.753665689150      0.000000000000      1.000000000000
      0.754643206256      0.000000000000      1.000000000000
      0.755620723363      0.000000000000      1.000000000000
      0.756598240469      0.000000000000      1.000000000000
      0.757575757576      0.000000000000      1.000000000000
      0.758553274682      0.000000000000      1.000000000000
      0.759530791789      0.000000000000      1.000000000000
      0.760508308895      0.000000000000      1.000000000000
      0.761485826002      0.000000000000      1.000000000000
      0.762463343109      0.000000000000      1.000000000000
      0.763440860215      0.000000000000      1.000000000000
      0.764418377322      0.000000000000      1.000000000000
      0.765395894428      0.000000000000      1.000000000000
      0.766373411535      0.000000000000      1.000000000000
      0.767350928641      0.000000000000      1.000000000000
      0.768328445748      0.000000000000      1.000000000000
      0.769305962854      0.000000000000      1.000000000000
      0.770283479961      0.000000000000      1.000000000000
      0.771260997067      0.000000000000      1.000000000000
      0.772238514174      0.000000000000      1.000000000000
      0.773216031281      0.000000000000      1.000000000000
      0.774193548387      0.000000000000      1.000000000000
      0.775171065494      0.000000000000      1.000000000000
      0.776148582600      0.000000000000      1.000000000000
      0.777126099707      0.000000000000      1.000000000000
      0.778103616813      0.000000000000      1.000000000000
      0.779081133920      0.000000000000      1.000000000000
      0.780058651026      0.000000000000      1.000000000000
      0.781036168133      0.000000000000      1.000000000000
      0.782013685239      0.000000000000      1.000000000000
      0.782991202346      0.000000000000      1.000000000000
      0.783968719453      0.000000000000      1.000000000000
      0.784946236559      0.000000000000      1.000000000000
      0.785923753666      0.000000000000      1.000000000000
      0.786901270772      0.000000000000      1.000000000000
      0.787878787879      0.000000000000      1.000000000000
      0.788856304985      0.000000000000      1.000000000000
      0.789833822092      0.000000000000      1.000000000000
      0.790811339198      0.000000000000      1.000000000000
      0.791788856305      0.000000000000      1.000000000000
      0.792766373412      0.000000000000      1.000000000000
      0.793743890518      0.000000000000      1.000000000000
      0.794721407625      0.000000000000      1.000000000000
      0.795698924731      0.000000000000      1.000000000000
      0.796676441838      0.000000000000      1.000000000000
      0.797653958944      0.000000000000      1.000000000000
      0.798631476051      0.000000000000      1.000000000000
      0.799608993157      0.000000000000      1.000000000000
      0.800586510264      0.000000000000      1.000000000000
      0.801564027370      0.000000000000      1.000000000000
      0.802541544477      0.000000000000      1.000000000000
      0.803519061584      0.000000000000      1.000000000000
      0.804496578690      0.000000000000      1.000000000000
      0.805474095797      0.000000000000      1.000000000000
      0.806451612903      0.000000000000      1.000000000000
      0.807429130010      0.000000000000      1.000000000000
      0.808406647116      0.000000000000      1.000000000000
      0.809384164223      0.000000000000      1.000000000000
      0.810361681329      0.000000000000      1.000000000000
      0.811339198436      0.000000000000      1.000000000000
      0.812316715543      0.000000000000      1.000000000000
      0.813294232649      0.000000000000      1.000000000000
      0.814271749756      0.000000000000      1.000000000000
      0.815249266862      0.000000000000      1.000000000000
      0.816226783969      0.000000000000      1.000000000000
      0.817204301075      0.000000000000      1.000000000000
      0.818181818182      0.000000000000      1.000000000000
      0.819159335288      0.000000000000      1.000000000000
      0.820136852395      0.000000000000      1.000000000000
      0.821114369501      0.000000000000      1.000000000000
      0.822091886608      0.000000000000      1.000000000000
      0.823069403715      0.000000000000      1.000000000000
      0.824046920821      0.000000000000      1.000000000000
      0.825024437928      0.000000000000      1.000000000000
      0.826001955034      0.000000000000      1.000000000000
      0.826979472141      0.000000000000      1.000000000000
      0.827956989247      0.000000000000      1.000000000000
      0.828934506354      0.000000000000      1.000000000000
      0.829912023460      0.000000000000      1.000000000000
      0.830889540567      0.000000000000      1.000000000000
      0.831867057674      0.000000000000      1.000000000000
      0.832844574780      0.000000000000      1.000000000000
      0.833822091887      0.000000000000      1.000000000000
      0.834799608993      0.000000000000      1.000000000000
      0.835777126100      0.000000000000      1.000000000000
      0.836754643206      0.000000000000      1.000000000000
      0.837732160313      0.000000000000      1.000000000000
      0.838709677419      0.000000000000      1.000000000000
      0.839687194526      0.000000000000      1.000000000000
      0.840664711632      0.000000000000      1.000000000000
      0.841642228739      0.000000000000      1.000000000000
      0.842619745846      0.000000000000      1.000000000000
      0.843597262952      0.000000000000      1.000000000000
      0.844574780059      0.000000000000      1.000000000000
      0.845552297165      0.000000000000      1.000000000000
      0.846529814272      0.000000000000      1.000000000000
      0.847507331378      0.000000000000      1.000000000000
      0.848484848485      0.000000000000      1.000000000000
      0.849462365591      0.000000000000      1.000000000000
      0.850439882698      0.000000000000      1.000000000000
      0.851417399804      0.000000000000      1.000000000000
      0.852394916911      0.000000000000      1.000000000000
      0.853372434018      0.000000000000      1.000000000000
      0.854349951124      0.000000000000      1.000000000000
      0.855327468231      0.000000000000      1.000000000000
      0.856304985337      0.000000000000      1.000000000000
      0.857282502444      0.000000000000      1.000000000000
      0.858260019550      0.000000000000      1.000000000000
      0.859237536657      0.000000000000      1.000000000000
      0.860215053763      0.000000000000      1.000000000000
      0.861192570870      0.000000000000      1.000000000000
      0.862170087977      0.000000000000      1.000000000000
      0.863147605083      0.000000000000      1.000000000000
      0.864125122190      0.000000000000      1.000000000000
      0.865102639296      0.000000000000      1.000000000000
      0.866080156403      0.000000000000      1.000000000000
      0.867057673509      0.000000000000      1.000000000000
      0.868035190616      0.000000000000      1.000000000000
      0.869012707722      0.000000000000      1.000000000000
      0.869990224829      0.000000000000      1.000000000000
      0.870967741935      0.000000000000      1.000000000000
      0.871945259042      0.000000000000      1.000000000000
      0.872922776149      0.000000000000      1.000000000000
      0.873900293255      0.000000000000      1.000000000000
      0.874877810362      0.000000000000      1.000000000000
      0.875855327468      0.000000000000      1.000000000000
      0.876832844575      0.000000000000      1.000000000000
      0.877810361681      0.000000000000      1.000000000000
      0.878787878788      0.000000000000      1.000000000000
      0.879765395894      0.000000000000      1.000000000000
      0.880742913001      0.000000000000      1.000000000000
      0.881720430108      0.000000000000      1.000000000000
      0.882697947214      0.000000000000      1.000000000000
      0.883675464321      0.000000000000      1.000000000000
      0.884652981427      0.000000000000      1.000000000000
      0.885630498534      0.000000000000      1.000000000000
      0.886608015640      0.000000000000      1.000000000000
      0.887585532747      0.000000000000      1.000000000000
      0.888563049853      0.000000000000      1.000000000000
      0.889540566960      0.000000000000      1.000000000000
      0.890518084066      0.000000000000      1.000000000000
      0.891495601173      0.000000000000      1.000000000000
      0.892473118280      0.000000000000      1.000000000000
      0.893450635386      0.000000000000      1.000000000000
      0.894428152493      0.000000000000      1.000000000000
      0.895405669599      0.000000000000      1.000000000000
      0.896383186706      0.000000000000      1.000000000000
      0.897360703812      0.000000000000      1.000000000000
      0.898338220919      0.000000000000      1.000000000000
      0.899315738025      0.000000000000      1.000000000000
      0.900293255132      0.000000000000      1.000000000000
      0.901270772239      0.000000000000      1.000000000000
      0.902248289345      0.000000000000      1.000000000000
      0.903225806452      0.000000000000      1.000000000000
      0.904203323558      0.000000000000      1.000000000000
      0.905180840665      0.000000000000      1.000000000000
      0.906158357771      0.000000000000      1.000000000000
      0.907135874878      0.000000000000      1.000000000000
      0.908113391984      0.000000000000      1.000000000000
      0.909090909091      0.000000000000      1.000000000000
      0.910068426197      0.000000000000      1.000000000000
      0.911045943304      0.000000000000      1.000000000000
      0.912023460411      0.000000000000      1.000000000000
      0.913000977517      0.000000000000      1.000000000000
      0.913978494624      0.000000000000      1.000000000000
      0.914956011730      0.000000000000      1.000000000000
      0.915933528837      0.000000000000      1.000000000000
      0.916911045943      0.000000000000      1.000000000000
      0.917888563050      0.000000000000      1.000000000000
      0.918866080156      0.000000000000      1.000000000000
      0.919843597263      0.000000000000      1.000000000000
      0.920821114370      0.000000000000      1.000000000000
      0.921798631476      0.000000000000      1.000000000000
      0.922776148583      0.000000000000      1.000000000000
      0.923753665689      0.000000000000      1.000000000000
      0.924731182796      0.000000000000      1.000000000000
      0.925708699902      0.000000000000      1.000000000000
      0.926686217009      0.000000000000      1.000000000000
      0.927663734115      0.000000000000      1.000000000000
      0.928641251222      0.000000000000      1.000000000000
      0.929618768328      0.000000000000      1.000000000000
      0.930596285435      0.000000000000      1.000000000000
      0.931573802542      0.000000000000      1.000000000000
      0.932551319648      0.000000000000      1.000000000000
      0.933528836755      0.000000000000      1.000000000000
      0.934506353861      0.000000000000      1.000000000000
      0.935483870968      0.000000000000      1.000000000000
      0.936461388074      0.000000000000      1.000000000000
      0.937438905181      0.000000000000      1.000000000000
      0.938416422287      0.000000000000      1.000000000000
      0.939393939394      0.000000000000      1.000000000000
      0.940371456500      0.000000000000      1.000000000000
      0.941348973607      0.000000000000      1.000000000000
      0.942326490714      0.000000000000      1.000000000000
      0.943304007820      0.000000000000      1.000000000000
      0.944281524927      0.000000000000      1.000000000000
      0.945259042033      0.000000000000      1.000000000000
      0.946236559140      0.000000000000      1.000000000000
      0.947214076246      0.000000000000      1.000000000000
      0.948191593353      0.000000000000      1.000000000000
      0.949169110459      0.000000000000      1.000000000000
      0.950146627566      0.000000000000      1.000000000000
      0.951124144673      0.000000000000      1.000000000000
      0.952101661779      0.000000000000      1.000000000000
      0.953079178886      0.000000000000      1.000000000000
      0.954056695992      0.000000000000      1.000000000000
      0.955034213099      0.000000000000      1.000000000000
      0.956011730205      0.000000000000      1.000000000000
      0.956989247312      0.000000000000      1.000000000000
      0.957966764418      0.000000000000      1.000000000000
      0.958944281525      0.000000000000      1.000000000000
      0.959921798631      0.000000000000      1.000000000000
      0.960899315738      0.000000000000      1.000000000000
      0.961876832845      0.000000000000      1.000000000000
      0.962854349951      0.000000000000      1.000000000000
      0.963831867058      0.000000000000      1.000000000000
      0.964809384164      0.000000000000      1.000000000000
      0.965786901271      0.000000000000      1.000000000000
      0.966764418377      0.000000000000      1.000000000000
      0.967741935484      0.000000000000      1.000000000000
      0.968719452590      0.000000000000      1.000000000000
      0.969696969697      0.000000000000      1.000000000000
      0.970674486804      0.000000000000      1.000000000000
      0.971652003910      0.000000000000      1.000000000000
      0.972629521017      0.000000000000      1.000000000000
      0.973607038123      0.000000000000      1.000000000000
      0.974584555230      0.000000000000      1.000000000000
      0.975562072336      0.000000000000      1.000000000000
      0.976539589443      0.000000000000      1.000000000000
      0.977517106549      0.000000000000      1.000000000000
      0.978494623656      0.000000000000      1.000000000000
      0.979472140762      0.000000000000      1.000000000000
      0.980449657869      0.000000000000      1.000000000000
      0.981427174976      0.000000000000      1.000000000000
      0.982404692082      0.000000000000      1.000000000000
      0.983382209189      0.000000000000      1.000000000000
      0.984359726295      0.000000000000      1.000000000000
      0.985337243402      0.000000000000      1.000000000000
      0.986314760508      0.000000000000      1.000000000000
      0.987292277615      0.000000000000      1.000000000000
      0.988269794721      0.000000000000      1.000000000000
      0.989247311828      0.000000000000      1.000000000000
      0.990224828935      0.000000000000      1.000000000000
      0.991202346041      0.000000000000      1.000000000000
      0.992179863148      0.000000000000      1.000000000000
      0.993157380254      0.000000000000      1.000000000000
      0.994134897361      0.000000000000      1.000000000000
      0.995112414467      0.000000000000      1.000000000000
      0.996089931574      0.000000000000      1.000000000000
      0.997067448680      0.000000000000      1.000000000000
      0.998044965787      0.000000000000      1.000000000000
      0.999022482893      0.000000000000      1.000000000000
      1.000000000000      0.000000000000      1.000000000000
