0.000000000000  0.000161479537
0.007874015748  0.00311451066
0.015748031496  0.01318702398
0.023622047244  0.039311254475
0.031496062992  0.1040995866
0.039370078740  0.001215588146
0.047244094488  0.0
0.055118110236  0.0
0.062992125984  0.0
0.070866141732  0.0
0.078740157480  0.0
0.086614173228  0.0
0.094488188976  0.0
0.102362204724  0.0
0.110236220472  0.0
0.118110236220  0.0
0.125984251969  0.0
0.133858267717  0.0
0.141732283465  0.0
0.149606299213  0.0
0.157480314961  0.0
0.165354330709  0.0
0.173228346457  0.0
0.181102362205  0.0
0.188976377953  0.0
0.196850393701  0.0
0.204724409449  0.0
0.212598425197  0.0
0.220472440945  0.0
0.228346456693  0.0
0.236220472441  0.0
0.244094488189  0.0
0.251968503937  0.0
0.259842519685  0.0
0.267716535433  0.0
0.275590551181  0.0
0.283464566929  0.0
0.291338582677  0.0
0.299212598425  0.0
0.307086614173  0.0
0.314960629921  0.0
0.322834645669  0.0
0.330708661417  0.0
0.338582677165  0.0
0.346456692913  0.0
0.354330708661  0.0
0.362204724409  0.0
0.370078740157  0.0
0.377952755906  0.0
0.385826771654  0.0
0.393700787402  0.0
0.401574803150  0.0
0.409448818898  0.0
0.417322834646  0.0
0.425196850394  0.0
0.433070866142  0.0
0.440944881890  0.0
0.448818897638  0.0
0.456692913386  0.0
0.464566929134  0.0
0.472440944882  0.0
0.480314960630  0.0
0.488188976378  0.0
0.496062992126  0.0
0.503937007874  0.0
0.511811023622  0.0
0.519685039370  0.0
0.527559055118  0.0
0.535433070866  0.0
0.543307086614  0.0
0.551181102362  0.0
0.559055118110  0.0
0.566929133858  0.0
0.574803149606  0.0
0.582677165354  0.0
0.590551181102  0.0
0.598425196850  0.0
0.606299212598  0.0
0.614173228346  0.0
0.622047244094  0.0
0.629921259843  0.0
0.637795275591  0.0
0.645669291339  0.0
0.653543307087  0.0
0.661417322835  0.0
0.669291338583  0.0
0.677165354331  0.0
0.685039370079  0.0
0.692913385827  0.0
0.700787401575  0.0
0.708661417323  0.0
0.716535433071  0.0
0.724409448819  0.0
0.732283464567  0.0
0.740157480315  0.0
0.748031496063  0.0
0.755905511811  0.0
0.763779527559  0.0
0.771653543307  0.0
0.779527559055  0.0
0.787401574803  0.0
0.795275590551  0.0
0.803149606299  0.0
0.811023622047  0.0
0.818897637795  0.0
0.826771653543  0.0
0.834645669291  0.0
0.842519685039  0.0
0.850393700787  0.0
0.858267716535  0.0
0.866141732283  0.0
0.874015748031  0.0
0.881889763780  0.0
0.889763779528  0.0
0.897637795276  0.0
0.905511811024  0.0
0.913385826772  0.0
0.921259842520  0.0
0.929133858268  0.0
0.937007874016  0.0
0.944881889764  0.0
0.952755905512  0.0
0.960629921260  0.0
0.968503937008  0.0
0.976377952756  0.0
0.984251968504  0.0
0.992125984252  0.0
1.000000000000  0.0
