  0.100000000000000       0.000000000000000E+000  0.100000000000000     
  0.000000000000000E+000
  0.100000000000000       0.000000000000000E+000  0.100000000000000     
  0.000000000000000E+000
  0.200000000000000       0.000000000000000E+000  0.107782944367938     
  2.002442002442003E-002
  0.200000000000000       0.000000000000000E+000  0.107782944367938     
  2.002442002442003E-002
  0.300000000000000       0.000000000000000E+000  0.116150480149410     
  2.368742368742369E-002
  0.300000000000000       0.000000000000000E+000  0.116150480149410     
  2.368742368742369E-002
  0.400000000000000       0.000000000000000E+000  0.125142382014123     
  2.612942612942613E-002
  0.400000000000000       0.000000000000000E+000  0.125142382014123     
  2.612942612942613E-002
  0.500000000000000       0.000000000000000E+000  0.134800237734515     
  2.783882783882784E-002
  0.500000000000000       0.000000000000000E+000  0.134800237734515     
  2.783882783882784E-002
  0.600000000000000       0.000000000000000E+000  0.145167301049669     
  2.905982905982906E-002
  0.600000000000000       0.000000000000000E+000  0.145167301049669     
  2.905982905982906E-002
  0.700000000000000       0.000000000000000E+000  0.156288262897874     
  3.028083028083028E-002
  0.700000000000000       0.000000000000000E+000  0.156288262897874     
  3.028083028083028E-002
  0.800000000000000       0.000000000000000E+000  0.168208915337865     
  3.101343101343101E-002
  0.800000000000000       0.000000000000000E+000  0.168208915337865     
  3.101343101343101E-002
  0.900000000000000       0.000000000000000E+000  0.180975674321241     
  3.199023199023199E-002
  0.900000000000000       0.000000000000000E+000  0.180975674321241     
  3.199023199023199E-002
   1.00000000000000       0.000000000000000E+000  0.194634916387428     
  3.247863247863248E-002
   1.00000000000000       0.000000000000000E+000  0.194634916387428     
  3.247863247863248E-002
   1.10000000000000       0.000000000000000E+000  0.209232069075976     
  3.321123321123321E-002
   1.10000000000000       0.000000000000000E+000  0.209232069075976     
  3.321123321123321E-002
   1.20000000000000       0.000000000000000E+000  0.224810373474890     
  3.369963369963370E-002
   1.20000000000000       0.000000000000000E+000  0.224810373474890     
  3.369963369963370E-002
   1.30000000000000       0.000000000000000E+000  0.241409206816589     
  3.418803418803419E-002
   1.30000000000000       0.000000000000000E+000  0.241409206816589     
  3.418803418803419E-002
   1.40000000000000       0.000000000000000E+000  0.259061808380066     
  3.467643467643468E-002
   1.40000000000000       0.000000000000000E+000  0.259061808380066     
  3.467643467643468E-002
   1.50000000000000       0.000000000000000E+000  0.277792184468250     
  3.492063492063492E-002
   1.50000000000000       0.000000000000000E+000  0.277792184468250     
  3.492063492063492E-002
   1.60000000000000       0.000000000000000E+000  0.297610862091675     
  3.516483516483516E-002
   1.60000000000000       0.000000000000000E+000  0.297610862091675     
  3.516483516483516E-002
   1.70000000000000       0.000000000000000E+000  0.318508986454185     
  3.565323565323565E-002
   1.70000000000000       0.000000000000000E+000  0.318508986454185     
  3.565323565323565E-002
   1.80000000000000       0.000000000000000E+000  0.340449958454213     
  3.589743589743589E-002
   1.80000000000000       0.000000000000000E+000  0.340449958454213     
  3.589743589743589E-002
   1.90000000000000       0.000000000000000E+000  0.363357287948615     
  3.614163614163615E-002
   1.90000000000000       0.000000000000000E+000  0.363357287948615     
  3.614163614163615E-002
   2.00000000000000       0.000000000000000E+000  0.387096476684746     
  3.638583638583639E-002
   2.00000000000000       0.000000000000000E+000  0.387096476684746     
  3.638583638583639E-002
   2.10000000000000       0.000000000000000E+000  0.411447612628576     
  3.663003663003663E-002
   2.10000000000000       0.000000000000000E+000  0.411447612628576     
  3.663003663003663E-002
   2.20000000000000       0.000000000000000E+000  0.436065039777077     
  3.663003663003663E-002
   2.20000000000000       0.000000000000000E+000  0.436065039777077     
  3.663003663003663E-002
   2.30000000000000       0.000000000000000E+000  0.460424649174724     
  3.687423687423688E-002
   2.30000000000000       0.000000000000000E+000  0.460424649174724     
  3.687423687423688E-002
   2.40000000000000       0.000000000000000E+000  0.483773906036584     
  3.711843711843712E-002
   2.40000000000000       0.000000000000000E+000  0.483773906036584     
  3.711843711843712E-002
   2.50000000000000       0.000000000000000E+000  0.505123483394452     
  3.711843711843712E-002
   2.50000000000000       0.000000000000000E+000  0.505123483394452     
  3.711843711843712E-002
   2.60000000000000       0.000000000000000E+000  0.523330650382730     
  3.736263736263736E-002
   2.60000000000000       0.000000000000000E+000  0.523330650382730     
  3.736263736263736E-002
   2.70000000000000       0.000000000000000E+000  0.537297810300708     
  3.736263736263736E-002
   2.70000000000000       0.000000000000000E+000  0.537297810300708     
  3.736263736263736E-002
   2.80000000000000       0.000000000000000E+000  0.546258041359693     
  3.760683760683761E-002
   2.80000000000000       0.000000000000000E+000  0.546258041359693     
  3.760683760683761E-002
   2.90000000000000       0.000000000000000E+000  0.550064809873811     
  3.760683760683761E-002
   2.90000000000000       0.000000000000000E+000  0.550064809873811     
  3.760683760683761E-002
   3.00000000000000       0.000000000000000E+000  0.549323105916837     
  3.785103785103785E-002
   3.00000000000000       0.000000000000000E+000  0.549323105916837     
  3.785103785103785E-002
   3.10000000000000       0.000000000000000E+000  0.545189000837887     
  3.785103785103785E-002
   3.10000000000000       0.000000000000000E+000  0.545189000837887     
  3.785103785103785E-002
   3.20000000000000       0.000000000000000E+000  0.538919777589772     
  3.809523809523810E-002
   3.20000000000000       0.000000000000000E+000  0.538919777589772     
  3.809523809523810E-002
   3.30000000000000       0.000000000000000E+000  0.531511580780930     
  3.809523809523810E-002
   3.30000000000000       0.000000000000000E+000  0.531511580780930     
  3.809523809523810E-002
   3.40000000000000       0.000000000000000E+000  0.523604109240289     
  3.809523809523810E-002
   3.40000000000000       0.000000000000000E+000  0.523604109240289     
  3.809523809523810E-002
   3.50000000000000       0.000000000000000E+000  0.515553832964439     
  3.833943833943834E-002
   3.50000000000000       0.000000000000000E+000  0.515553832964439     
  3.833943833943834E-002
   3.60000000000000       3.247863247863248E-002  0.510882303725206     
  3.858363858363859E-002
   3.60000000000000       3.247863247863248E-002  0.510882303725206     
  3.858363858363859E-002
   3.70000000000000       3.394383394383394E-002  0.508250597470836     
  3.882783882783883E-002
   3.70000000000000       3.394383394383394E-002  0.508250597470836     
  3.882783882783883E-002
   3.80000000000000       3.467643467643468E-002  0.504418555148520     
  3.907203907203907E-002
   3.80000000000000       3.467643467643468E-002  0.504418555148520     
  3.907203907203907E-002
   3.90000000000000       3.540903540903541E-002  0.499500031736713     
  3.931623931623932E-002
   3.90000000000000       3.540903540903541E-002  0.499500031736713     
  3.931623931623932E-002
   4.00000000000000       3.565323565323565E-002  0.493776963936932     
  3.956043956043956E-002
   4.00000000000000       3.565323565323565E-002  0.493776963936932     
  3.956043956043956E-002
   4.10000000000000       3.614163614163615E-002  0.487537192098358     
  3.980463980463980E-002
   4.10000000000000       3.614163614163615E-002  0.487537192098358     
  3.980463980463980E-002
   4.20000000000000       3.638583638583639E-002  0.481020612686316     
  4.004884004884005E-002
   4.20000000000000       3.638583638583639E-002  0.481020612686316     
  4.004884004884005E-002
   4.30000000000000       3.663003663003663E-002  0.474411184339727     
  4.029304029304030E-002
   4.30000000000000       3.663003663003663E-002  0.474411184339727     
  4.029304029304030E-002
   4.40000000000000       3.711843711843712E-002  0.467871367663587     
  4.053724053724054E-002
   4.40000000000000       3.711843711843712E-002  0.467871367663587     
  4.053724053724054E-002
   4.50000000000000       3.736263736263736E-002  0.461516484147327     
  4.078144078144078E-002
   4.50000000000000       3.736263736263736E-002  0.461516484147327     
  4.078144078144078E-002
   4.60000000000000       3.760683760683761E-002  0.455430717928173     
  4.102564102564103E-002
   4.60000000000000       3.760683760683761E-002  0.455430717928173     
  4.102564102564103E-002
   4.70000000000000       3.809523809523810E-002  0.449693352545945     
  4.126984126984127E-002
   4.70000000000000       3.809523809523810E-002  0.449693352545945     
  4.126984126984127E-002
   4.80000000000000       3.833943833943834E-002  0.444360888518301     
  4.151404151404151E-002
   4.80000000000000       3.833943833943834E-002  0.444360888518301     
  4.151404151404151E-002
   4.90000000000000       3.858363858363859E-002  0.439443141282879     
  4.175824175824176E-002
   4.90000000000000       3.858363858363859E-002  0.439443141282879     
  4.175824175824176E-002
   5.00000000000000       3.882783882783883E-002  0.434949424830961     
  4.200244200244201E-002
   5.00000000000000       3.882783882783883E-002  0.434949424830961     
  4.200244200244201E-002
   5.10000000000000       3.907203907203907E-002  0.430865327092735     
  4.224664224664225E-002
   5.10000000000000       3.907203907203907E-002  0.430865327092735     
  4.224664224664225E-002
   5.20000000000000       3.931623931623932E-002  0.427155547181481     
  4.249084249084249E-002
   5.20000000000000       3.931623931623932E-002  0.427155547181481     
  4.249084249084249E-002
   5.30000000000000       3.956043956043956E-002  0.423794254641114     
  4.273504273504274E-002
   5.30000000000000       3.956043956043956E-002  0.423794254641114     
  4.273504273504274E-002
   5.40000000000000       3.956043956043956E-002  0.420781756247450     
  4.297924297924298E-002
   5.40000000000000       3.956043956043956E-002  0.420781756247450     
  4.297924297924298E-002
   5.50000000000000       3.980463980463980E-002  0.418058298097639     
  4.322344322344322E-002
   5.50000000000000       3.980463980463980E-002  0.418058298097639     
  4.322344322344322E-002
   5.60000000000000       4.004884004884005E-002  0.415583143461912     
  4.346764346764347E-002
   5.60000000000000       4.004884004884005E-002  0.415583143461912     
  4.346764346764347E-002
   5.70000000000000       4.029304029304030E-002  0.413324685757848     
  4.371184371184371E-002
   5.70000000000000       4.029304029304030E-002  0.413324685757848     
  4.371184371184371E-002
   5.80000000000000       4.053724053724054E-002  0.411257780496020     
  4.395604395604396E-002
   5.80000000000000       4.053724053724054E-002  0.411257780496020     
  4.395604395604396E-002
   5.90000000000000       4.078144078144078E-002  0.409364908779129     
  4.420024420024420E-002
   5.90000000000000       4.078144078144078E-002  0.409364908779129     
  4.420024420024420E-002
   6.00000000000000       4.102564102564103E-002  0.407636137473370     
  4.444444444444445E-002
   6.00000000000000       4.102564102564103E-002  0.407636137473370     
  4.444444444444445E-002
   6.10000000000000       4.126984126984127E-002  0.406069069179235     
  4.468864468864469E-002
   6.10000000000000       4.126984126984127E-002  0.406069069179235     
  4.468864468864469E-002
   6.20000000000000       4.151404151404151E-002  0.404670484794283     
  4.493284493284493E-002
   6.20000000000000       4.151404151404151E-002  0.404670484794283     
  4.493284493284493E-002
   6.30000000000000       4.175824175824176E-002  0.403462376087607     
  4.517704517704518E-002
   6.30000000000000       4.175824175824176E-002  0.403462376087607     
  4.517704517704518E-002
   6.40000000000000       4.200244200244201E-002  0.402499164371820     
  4.542124542124542E-002
   6.40000000000000       4.200244200244201E-002  0.402499164371820     
  4.542124542124542E-002
   6.50000000000000       4.224664224664225E-002  0.401917042290805     
  4.566544566544566E-002
   6.50000000000000       4.224664224664225E-002  0.401917042290805     
  4.566544566544566E-002
   6.60000000000000       4.249084249084249E-002  0.402051575779387     
  4.590964590964591E-002
   6.60000000000000       4.249084249084249E-002  0.402051575779387     
  4.590964590964591E-002
   6.70000000000000       4.273504273504274E-002  0.402976201910834     
  4.590964590964591E-002
   6.70000000000000       4.273504273504274E-002  0.402976201910834     
  4.590964590964591E-002
   6.80000000000000       4.297924297924298E-002  0.402557377915014     
  4.615384615384616E-002
   6.80000000000000       4.297924297924298E-002  0.402557377915014     
  4.615384615384616E-002
   6.90000000000000       4.297924297924298E-002  0.401293093272051     
  4.639804639804640E-002
   6.90000000000000       4.297924297924298E-002  0.401293093272051     
  4.639804639804640E-002
   7.00000000000000       4.322344322344322E-002  0.400002184354297     
  4.664224664224664E-002
   7.00000000000000       4.322344322344322E-002  0.400002184354297     
  4.664224664224664E-002
   7.10000000000000       4.346764346764347E-002  0.398772217242663     
  4.688644688644689E-002
   7.10000000000000       4.346764346764347E-002  0.398772217242663     
  4.688644688644689E-002
   7.20000000000000       4.371184371184371E-002  0.397728692043733     
  4.713064713064713E-002
   7.20000000000000       4.371184371184371E-002  0.397728692043733     
  4.713064713064713E-002
   7.30000000000000       4.395604395604396E-002  0.397029547023504     
  4.737484737484737E-002
   7.30000000000000       4.395604395604396E-002  0.397029547023504     
  4.737484737484737E-002
   7.40000000000000       4.420024420024420E-002  0.396999041042575     
  4.761904761904762E-002
   7.40000000000000       4.420024420024420E-002  0.396999041042575     
  4.761904761904762E-002
   7.50000000000000       4.444444444444445E-002  0.397762667397854     
  4.761904761904762E-002
   7.50000000000000       4.444444444444445E-002  0.397762667397854     
  4.761904761904762E-002
   7.60000000000000       4.468864468864469E-002  0.397333773897111     
  4.786324786324787E-002
   7.60000000000000       4.468864468864469E-002  0.397333773897111     
  4.786324786324787E-002
   7.70000000000000       4.493284493284493E-002  0.396065419300043     
  4.810744810744811E-002
   7.70000000000000       4.493284493284493E-002  0.396065419300043     
  4.810744810744811E-002
   7.80000000000000       4.493284493284493E-002  0.394745903947011     
  4.835164835164835E-002
   7.80000000000000       4.493284493284493E-002  0.394745903947011     
  4.835164835164835E-002
   7.90000000000000       4.517704517704518E-002  0.393643653782268     
  4.859584859584860E-002
   7.90000000000000       4.517704517704518E-002  0.393643653782268     
  4.859584859584860E-002
   8.00000000000000       4.542124542124542E-002  0.392935397072957     
  4.884004884004884E-002
   8.00000000000000       4.542124542124542E-002  0.392935397072957     
  4.884004884004884E-002
   8.10000000000000       4.566544566544566E-002  0.393007787280579     
  4.908424908424908E-002
   8.10000000000000       4.566544566544566E-002  0.393007787280579     
  4.908424908424908E-002
   8.20000000000000       4.615384615384616E-002  0.393644068661036     
  4.908424908424908E-002
   8.20000000000000       4.615384615384616E-002  0.393644068661036     
  4.908424908424908E-002
   8.30000000000000       4.615384615384616E-002  0.392818462291511     
  4.932844932844933E-002
   8.30000000000000       4.615384615384616E-002  0.392818462291511     
  4.932844932844933E-002
   8.40000000000000       4.639804639804640E-002  0.391554890007811     
  4.957264957264957E-002
   8.40000000000000       4.639804639804640E-002  0.391554890007811     
  4.957264957264957E-002
   8.50000000000000       4.664224664224664E-002  0.390388105127020     
  4.981684981684982E-002
   8.50000000000000       4.664224664224664E-002  0.390388105127020     
  4.981684981684982E-002
   8.60000000000000       4.688644688644689E-002  0.389654501817681     
  5.006105006105006E-002
   8.60000000000000       4.688644688644689E-002  0.389654501817681     
  5.006105006105006E-002
   8.70000000000000       4.713064713064713E-002  0.389790935039431     
  5.030525030525031E-002
   8.70000000000000       4.713064713064713E-002  0.389790935039431     
  5.030525030525031E-002
   8.80000000000000       4.737484737484737E-002  0.390408464686696     
  5.030525030525031E-002
   8.80000000000000       4.737484737484737E-002  0.390408464686696     
  5.030525030525031E-002
   8.90000000000000       4.737484737484737E-002  0.389578303407730     
  5.054945054945055E-002
   8.90000000000000       4.737484737484737E-002  0.389578303407730     
  5.054945054945055E-002
   9.00000000000000       4.761904761904762E-002  0.388443480438513     
  5.079365079365079E-002
   9.00000000000000       4.761904761904762E-002  0.388443480438513     
  5.079365079365079E-002
   9.10000000000000       4.786324786324787E-002  0.387499288147476     
  5.103785103785104E-002
   9.10000000000000       4.786324786324787E-002  0.387499288147476     
  5.103785103785104E-002
   9.20000000000000       4.810744810744811E-002  0.387168742545307     
  5.128205128205128E-002
   9.20000000000000       4.810744810744811E-002  0.387168742545307     
  5.128205128205128E-002
   9.30000000000000       4.835164835164835E-002  0.387797543629760     
  5.128205128205128E-002
   9.30000000000000       4.835164835164835E-002  0.387797543629760     
  5.128205128205128E-002
   9.40000000000000       4.859584859584860E-002  0.387632585481890     
  5.152625152625152E-002
   9.40000000000000       4.859584859584860E-002  0.387632585481890     
  5.152625152625152E-002
   9.50000000000000       4.859584859584860E-002  0.386586602977894     
  5.177045177045177E-002
   9.50000000000000       4.859584859584860E-002  0.386586602977894     
  5.177045177045177E-002
   9.60000000000000       4.884004884004884E-002  0.385621659891554     
  5.201465201465202E-002
   9.60000000000000       4.884004884004884E-002  0.385621659891554     
  5.201465201465202E-002
   9.70000000000000       4.908424908424908E-002  0.385182186601918     
  5.225885225885226E-002
   9.70000000000000       4.908424908424908E-002  0.385182186601918     
  5.225885225885226E-002
   9.80000000000000       4.932844932844933E-002  0.385705938293799     
  5.225885225885226E-002
   9.80000000000000       4.932844932844933E-002  0.385705938293799     
  5.225885225885226E-002
   9.90000000000000       4.957264957264957E-002  0.385784652445625     
  5.250305250305250E-002
   9.90000000000000       4.957264957264957E-002  0.385784652445625     
  5.250305250305250E-002
   10.0000000000000       4.957264957264957E-002  0.384771975472255     
  5.274725274725275E-002
   10.0000000000000       4.957264957264957E-002  0.384771975472255     
  5.274725274725275E-002
   10.1000000000000       4.981684981684982E-002  0.383875435748296     
  5.299145299145299E-002
   10.1000000000000       4.981684981684982E-002  0.383875435748296     
  5.299145299145299E-002
   10.2000000000000       5.006105006105006E-002  0.383527078987480     
  5.323565323565323E-002
   10.2000000000000       5.006105006105006E-002  0.383527078987480     
  5.323565323565323E-002
   10.3000000000000       5.030525030525031E-002  0.384125169772088     
  5.323565323565323E-002
   10.3000000000000       5.030525030525031E-002  0.384125169772088     
  5.323565323565323E-002
   10.4000000000000       5.054945054945055E-002  0.384027510091147     
  5.347985347985348E-002
   10.4000000000000       5.054945054945055E-002  0.384027510091147     
  5.347985347985348E-002
   10.5000000000000       5.054945054945055E-002  0.383016326125592     
  5.372405372405373E-002
   10.5000000000000       5.054945054945055E-002  0.383016326125592     
  5.372405372405373E-002
   10.6000000000000       5.079365079365079E-002  0.382258216781465     
  5.396825396825397E-002
   10.6000000000000       5.079365079365079E-002  0.382258216781465     
  5.396825396825397E-002
   10.7000000000000       5.103785103785104E-002  0.382189654230308     
  5.421245421245421E-002
   10.7000000000000       5.103785103785104E-002  0.382189654230308     
  5.421245421245421E-002
   10.8000000000000       5.128205128205128E-002  0.382867653712793     
  5.421245421245421E-002
   10.8000000000000       5.128205128205128E-002  0.382867653712793     
  5.421245421245421E-002
   10.9000000000000       5.152625152625152E-002  0.382329268923737     
  5.445665445665446E-002
   10.9000000000000       5.152625152625152E-002  0.382329268923737     
  5.445665445665446E-002
   11.0000000000000       5.152625152625152E-002  0.381362778689087     
  5.470085470085470E-002
   11.0000000000000       5.152625152625152E-002  0.381362778689087     
  5.470085470085470E-002
   11.1000000000000       5.177045177045177E-002  0.380861907584274     
  5.494505494505494E-002
   11.1000000000000       5.177045177045177E-002  0.380861907584274     
  5.494505494505494E-002
   11.2000000000000       5.201465201465202E-002  0.381251665354030     
  5.494505494505494E-002
   11.2000000000000       5.201465201465202E-002  0.381251665354030     
  5.494505494505494E-002
   11.3000000000000       5.225885225885226E-002  0.381555269229068     
  5.518925518925519E-002
   11.3000000000000       5.225885225885226E-002  0.381555269229068     
  5.518925518925519E-002
   11.4000000000000       5.250305250305250E-002  0.380671744563970     
  5.543345543345543E-002
   11.4000000000000       5.250305250305250E-002  0.380671744563970     
  5.543345543345543E-002
   11.5000000000000       5.250305250305250E-002  0.379907702579879     
  5.567765567765568E-002
   11.5000000000000       5.250305250305250E-002  0.379907702579879     
  5.567765567765568E-002
   11.6000000000000       5.274725274725275E-002  0.379885018264599     
  5.592185592185592E-002
   11.6000000000000       5.274725274725275E-002  0.379885018264599     
  5.592185592185592E-002
   11.7000000000000       5.299145299145299E-002  0.380557328742453     
  5.592185592185592E-002
   11.7000000000000       5.299145299145299E-002  0.380557328742453     
  5.592185592185592E-002
   11.8000000000000       5.323565323565323E-002  0.380031660710204     
  5.616605616605617E-002
   11.8000000000000       5.323565323565323E-002  0.380031660710204     
  5.616605616605617E-002
   11.9000000000000       5.347985347985348E-002  0.379124803088528     
  5.641025641025641E-002
   11.9000000000000       5.347985347985348E-002  0.379124803088528     
  5.641025641025641E-002
   12.0000000000000       5.347985347985348E-002  0.378824838685761     
  5.665445665445665E-002
   12.0000000000000       5.347985347985348E-002  0.378824838685761     
  5.665445665445665E-002
   12.1000000000000       5.372405372405373E-002  0.379428870101558     
  5.665445665445665E-002
   12.1000000000000       5.372405372405373E-002  0.379428870101558     
  5.665445665445665E-002
   12.2000000000000       5.396825396825397E-002  0.379372517503818     
  5.689865689865690E-002
   12.2000000000000       5.396825396825397E-002  0.379372517503818     
  5.689865689865690E-002
   12.3000000000000       5.421245421245421E-002  0.378499302081586     
  5.714285714285714E-002
   12.3000000000000       5.421245421245421E-002  0.378499302081586     
  5.714285714285714E-002
   12.4000000000000       5.421245421245421E-002  0.377979016359185     
  5.738705738705738E-002
   12.4000000000000       5.421245421245421E-002  0.377979016359185     
  5.738705738705738E-002
   12.5000000000000       5.445665445665446E-002  0.378404392763104     
  5.738705738705738E-002
   12.5000000000000       5.445665445665446E-002  0.378404392763104     
  5.738705738705738E-002
   12.6000000000000       5.470085470085470E-002  0.378703273047216     
  5.763125763125763E-002
   12.6000000000000       5.470085470085470E-002  0.378703273047216     
  5.763125763125763E-002
   12.7000000000000       5.494505494505494E-002  0.377908687466633     
  5.787545787545788E-002
   12.7000000000000       5.494505494505494E-002  0.377908687466633     
  5.787545787545788E-002
   12.8000000000000       5.518925518925519E-002  0.377265033931332     
  5.811965811965812E-002
   12.8000000000000       5.518925518925519E-002  0.377265033931332     
  5.811965811965812E-002
   12.9000000000000       5.543345543345543E-002  0.377532810363831     
  5.811965811965812E-002
   12.9000000000000       5.543345543345543E-002  0.377532810363831     
  5.811965811965812E-002
   13.0000000000000       5.543345543345543E-002  0.378028091796558     
  5.836385836385836E-002
   13.0000000000000       5.543345543345543E-002  0.378028091796558     
  5.836385836385836E-002
   13.1000000000000       5.567765567765568E-002  0.377332341647221     
  5.860805860805861E-002
   13.1000000000000       5.567765567765568E-002  0.377332341647221     
  5.860805860805861E-002
   13.2000000000000       5.592185592185592E-002  0.376646470058243     
  5.885225885225885E-002
   13.2000000000000       5.592185592185592E-002  0.376646470058243     
  5.885225885225885E-002
   13.3000000000000       5.616605616605617E-002  0.376803233642367     
  5.909645909645909E-002
   13.3000000000000       5.616605616605617E-002  0.376803233642367     
  5.909645909645909E-002
   13.4000000000000       5.641025641025641E-002  0.377382499274536     
  5.909645909645909E-002
   13.4000000000000       5.641025641025641E-002  0.377382499274536     
  5.909645909645909E-002
   13.5000000000000       5.641025641025641E-002  0.376771316187960     
  5.934065934065934E-002
   13.5000000000000       5.641025641025641E-002  0.376771316187960     
  5.934065934065934E-002
   13.6000000000000       5.665445665445665E-002  0.376079396529480     
  5.958485958485959E-002
   13.6000000000000       5.665445665445665E-002  0.376079396529480     
  5.958485958485959E-002
   13.7000000000000       5.689865689865690E-002  0.376186447251017     
  5.982905982905983E-002
   13.7000000000000       5.689865689865690E-002  0.376186447251017     
  5.982905982905983E-002
   13.8000000000000       5.714285714285714E-002  0.376810295197946     
  5.982905982905983E-002
   13.8000000000000       5.714285714285714E-002  0.376810295197946     
  5.982905982905983E-002
   13.9000000000000       5.714285714285714E-002  0.376230230345096     
  6.007326007326007E-002
   13.9000000000000       5.714285714285714E-002  0.376230230345096     
  6.007326007326007E-002
   14.0000000000000       5.738705738705738E-002  0.375554111882841     
  6.031746031746032E-002
   14.0000000000000       5.738705738705738E-002  0.375554111882841     
  6.031746031746032E-002
   14.1000000000000       5.763125763125763E-002  0.375663919494022     
  6.056166056166056E-002
   14.1000000000000       5.763125763125763E-002  0.375663919494022     
  6.056166056166056E-002
   14.2000000000000       5.787545787545788E-002  0.376289699284822     
  6.056166056166056E-002
   14.2000000000000       5.787545787545788E-002  0.376289699284822     
  6.056166056166056E-002
   14.3000000000000       5.787545787545788E-002  0.375711086573733     
  6.080586080586080E-002
   14.3000000000000       5.787545787545788E-002  0.375711086573733     
  6.080586080586080E-002
   14.4000000000000       5.811965811965812E-002  0.375065881608050     
  6.105006105006105E-002
   14.4000000000000       5.811965811965812E-002  0.375065881608050     
  6.105006105006105E-002
   14.5000000000000       5.836385836385836E-002  0.375223282375692     
  6.129426129426129E-002
   14.5000000000000       5.836385836385836E-002  0.375223282375692     
  6.129426129426129E-002
   14.6000000000000       5.860805860805861E-002  0.375814862490251     
  6.129426129426129E-002
   14.6000000000000       5.860805860805861E-002  0.375814862490251     
  6.129426129426129E-002
   14.7000000000000       5.860805860805861E-002  0.375213756499966     
  6.153846153846154E-002
   14.7000000000000       5.860805860805861E-002  0.375213756499966     
  6.153846153846154E-002
   14.8000000000000       5.885225885225885E-002  0.374614844547437     
  6.178266178266179E-002
   14.8000000000000       5.885225885225885E-002  0.374614844547437     
  6.178266178266179E-002
   14.9000000000000       5.909645909645909E-002  0.374859299186296     
  6.178266178266179E-002
   14.9000000000000       5.909645909645909E-002  0.374859299186296     
  6.178266178266179E-002
   15.0000000000000       5.934065934065934E-002  0.375370589879365     
  6.202686202686203E-002
   15.0000000000000       5.934065934065934E-002  0.375370589879365     
  6.202686202686203E-002
   15.1000000000000       5.934065934065934E-002  0.374738287164952     
  6.227106227106227E-002
   15.1000000000000       5.934065934065934E-002  0.374738287164952     
  6.227106227106227E-002
   15.2000000000000       5.958485958485959E-002  0.374205617550010     
  6.251526251526252E-002
   15.2000000000000       5.958485958485959E-002  0.374205617550010     
  6.251526251526252E-002
   15.3000000000000       5.982905982905983E-002  0.374570228755168     
  6.251526251526252E-002
   15.3000000000000       5.982905982905983E-002  0.374570228755168     
  6.251526251526252E-002
   15.4000000000000       6.007326007326007E-002  0.374938270213686     
  6.275946275946276E-002
   15.4000000000000       6.007326007326007E-002  0.374938270213686     
  6.275946275946276E-002
   15.5000000000000       6.007326007326007E-002  0.374284994942500     
  6.300366300366300E-002
   15.5000000000000       6.007326007326007E-002  0.374284994942500     
  6.300366300366300E-002
   15.6000000000000       6.031746031746032E-002  0.373845618480586     
  6.324786324786325E-002
   15.6000000000000       6.031746031746032E-002  0.373845618480586     
  6.324786324786325E-002
   15.7000000000000       6.056166056166056E-002  0.374350793302064     
  6.324786324786325E-002
   15.7000000000000       6.056166056166056E-002  0.374350793302064     
  6.324786324786325E-002
   15.8000000000000       6.080586080586080E-002  0.374501963160189     
  6.349206349206349E-002
   15.8000000000000       6.080586080586080E-002  0.374501963160189     
  6.349206349206349E-002
   15.9000000000000       6.080586080586080E-002  0.373854657442523     
  6.373626373626373E-002
   15.9000000000000       6.080586080586080E-002  0.373854657442523     
  6.373626373626373E-002
   16.0000000000000       6.105006105006105E-002  0.373543037537264     
  6.398046398046398E-002
   16.0000000000000       6.105006105006105E-002  0.373543037537264     
  6.398046398046398E-002
   16.1000000000000       6.129426129426129E-002  0.374181547687136     
  6.398046398046398E-002
   16.1000000000000       6.129426129426129E-002  0.374181547687136     
  6.398046398046398E-002
   16.2000000000000       6.129426129426129E-002  0.374084461715839     
  6.422466422466422E-002
   16.2000000000000       6.129426129426129E-002  0.374084461715839     
  6.422466422466422E-002
   16.3000000000000       6.153846153846154E-002  0.373449416518896     
  6.446886446886448E-002
   16.3000000000000       6.153846153846154E-002  0.373449416518896     
  6.446886446886448E-002
   16.4000000000000       6.178266178266179E-002  0.373304781475321     
  6.471306471306472E-002
   16.4000000000000       6.178266178266179E-002  0.373304781475321     
  6.471306471306472E-002
   16.5000000000000       6.202686202686203E-002  0.374020327699114     
  6.471306471306472E-002
   16.5000000000000       6.202686202686203E-002  0.374020327699114     
  6.471306471306472E-002
   16.6000000000000       6.202686202686203E-002  0.373678258661019     
  6.495726495726496E-002
   16.6000000000000       6.202686202686203E-002  0.373678258661019     
  6.495726495726496E-002
   16.7000000000000       6.227106227106227E-002  0.373076719523618     
  6.520146520146521E-002
   16.7000000000000       6.227106227106227E-002  0.373076719523618     
  6.520146520146521E-002
   16.8000000000000       6.251526251526252E-002  0.373138613499981     
  6.544566544566545E-002
   16.8000000000000       6.251526251526252E-002  0.373138613499981     
  6.544566544566545E-002
   16.9000000000000       6.275946275946276E-002  0.373813503145080     
  6.544566544566545E-002
   16.9000000000000       6.275946275946276E-002  0.373813503145080     
  6.544566544566545E-002
   17.0000000000000       6.275946275946276E-002  0.373277981225373     
  6.568986568986569E-002
   17.0000000000000       6.275946275946276E-002  0.373277981225373     
  6.568986568986569E-002
   17.1000000000000       6.300366300366300E-002  0.372755108734700     
  6.593406593406594E-002
   17.1000000000000       6.300366300366300E-002  0.372755108734700     
  6.593406593406594E-002
   17.2000000000000       6.324786324786325E-002  0.373056188347201     
  6.593406593406594E-002
   17.2000000000000       6.324786324786325E-002  0.373056188347201     
  6.593406593406594E-002
   17.3000000000000       6.349206349206349E-002  0.373526975199487     
  6.617826617826618E-002
   17.3000000000000       6.349206349206349E-002  0.373526975199487     
  6.617826617826618E-002
   17.4000000000000       6.349206349206349E-002  0.372895482368093     
  6.642246642246642E-002
   17.4000000000000       6.349206349206349E-002  0.372895482368093     
  6.642246642246642E-002
   17.5000000000000       6.373626373626373E-002  0.372511060533849     
  6.666666666666667E-002
   17.5000000000000       6.373626373626373E-002  0.372511060533849     
  6.666666666666667E-002
   17.6000000000000       6.398046398046398E-002  0.373053968070905     
  6.666666666666667E-002
   17.6000000000000       6.398046398046398E-002  0.373053968070905     
  6.666666666666667E-002
   17.7000000000000       6.422466422466422E-002  0.373163716455144     
  6.691086691086691E-002
   17.7000000000000       6.422466422466422E-002  0.373163716455144     
  6.691086691086691E-002
   17.8000000000000       6.422466422466422E-002  0.372541456630497     
  6.715506715506715E-002
   17.8000000000000       6.422466422466422E-002  0.372541456630497     
  6.715506715506715E-002
   17.9000000000000       6.446886446886448E-002  0.372361265698542     
  6.739926739926740E-002
   17.9000000000000       6.446886446886448E-002  0.372361265698542     
  6.739926739926740E-002
   18.0000000000000       6.471306471306472E-002  0.373066984628581     
  6.739926739926740E-002
   18.0000000000000       6.471306471306472E-002  0.373066984628581     
  6.739926739926740E-002
   18.1000000000000       6.471306471306472E-002  0.372786273544416     
  6.764346764346764E-002
   18.1000000000000       6.471306471306472E-002  0.372786273544416     
  6.764346764346764E-002
   18.2000000000000       6.495726495726496E-002  0.372224358020332     
  6.788766788766788E-002
   18.2000000000000       6.495726495726496E-002  0.372224358020332     
  6.788766788766788E-002
   18.3000000000000       6.520146520146521E-002  0.372304886591709     
  6.813186813186813E-002
   18.3000000000000       6.520146520146521E-002  0.372304886591709     
  6.813186813186813E-002
   18.4000000000000       6.544566544566545E-002  0.372979187600667     
  6.813186813186813E-002
   18.4000000000000       6.544566544566545E-002  0.372979187600667     
  6.813186813186813E-002
   18.5000000000000       6.544566544566545E-002  0.372438863431340     
  6.837606837606838E-002
   18.5000000000000       6.544566544566545E-002  0.372438863431340     
  6.837606837606838E-002
   18.6000000000000       6.568986568986569E-002  0.371970150908003     
  6.862026862026863E-002
   18.6000000000000       6.568986568986569E-002  0.371970150908003     
  6.862026862026863E-002
   18.7000000000000       6.593406593406594E-002  0.372345383883483     
  6.862026862026863E-002
   18.7000000000000       6.593406593406594E-002  0.372345383883483     
  6.862026862026863E-002
   18.8000000000000       6.617826617826618E-002  0.372737032647110     
  6.886446886446887E-002
   18.8000000000000       6.617826617826618E-002  0.372737032647110     
  6.886446886446887E-002
   18.9000000000000       6.617826617826618E-002  0.372104975163840     
  6.910866910866911E-002
   18.9000000000000       6.617826617826618E-002  0.372104975163840     
  6.910866910866911E-002
   19.0000000000000       6.642246642246642E-002  0.371820114904649     
  6.935286935286936E-002
   19.0000000000000       6.642246642246642E-002  0.371820114904649     
  6.935286935286936E-002
   19.1000000000000       6.666666666666667E-002  0.372457797111488     
  6.935286935286936E-002
   19.1000000000000       6.666666666666667E-002  0.372457797111488     
  6.935286935286936E-002
   19.2000000000000       6.691086691086691E-002  0.372382568956114     
  6.959706959706960E-002
   19.2000000000000       6.691086691086691E-002  0.372382568956114     
  6.959706959706960E-002
   19.3000000000000       6.691086691086691E-002  0.371805216177164     
  6.984126984126984E-002
   19.3000000000000       6.691086691086691E-002  0.371805216177164     
  6.984126984126984E-002
   19.4000000000000       6.715506715506715E-002  0.371787742485324     
  7.008547008547009E-002
   19.4000000000000       6.715506715506715E-002  0.371787742485324     
  7.008547008547009E-002
   19.5000000000000       6.739926739926740E-002  0.372505559713442     
  7.008547008547009E-002
   19.5000000000000       6.739926739926740E-002  0.372505559713442     
  7.008547008547009E-002
   19.6000000000000       6.739926739926740E-002  0.372046106955276     
  7.032967032967033E-002
   19.6000000000000       6.739926739926740E-002  0.372046106955276     
  7.032967032967033E-002
   19.7000000000000       6.764346764346764E-002  0.371561394718471     
  7.057387057387057E-002
   19.7000000000000       6.764346764346764E-002  0.371561394718471     
  7.057387057387057E-002
   19.8000000000000       6.788766788766788E-002  0.371863051636502     
  7.057387057387057E-002
   19.8000000000000       6.788766788766788E-002  0.371863051636502     
  7.057387057387057E-002
   19.9000000000000       6.813186813186813E-002  0.372355923932760     
  7.081807081807082E-002
   19.9000000000000       6.813186813186813E-002  0.372355923932760     
  7.081807081807082E-002
   20.0000000000000       6.813186813186813E-002  0.371734749550030     
  7.106227106227106E-002
   20.0000000000000       6.813186813186813E-002  0.371734749550030     
  7.106227106227106E-002
   20.1000000000000       6.837606837606838E-002  0.371423971899075     
  7.130647130647130E-002
   20.1000000000000       6.837606837606838E-002  0.371423971899075     
  7.130647130647130E-002
   20.2000000000000       6.862026862026863E-002  0.372029638412286     
  7.130647130647130E-002
   20.2000000000000       6.862026862026863E-002  0.372029638412286     
  7.130647130647130E-002
   20.3000000000000       6.886446886446887E-002  0.372041960094408     
  7.155067155067155E-002
   20.3000000000000       6.886446886446887E-002  0.372041960094408     
  7.155067155067155E-002
   20.4000000000000       6.886446886446887E-002  0.371455195736613     
  7.179487179487179E-002
   20.4000000000000       6.886446886446887E-002  0.371455195736613     
  7.179487179487179E-002
   20.5000000000000       6.910866910866911E-002  0.371422589060708     
  7.203907203907203E-002
   20.5000000000000       6.910866910866911E-002  0.371422589060708     
  7.203907203907203E-002
   20.6000000000000       6.935286935286936E-002  0.372146202183107     
  7.203907203907203E-002
   20.6000000000000       6.935286935286936E-002  0.372146202183107     
  7.203907203907203E-002
   20.7000000000000       6.935286935286936E-002  0.371706059243028     
  7.228327228327229E-002
   20.7000000000000       6.935286935286936E-002  0.371706059243028     
  7.228327228327229E-002
   20.8000000000000       6.959706959706960E-002  0.371233960456804     
  7.252747252747253E-002
   20.8000000000000       6.959706959706960E-002  0.371233960456804     
  7.252747252747253E-002
   20.9000000000000       6.984126984126984E-002  0.371540547616194     
  7.252747252747253E-002
   20.9000000000000       6.984126984126984E-002  0.371540547616194     
  7.252747252747253E-002
   21.0000000000000       7.008547008547009E-002  0.372035046032162     
  7.277167277167278E-002
   21.0000000000000       7.008547008547009E-002  0.372035046032162     
  7.277167277167278E-002
   21.1000000000000       7.008547008547009E-002  0.371415955848610     
  7.301587301587302E-002
   21.1000000000000       7.008547008547009E-002  0.371415955848610     
  7.301587301587302E-002
   21.2000000000000       7.032967032967033E-002  0.371127817261811     
  7.326007326007326E-002
   21.2000000000000       7.032967032967033E-002  0.371127817261811     
  7.326007326007326E-002
   21.3000000000000       7.057387057387057E-002  0.371751669351164     
  7.326007326007326E-002
   21.3000000000000       7.057387057387057E-002  0.371751669351164     
  7.326007326007326E-002
   21.4000000000000       7.081807081807082E-002  0.371732978834300     
  7.350427350427351E-002
   21.4000000000000       7.081807081807082E-002  0.371732978834300     
  7.350427350427351E-002
   21.5000000000000       7.081807081807082E-002  0.371158634573100     
  7.374847374847375E-002
   21.5000000000000       7.081807081807082E-002  0.371158634573100     
  7.374847374847375E-002
   21.6000000000000       7.106227106227106E-002  0.371170391550033     
  7.399267399267399E-002
   21.6000000000000       7.106227106227106E-002  0.371170391550033     
  7.399267399267399E-002
   21.7000000000000       7.130647130647130E-002  0.371887177090723     
  7.399267399267399E-002
   21.7000000000000       7.130647130647130E-002  0.371887177090723     
  7.399267399267399E-002
   21.8000000000000       7.130647130647130E-002  0.371410047311549     
  7.423687423687424E-002
   21.8000000000000       7.130647130647130E-002  0.371410047311549     
  7.423687423687424E-002
   21.9000000000000       7.155067155067155E-002  0.370968805764502     
  7.448107448107448E-002
   21.9000000000000       7.155067155067155E-002  0.370968805764502     
  7.448107448107448E-002
   22.0000000000000       7.179487179487179E-002  0.371338653249049     
  7.448107448107448E-002
   22.0000000000000       7.179487179487179E-002  0.371338653249049     
  7.448107448107448E-002
   22.1000000000000       7.203907203907203E-002  0.371761236338021     
  7.472527472527472E-002
   22.1000000000000       7.203907203907203E-002  0.371761236338021     
  7.472527472527472E-002
   22.2000000000000       7.203907203907203E-002  0.371138738218541     
  7.496947496947497E-002
   22.2000000000000       7.203907203907203E-002  0.371138738218541     
  7.496947496947497E-002
   22.3000000000000       7.228327228327229E-002  0.370911955837167     
  7.521367521367521E-002
   22.3000000000000       7.228327228327229E-002  0.370911955837167     
  7.521367521367521E-002
   22.4000000000000       7.252747252747253E-002  0.371585278264595     
  7.521367521367521E-002
   22.4000000000000       7.252747252747253E-002  0.371585278264595     
  7.521367521367521E-002
   22.5000000000000       7.277167277167278E-002  0.371447843673819     
  7.545787545787545E-002
   22.5000000000000       7.277167277167278E-002  0.371447843673819     
  7.545787545787545E-002
   22.6000000000000       7.277167277167278E-002  0.370907152277826     
  7.570207570207570E-002
   22.6000000000000       7.277167277167278E-002  0.370907152277826     
  7.570207570207570E-002
   22.7000000000000       7.301587301587302E-002  0.371010895801196     
  7.594627594627594E-002
   22.7000000000000       7.301587301587302E-002  0.371010895801196     
  7.594627594627594E-002
   22.8000000000000       7.326007326007326E-002  0.371690939209960     
  7.594627594627594E-002
   22.8000000000000       7.326007326007326E-002  0.371690939209960     
  7.594627594627594E-002
   22.9000000000000       7.326007326007326E-002  0.371149255328852     
  7.619047619047620E-002
   22.9000000000000       7.326007326007326E-002  0.371149255328852     
  7.619047619047620E-002
   23.0000000000000       7.350427350427351E-002  0.370760846374308     
  7.643467643467644E-002
   23.0000000000000       7.350427350427351E-002  0.370760846374308     
  7.643467643467644E-002
   23.1000000000000       7.374847374847375E-002  0.371234653719129     
  7.643467643467644E-002
   23.1000000000000       7.374847374847375E-002  0.371234653719129     
  7.643467643467644E-002
   23.2000000000000       7.399267399267399E-002  0.371511904404884     
  7.667887667887668E-002
   23.2000000000000       7.399267399267399E-002  0.371511904404884     
  7.667887667887668E-002
   23.3000000000000       7.399267399267399E-002  0.370897411579385     
  7.692307692307693E-002
   23.3000000000000       7.399267399267399E-002  0.370897411579385     
  7.692307692307693E-002
   23.4000000000000       7.423687423687424E-002  0.370770093436799     
  7.716727716727717E-002
   23.4000000000000       7.423687423687424E-002  0.370770093436799     
  7.716727716727717E-002
   23.5000000000000       7.448107448107448E-002  0.371491061860313     
  7.716727716727717E-002
   23.5000000000000       7.448107448107448E-002  0.371491061860313     
  7.716727716727717E-002
   23.6000000000000       7.472527472527472E-002  0.371178222063587     
  7.741147741147741E-002
   23.6000000000000       7.472527472527472E-002  0.371178222063587     
  7.741147741147741E-002
   23.7000000000000       7.472527472527472E-002  0.370697933486933     
  7.765567765567766E-002
   23.7000000000000       7.472527472527472E-002  0.370697933486933     
  7.765567765567766E-002
   23.8000000000000       7.496947496947497E-002  0.370932956061407     
  7.789987789987790E-002
   23.8000000000000       7.496947496947497E-002  0.370932956061407     
  7.789987789987790E-002
   23.9000000000000       7.521367521367521E-002  0.371515641158965     
  7.789987789987790E-002
   23.9000000000000       7.521367521367521E-002  0.371515641158965     
  7.789987789987790E-002
   24.0000000000000       7.521367521367521E-002  0.370917156798566     
  7.814407814407814E-002
   24.0000000000000       7.521367521367521E-002  0.370917156798566     
  7.814407814407814E-002
   24.1000000000000       7.545787545787545E-002  0.370612687091043     
  7.838827838827839E-002
   24.1000000000000       7.545787545787545E-002  0.370612687091043     
  7.838827838827839E-002
   24.2000000000000       7.570207570207570E-002  0.371208636119560     
  7.838827838827839E-002
   24.2000000000000       7.570207570207570E-002  0.371208636119560     
  7.838827838827839E-002
   24.3000000000000       7.594627594627594E-002  0.371269352386479     
  7.863247863247863E-002
   24.3000000000000       7.594627594627594E-002  0.371269352386479     
  7.863247863247863E-002
   24.4000000000000       7.594627594627594E-002  0.370689321748869     
  7.887667887667887E-002
   24.4000000000000       7.594627594627594E-002  0.370689321748869     
  7.887667887667887E-002
   24.5000000000000       7.619047619047620E-002  0.370699645374967     
  7.912087912087912E-002
   24.5000000000000       7.619047619047620E-002  0.370699645374967     
  7.912087912087912E-002
   24.6000000000000       7.643467643467644E-002  0.371422044195226     
  7.912087912087912E-002
   24.6000000000000       7.643467643467644E-002  0.371422044195226     
  7.912087912087912E-002
   24.7000000000000       7.643467643467644E-002  0.370952323906137     
  7.936507936507936E-002
   24.7000000000000       7.643467643467644E-002  0.370952323906137     
  7.936507936507936E-002
   24.8000000000000       7.667887667887668E-002  0.370534361788963     
  7.960927960927960E-002
   24.8000000000000       7.667887667887668E-002  0.370534361788963     
  7.960927960927960E-002
   24.9000000000000       7.692307692307693E-002  0.370929194664094     
  7.960927960927960E-002
   24.9000000000000       7.692307692307693E-002  0.370929194664094     
  7.960927960927960E-002
   25.0000000000000       7.716727716727717E-002  0.371329992399940     
  7.985347985347985E-002
   25.0000000000000       7.716727716727717E-002  0.371329992399940     
  7.985347985347985E-002
   25.1000000000000       7.716727716727717E-002  0.370711311310997     
  8.009768009768010E-002
   25.1000000000000       7.716727716727717E-002  0.370711311310997     
  8.009768009768010E-002
   25.2000000000000       7.741147741147741E-002  0.370530163740056     
  8.034188034188035E-002
   25.2000000000000       7.741147741147741E-002  0.370530163740056     
  8.034188034188035E-002
   25.3000000000000       7.765567765567766E-002  0.371229339272912     
  8.034188034188035E-002
   25.3000000000000       7.765567765567766E-002  0.371229339272912     
  8.034188034188035E-002
   25.4000000000000       7.789987789987790E-002  0.371026682440908     
  8.058608058608059E-002
   25.4000000000000       7.789987789987790E-002  0.371026682440908     
  8.058608058608059E-002
   25.5000000000000       7.789987789987790E-002  0.370515331758015     
  8.083028083028083E-002
   25.5000000000000       7.789987789987790E-002  0.370515331758015     
  8.083028083028083E-002
   25.6000000000000       7.814407814407814E-002  0.370697015161581     
  8.107448107448108E-002
   25.6000000000000       7.814407814407814E-002  0.370697015161581     
  8.107448107448108E-002
   25.7000000000000       7.838827838827839E-002  0.371330422810368     
  8.107448107448108E-002
   25.7000000000000       7.838827838827839E-002  0.371330422810368     
  8.107448107448108E-002
   25.8000000000000       7.838827838827839E-002  0.370752667306427     
  8.131868131868132E-002
   25.8000000000000       7.838827838827839E-002  0.370752667306427     
  8.131868131868132E-002
   25.9000000000000       7.863247863247863E-002  0.370426162990572     
  8.156288156288156E-002
   25.9000000000000       7.863247863247863E-002  0.370426162990572     
  8.156288156288156E-002
   26.0000000000000       7.887667887667887E-002  0.370988527177759     
  8.156288156288156E-002
   26.0000000000000       7.887667887667887E-002  0.370988527177759     
  8.156288156288156E-002
   26.1000000000000       7.912087912087912E-002  0.371122576470619     
  8.180708180708181E-002
   26.1000000000000       7.912087912087912E-002  0.371122576470619     
  8.180708180708181E-002
   26.2000000000000       7.912087912087912E-002  0.370532538839359     
  8.205128205128205E-002
   26.2000000000000       7.912087912087912E-002  0.370532538839359     
  8.205128205128205E-002
   26.3000000000000       7.936507936507936E-002  0.370515737482024     
  8.229548229548229E-002
   26.3000000000000       7.936507936507936E-002  0.370515737482024     
  8.229548229548229E-002
   26.4000000000000       7.960927960927960E-002  0.371245230660936     
  8.229548229548229E-002
   26.4000000000000       7.960927960927960E-002  0.371245230660936     
  8.229548229548229E-002
   26.5000000000000       7.960927960927960E-002  0.370802817950033     
  8.253968253968254E-002
   26.5000000000000       7.960927960927960E-002  0.370802817950033     
  8.253968253968254E-002
   26.6000000000000       7.985347985347985E-002  0.370382636866245     
  8.278388278388278E-002
   26.6000000000000       7.985347985347985E-002  0.370382636866245     
  8.278388278388278E-002
   26.7000000000000       8.009768009768010E-002  0.370758282584852     
  8.278388278388278E-002
   26.7000000000000       8.009768009768010E-002  0.370758282584852     
  8.278388278388278E-002
   26.8000000000000       8.034188034188035E-002  0.371189096132641     
  8.302808302808302E-002
   26.8000000000000       8.034188034188035E-002  0.371189096132641     
  8.302808302808302E-002
   26.9000000000000       8.034188034188035E-002  0.370571854586835     
  8.327228327228327E-002
   26.9000000000000       8.034188034188035E-002  0.370571854586835     
  8.327228327228327E-002
   27.0000000000000       8.058608058608059E-002  0.370384368480366     
  8.351648351648351E-002
   27.0000000000000       8.058608058608059E-002  0.370384368480366     
  8.351648351648351E-002
   27.1000000000000       8.083028083028083E-002  0.371079393725920     
  8.351648351648351E-002
   27.1000000000000       8.083028083028083E-002  0.371079393725920     
  8.351648351648351E-002
   27.2000000000000       8.107448107448108E-002  0.370898371457314     
  8.376068376068375E-002
   27.2000000000000       8.107448107448108E-002  0.370898371457314     
  8.376068376068375E-002
   27.3000000000000       8.107448107448108E-002  0.370384312758543     
  8.400488400488401E-002
   27.3000000000000       8.107448107448108E-002  0.370384312758543     
  8.400488400488401E-002
   27.4000000000000       8.131868131868132E-002  0.370565310137156     
  8.424908424908426E-002
   27.4000000000000       8.131868131868132E-002  0.370565310137156     
  8.424908424908426E-002
   27.5000000000000       8.156288156288156E-002  0.371201961294149     
  8.424908424908426E-002
   27.5000000000000       8.156288156288156E-002  0.371201961294149     
  8.424908424908426E-002
   27.6000000000000       8.156288156288156E-002  0.370625754284357     
  8.449328449328450E-002
   27.6000000000000       8.156288156288156E-002  0.370625754284357     
  8.449328449328450E-002
   27.7000000000000       8.180708180708181E-002  0.370305859438601     
  8.473748473748474E-002
   27.7000000000000       8.180708180708181E-002  0.370305859438601     
  8.473748473748474E-002
   27.8000000000000       8.205128205128205E-002  0.370873896405876     
  8.473748473748474E-002
   27.8000000000000       8.205128205128205E-002  0.370873896405876     
  8.473748473748474E-002
   27.9000000000000       8.229548229548229E-002  0.371001347822001     
  8.498168498168499E-002
   27.9000000000000       8.229548229548229E-002  0.371001347822001     
  8.498168498168499E-002
   28.0000000000000       8.229548229548229E-002  0.370414633839211     
  8.522588522588523E-002
   28.0000000000000       8.229548229548229E-002  0.370414633839211     
  8.522588522588523E-002
   28.1000000000000       8.253968253968254E-002  0.370411951733342     
  8.547008547008547E-002
   28.1000000000000       8.253968253968254E-002  0.370411951733342     
  8.547008547008547E-002
   28.2000000000000       8.278388278388278E-002  0.371140288750084     
  8.547008547008547E-002
   28.2000000000000       8.278388278388278E-002  0.371140288750084     
  8.547008547008547E-002
   28.3000000000000       8.278388278388278E-002  0.370686136323510     
  8.571428571428572E-002
   28.3000000000000       8.278388278388278E-002  0.370686136323510     
  8.571428571428572E-002
   28.4000000000000       8.302808302808302E-002  0.370277120361219     
  8.595848595848596E-002
   28.4000000000000       8.302808302808302E-002  0.370277120361219     
  8.595848595848596E-002
   28.5000000000000       8.327228327228327E-002  0.370673757152218     
  8.595848595848596E-002
   28.5000000000000       8.327228327228327E-002  0.370673757152218     
  8.595848595848596E-002
   28.6000000000000       8.351648351648351E-002  0.371079451865209     
  8.620268620268620E-002
   28.6000000000000       8.351648351648351E-002  0.371079451865209     
  8.620268620268620E-002
   28.7000000000000       8.351648351648351E-002  0.370463193760743     
  8.644688644688645E-002
   28.7000000000000       8.351648351648351E-002  0.370463193760743     
  8.644688644688645E-002
   28.8000000000000       8.376068376068375E-002  0.370298776148423     
  8.669108669108669E-002
   28.8000000000000       8.376068376068375E-002  0.370298776148423     
  8.669108669108669E-002
   28.9000000000000       8.400488400488401E-002  0.371005687819300     
  8.669108669108669E-002
   28.9000000000000       8.400488400488401E-002  0.371005687819300     
  8.669108669108669E-002
   29.0000000000000       8.424908424908426E-002  0.370786453104729     
  8.693528693528693E-002
   29.0000000000000       8.424908424908426E-002  0.370786453104729     
  8.693528693528693E-002
   29.1000000000000       8.424908424908426E-002  0.370287194182250     
  8.717948717948718E-002
   29.1000000000000       8.424908424908426E-002  0.370287194182250     
  8.717948717948718E-002
   29.2000000000000       8.449328449328450E-002  0.370501840385966     
  8.742368742368742E-002
   29.2000000000000       8.449328449328450E-002  0.370501840385966     
  8.742368742368742E-002
   29.3000000000000       8.473748473748474E-002  0.371112432322010     
  8.742368742368742E-002
   29.3000000000000       8.473748473748474E-002  0.371112432322010     
  8.742368742368742E-002
   29.4000000000000       8.473748473748474E-002  0.370524223764912     
  8.766788766788766E-002
   29.4000000000000       8.473748473748474E-002  0.370524223764912     
  8.766788766788766E-002
   29.5000000000000       8.498168498168499E-002  0.370229533225475     
  8.791208791208792E-002
   29.5000000000000       8.498168498168499E-002  0.370229533225475     
  8.791208791208792E-002
   29.6000000000000       8.522588522588523E-002  0.370828494316136     
  8.791208791208792E-002
   29.6000000000000       8.522588522588523E-002  0.370828494316136     
  8.791208791208792E-002
   29.7000000000000       8.547008547008547E-002  0.370897079455764     
  8.815628815628816E-002
   29.7000000000000       8.547008547008547E-002  0.370897079455764     
  8.815628815628816E-002
   29.8000000000000       8.547008547008547E-002  0.370323092280506     
  8.840048840048841E-002
   29.8000000000000       8.547008547008547E-002  0.370323092280506     
  8.840048840048841E-002
   29.9000000000000       8.571428571428572E-002  0.370362046784972     
  8.864468864468865E-002
   29.9000000000000       8.571428571428572E-002  0.370362046784972     
  8.864468864468865E-002
   30.0000000000000       8.595848595848596E-002  0.371080560982203     
  8.864468864468865E-002
   30.0000000000000       8.595848595848596E-002  0.371080560982203     
  8.864468864468865E-002
   30.1000000000000       8.595848595848596E-002  0.370591471157924     
  8.888888888888889E-002
   30.1000000000000       8.595848595848596E-002  0.370591471157924     
  8.888888888888889E-002
   30.2000000000000       8.620268620268620E-002  0.370203784698043     
  8.913308913308914E-002
   30.2000000000000       8.620268620268620E-002  0.370203784698043     
  8.913308913308914E-002
   30.3000000000000       8.644688644688645E-002  0.370647037156910     
  8.913308913308914E-002
   30.3000000000000       8.644688644688645E-002  0.370647037156910     
  8.913308913308914E-002
   30.4000000000000       8.669108669108669E-002  0.370988401008974     
  8.937728937728938E-002
   30.4000000000000       8.669108669108669E-002  0.370988401008974     
  8.937728937728938E-002
   30.5000000000000       8.669108669108669E-002  0.370375709382657     
  8.962148962148962E-002
   30.5000000000000       8.669108669108669E-002  0.370375709382657     
  8.962148962148962E-002
   30.6000000000000       8.693528693528693E-002  0.370255303781919     
  8.986568986568987E-002
   30.6000000000000       8.693528693528693E-002  0.370255303781919     
  8.986568986568987E-002
   30.7000000000000       8.717948717948718E-002  0.370979061227931     
  8.986568986568987E-002
   30.7000000000000       8.717948717948718E-002  0.370979061227931     
  8.986568986568987E-002
   30.8000000000000       8.742368742368742E-002  0.370685136852638     
  9.010989010989011E-002
   30.8000000000000       8.742368742368742E-002  0.370685136852638     
  9.010989010989011E-002
   30.9000000000000       8.742368742368742E-002  0.370214284823641     
  9.035409035409035E-002
   30.9000000000000       8.742368742368742E-002  0.370214284823641     
  9.035409035409035E-002
   31.0000000000000       8.766788766788766E-002  0.370485352593025     
  9.059829059829060E-002
   31.0000000000000       8.766788766788766E-002  0.370485352593025     
  9.059829059829060E-002
   31.1000000000000       8.791208791208792E-002  0.371043544853991     
  9.059829059829060E-002
   31.1000000000000       8.791208791208792E-002  0.371043544853991     
  9.059829059829060E-002
   31.2000000000000       8.791208791208792E-002  0.370440057685319     
  9.084249084249084E-002
   31.2000000000000       8.791208791208792E-002  0.370440057685319     
  9.084249084249084E-002
   31.3000000000000       8.815628815628816E-002  0.370185685329624     
  9.108669108669108E-002
   31.3000000000000       8.815628815628816E-002  0.370185685329624     
  9.108669108669108E-002
   31.4000000000000       8.840048840048841E-002  0.370827742230162     
  9.108669108669108E-002
   31.4000000000000       8.840048840048841E-002  0.370827742230162     
  9.108669108669108E-002
   31.5000000000000       8.864468864468865E-002  0.370802441157605     
  9.133089133089133E-002
   31.5000000000000       8.864468864468865E-002  0.370802441157605     
  9.133089133089133E-002
   31.6000000000000       8.864468864468865E-002  0.370250444295222     
  9.157509157509157E-002
   31.6000000000000       8.864468864468865E-002  0.370250444295222     
  9.157509157509157E-002
   31.7000000000000       8.888888888888889E-002  0.370350406150606     
  9.181929181929183E-002
   31.7000000000000       8.888888888888889E-002  0.370350406150606     
  9.181929181929183E-002
   31.8000000000000       8.913308913308914E-002  0.371043452435268     
  9.181929181929183E-002
   31.8000000000000       8.913308913308914E-002  0.371043452435268     
  9.181929181929183E-002
   31.9000000000000       8.913308913308914E-002  0.370511317281955     
  9.206349206349207E-002
   31.9000000000000       8.913308913308914E-002  0.370511317281955     
  9.206349206349207E-002
   32.0000000000000       8.937728937728938E-002  0.370155268788495     
  9.230769230769231E-002
   32.0000000000000       8.937728937728938E-002  0.370155268788495     
  9.230769230769231E-002
   32.1000000000000       8.962148962148962E-002  0.370659954800950     
  9.230769230769231E-002
   32.1000000000000       8.962148962148962E-002  0.370659954800950     
  9.230769230769231E-002
   32.2000000000000       8.986568986568987E-002  0.370905919617626     
  9.255189255189256E-002
   32.2000000000000       8.986568986568987E-002  0.370905919617626     
  9.255189255189256E-002
   32.3000000000000       8.986568986568987E-002  0.370303428811196     
  9.279609279609280E-002
   32.3000000000000       8.986568986568987E-002  0.370303428811196     
  9.279609279609280E-002
   32.4000000000000       9.010989010989011E-002  0.370243338226357     
  9.304029304029304E-002
   32.4000000000000       9.010989010989011E-002  0.370243338226357     
  9.304029304029304E-002
   32.5000000000000       9.035409035409035E-002  0.370977114678775     
  9.304029304029304E-002
   32.5000000000000       9.035409035409035E-002  0.370977114678775     
  9.304029304029304E-002
   32.6000000000000       9.059829059829060E-002  0.370590490022868     
  9.328449328449329E-002
   32.6000000000000       9.059829059829060E-002  0.370590490022868     
  9.328449328449329E-002
   32.7000000000000       9.059829059829060E-002  0.370160248066665     
  9.352869352869353E-002
   32.7000000000000       9.059829059829060E-002  0.370160248066665     
  9.352869352869353E-002
   32.8000000000000       9.084249084249084E-002  0.370502514126425     
  9.352869352869353E-002
   32.8000000000000       9.084249084249084E-002  0.370502514126425     
  9.352869352869353E-002
   32.9000000000000       9.108669108669108E-002  0.370981817551879     
  9.377289377289377E-002
   32.9000000000000       9.108669108669108E-002  0.370981817551879     
  9.377289377289377E-002
   33.0000000000000       9.108669108669108E-002  0.370368187887920     
  9.401709401709402E-002
   33.0000000000000       9.108669108669108E-002  0.370368187887920     
  9.401709401709402E-002
   33.1000000000000       9.133089133089133E-002  0.370167774148170     
  9.426129426129426E-002
   33.1000000000000       9.133089133089133E-002  0.370167774148170     
  9.426129426129426E-002
   33.2000000000000       9.157509157509157E-002  0.370853484567140     
  9.426129426129426E-002
   33.2000000000000       9.157509157509157E-002  0.370853484567140     
  9.426129426129426E-002
   33.3000000000000       9.181929181929183E-002  0.370712685032305     
  9.450549450549450E-002
   33.3000000000000       9.181929181929183E-002  0.370712685032305     
  9.450549450549450E-002
   33.4000000000000       9.181929181929183E-002  0.370192303314132     
  9.474969474969475E-002
   33.4000000000000       9.181929181929183E-002  0.370192303314132     
  9.474969474969475E-002
   33.5000000000000       9.206349206349207E-002  0.370367034914372     
  9.499389499389499E-002
   33.5000000000000       9.206349206349207E-002  0.370367034914372     
  9.499389499389499E-002
   33.6000000000000       9.230769230769231E-002  0.371012533256741     
  9.499389499389499E-002
   33.6000000000000       9.230769230769231E-002  0.371012533256741     
  9.499389499389499E-002
   33.7000000000000       9.230769230769231E-002  0.370440905305213     
  9.523809523809523E-002
   33.7000000000000       9.230769230769231E-002  0.370440905305213     
  9.523809523809523E-002
   33.8000000000000       9.255189255189256E-002  0.370127647651684     
  9.548229548229548E-002
   33.8000000000000       9.255189255189256E-002  0.370127647651684     
  9.548229548229548E-002
   33.9000000000000       9.279609279609280E-002  0.370699599145251     
  9.548229548229548E-002
   33.9000000000000       9.279609279609280E-002  0.370699599145251     
  9.548229548229548E-002
   34.0000000000000       9.304029304029304E-002  0.370825939513735     
  9.572649572649573E-002
   34.0000000000000       9.304029304029304E-002  0.370825939513735     
  9.572649572649573E-002
   34.1000000000000       9.304029304029304E-002  0.370242686725234     
  9.597069597069598E-002
   34.1000000000000       9.304029304029304E-002  0.370242686725234     
  9.597069597069598E-002
   34.2000000000000       9.328449328449329E-002  0.370255837608148     
  9.621489621489622E-002
   34.2000000000000       9.328449328449329E-002  0.370255837608148     
  9.621489621489622E-002
   34.3000000000000       9.352869352869353E-002  0.370982744453941     
  9.621489621489622E-002
   34.3000000000000       9.352869352869353E-002  0.370982744453941     
  9.621489621489622E-002
   34.4000000000000       9.352869352869353E-002  0.370516582911962     
  9.645909645909646E-002
   34.4000000000000       9.352869352869353E-002  0.370516582911962     
  9.645909645909646E-002
   34.5000000000000       9.377289377289377E-002  0.370122422273857     
  9.670329670329671E-002
   34.5000000000000       9.377289377289377E-002  0.370122422273857     
  9.670329670329671E-002
   34.6000000000000       9.401709401709402E-002  0.370544373500657     
  9.670329670329671E-002
   34.6000000000000       9.401709401709402E-002  0.370544373500657     
  9.670329670329671E-002
   34.7000000000000       9.426129426129426E-002  0.370919305481419     
  9.694749694749695E-002
   34.7000000000000       9.426129426129426E-002  0.370919305481419     
  9.694749694749695E-002
   34.8000000000000       9.426129426129426E-002  0.370305582896652     
  9.719169719169719E-002
   34.8000000000000       9.426129426129426E-002  0.370305582896652     
  9.719169719169719E-002
   34.9000000000000       9.450549450549450E-002  0.370171507625545     
  9.743589743589744E-002
   34.9000000000000       9.450549450549450E-002  0.370171507625545     
  9.743589743589744E-002
   35.0000000000000       9.474969474969475E-002  0.370890963234162     
  9.743589743589744E-002
   35.0000000000000       9.474969474969475E-002  0.370890963234162     
  9.743589743589744E-002
   35.1000000000000       9.499389499389499E-002  0.370625341042811     
  9.768009768009768E-002
   35.1000000000000       9.499389499389499E-002  0.370625341042811     
  9.768009768009768E-002
   35.2000000000000       9.499389499389499E-002  0.370146387684169     
  9.792429792429792E-002
   35.2000000000000       9.499389499389499E-002  0.370146387684169     
  9.792429792429792E-002
   35.3000000000000       9.523809523809523E-002  0.370405242571307     
  9.816849816849817E-002
   35.3000000000000       9.523809523809523E-002  0.370405242571307     
  9.816849816849817E-002
   35.4000000000000       9.548229548229548E-002  0.370977526915536     
  9.816849816849817E-002
   35.4000000000000       9.548229548229548E-002  0.370977526915536     
  9.816849816849817E-002
   35.5000000000000       9.548229548229548E-002  0.370377511259506     
  9.841269841269841E-002
   35.5000000000000       9.548229548229548E-002  0.370377511259506     
  9.841269841269841E-002
   35.6000000000000       9.572649572649573E-002  0.370118701176143     
  9.865689865689865E-002
   35.6000000000000       9.572649572649573E-002  0.370118701176143     
  9.865689865689865E-002
   35.7000000000000       9.597069597069598E-002  0.370755321674613     
  9.865689865689865E-002
   35.7000000000000       9.597069597069598E-002  0.370755321674613     
  9.865689865689865E-002
   35.8000000000000       9.621489621489622E-002  0.370745612964825     
  9.890109890109890E-002
   35.8000000000000       9.621489621489622E-002  0.370745612964825     
  9.890109890109890E-002
   35.9000000000000       9.621489621489622E-002  0.370191364590537     
  9.914529914529914E-002
   35.9000000000000       9.621489621489622E-002  0.370191364590537     
  9.914529914529914E-002
   36.0000000000000       9.645909645909646E-002  0.370287670180428     
  9.938949938949938E-002
   36.0000000000000       9.645909645909646E-002  0.370287670180428     
  9.938949938949938E-002
   36.1000000000000       9.670329670329671E-002  0.370983641091667     
  9.938949938949938E-002
   36.1000000000000       9.670329670329671E-002  0.370983641091667     
  9.938949938949938E-002
   36.2000000000000       9.670329670329671E-002  0.370454514534772     
  9.963369963369964E-002
   36.2000000000000       9.670329670329671E-002  0.370454514534772     
  9.963369963369964E-002
   36.3000000000000       9.694749694749695E-002  0.370099749528506     
  9.987789987789988E-002
   36.3000000000000       9.694749694749695E-002  0.370099749528506     
  9.987789987789988E-002
   36.4000000000000       9.719169719169719E-002  0.370604105918350     
  9.987789987789988E-002
   36.4000000000000       9.719169719169719E-002  0.370604105918350     
  9.987789987789988E-002
   36.5000000000000       9.743589743589744E-002  0.370852475693028     
  0.100122100122100     
   36.5000000000000       9.743589743589744E-002  0.370852475693028     
  0.100122100122100     
   36.6000000000000       9.743589743589744E-002  0.370250498876290     
  0.100366300366300     
   36.6000000000000       9.743589743589744E-002  0.370250498876290     
  0.100366300366300     
   36.7000000000000       9.768009768009768E-002  0.370193513409778     
  0.100610500610501     
   36.7000000000000       9.768009768009768E-002  0.370193513409778     
  0.100610500610501     
   36.8000000000000       9.792429792429792E-002  0.370927764864046     
  0.100610500610501     
   36.8000000000000       9.792429792429792E-002  0.370927764864046     
  0.100610500610501     
   36.9000000000000       9.816849816849817E-002  0.370539468162382     
  0.100854700854701     
   36.9000000000000       9.816849816849817E-002  0.370539468162382     
  0.100854700854701     
   37.0000000000000       9.816849816849817E-002  0.370111935666679     
  0.101098901098901     
   37.0000000000000       9.816849816849817E-002  0.370111935666679     
  0.101098901098901     
   37.1000000000000       9.841269841269841E-002  0.370460407446822     
  0.101098901098901     
   37.1000000000000       9.841269841269841E-002  0.370460407446822     
  0.101098901098901     
   37.2000000000000       9.865689865689865E-002  0.370933434665068     
  0.101343101343101     
   37.2000000000000       9.865689865689865E-002  0.370933434665068     
  0.101343101343101     
   37.3000000000000       9.865689865689865E-002  0.370319778505501     
  0.101587301587302     
   37.3000000000000       9.865689865689865E-002  0.370319778505501     
  0.101587301587302     
   37.4000000000000       9.890109890109890E-002  0.370126841458452     
  0.101831501831502     
   37.4000000000000       9.890109890109890E-002  0.370126841458452     
  0.101831501831502     
   37.5000000000000       9.914529914529914E-002  0.370817165676055     
  0.101831501831502     
   37.5000000000000       9.914529914529914E-002  0.370817165676055     
  0.101831501831502     
   37.6000000000000       9.938949938949938E-002  0.370664102060011     
  0.102075702075702     
   37.6000000000000       9.938949938949938E-002  0.370664102060011     
  0.102075702075702     
   37.7000000000000       9.938949938949938E-002  0.370148519462373     
  0.102319902319902     
   37.7000000000000       9.938949938949938E-002  0.370148519462373     
  0.102319902319902     
   37.8000000000000       9.963369963369964E-002  0.370335048426802     
  0.102564102564103     
   37.8000000000000       9.963369963369964E-002  0.370335048426802     
  0.102564102564103     
   37.9000000000000       9.987789987789988E-002  0.370972273757141     
  0.102564102564103     
   37.9000000000000       9.987789987789988E-002  0.370972273757141     
  0.102564102564103     
   38.0000000000000       9.987789987789988E-002  0.370396032150633     
  0.102808302808303     
   38.0000000000000       9.987789987789988E-002  0.370396032150633     
  0.102808302808303     
   38.1000000000000       0.100122100122100       0.370091936752830     
  0.103052503052503     
   38.1000000000000       0.100122100122100       0.370091936752830     
  0.103052503052503     
   38.2000000000000       0.100366300366300       0.370675354355645     
  0.103052503052503     
   38.2000000000000       0.100366300366300       0.370675354355645     
  0.103052503052503     
   38.3000000000000       0.100610500610501       0.370780597151396     
  0.103296703296703     
   38.3000000000000       0.100610500610501       0.370780597151396     
  0.103296703296703     
   38.4000000000000       0.100610500610501       0.370201996884847     
  0.103540903540904     
   38.4000000000000       0.100610500610501       0.370201996884847     
  0.103540903540904     
   38.5000000000000       0.100854700854701       0.370230824148051     
  0.103785103785104     
   38.5000000000000       0.100854700854701       0.370230824148051     
  0.103785103785104     
   38.6000000000000       0.101098901098901       0.370954097487092     
  0.103785103785104     
   38.6000000000000       0.101098901098901       0.370954097487092     
  0.103785103785104     
   38.7000000000000       0.101098901098901       0.370474929459428     
  0.104029304029304     
   38.7000000000000       0.101098901098901       0.370474929459428     
  0.104029304029304     
   38.8000000000000       0.101343101343101       0.370089196302413     
  0.104273504273504     
   38.8000000000000       0.101343101343101       0.370089196302413     
  0.104273504273504     
   38.9000000000000       0.101587301587302       0.370528919851589     
  0.104273504273504     
   38.9000000000000       0.101587301587302       0.370528919851589     
  0.104273504273504     
   39.0000000000000       0.101831501831502       0.370879070864779     
  0.104517704517705     
   39.0000000000000       0.101831501831502       0.370879070864779     
  0.104517704517705     
   39.1000000000000       0.101831501831502       0.370267127817919     
  0.104761904761905     
   39.1000000000000       0.101831501831502       0.370267127817919     
  0.104761904761905     
   39.2000000000000       0.102075702075702       0.370150479719435     
  0.105006105006105     
   39.2000000000000       0.102075702075702       0.370150479719435     
  0.105006105006105     
   39.3000000000000       0.102319902319902       0.370875522837001     
  0.105006105006105     
   39.3000000000000       0.102319902319902       0.370875522837001     
  0.105006105006105     
   39.4000000000000       0.102564102564103       0.370581611216670     
  0.105250305250305     
   39.4000000000000       0.102564102564103       0.370581611216670     
  0.105250305250305     
   39.5000000000000       0.102564102564103       0.370114202328667     
  0.105494505494505     
   39.5000000000000       0.102564102564103       0.370114202328667     
  0.105494505494505     
   39.6000000000000       0.102808302808303       0.370395305646499     
  0.105738705738706     
   39.6000000000000       0.102808302808303       0.370395305646499     
  0.105738705738706     
   39.7000000000000       0.103052503052503       0.370945512331564     
  0.105738705738706     
   39.7000000000000       0.103052503052503       0.370945512331564     
  0.105738705738706     
   39.8000000000000       0.103052503052503       0.370340793695050     
  0.105982905982906     
   39.8000000000000       0.103052503052503       0.370340793695050     
  0.105982905982906     
   39.9000000000000       0.103296703296703       0.370098800212094     
  0.106227106227106     
   39.9000000000000       0.103296703296703       0.370098800212094     
  0.106227106227106     
   40.0000000000000       0.103540903540904       0.370751187127765     
  0.106227106227106     
   40.0000000000000       0.103540903540904       0.370751187127765     
  0.106227106227106     
