  0.100000000000000       0.000000000000000E+000  0.100000000000000     
  0.000000000000000E+000
  0.100000000000000       0.000000000000000E+000  0.100000000000000     
  0.000000000000000E+000
  0.200000000000000       0.000000000000000E+000  0.107782940516903     
  1.960784313725490E-002
  0.200000000000000       0.000000000000000E+000  0.107782940516903     
  1.960784313725490E-002
  0.300000000000000       0.000000000000000E+000  0.116150470205032     
  2.352941176470588E-002
  0.300000000000000       0.000000000000000E+000  0.116150470205032     
  2.352941176470588E-002
  0.400000000000000       0.000000000000000E+000  0.125142362566654     
  2.352941176470588E-002
  0.400000000000000       0.000000000000000E+000  0.125142362566654     
  2.352941176470588E-002
  0.500000000000000       0.000000000000000E+000  0.134800203599059     
  2.745098039215686E-002
  0.500000000000000       0.000000000000000E+000  0.134800203599059     
  2.745098039215686E-002
  0.600000000000000       0.000000000000000E+000  0.145167244336567     
  2.745098039215686E-002
  0.600000000000000       0.000000000000000E+000  0.145167244336567     
  2.745098039215686E-002
  0.700000000000000       0.000000000000000E+000  0.156288171586997     
  2.745098039215686E-002
  0.700000000000000       0.000000000000000E+000  0.156288171586997     
  2.745098039215686E-002
  0.800000000000000       0.000000000000000E+000  0.168208771086299     
  2.745098039215686E-002
  0.800000000000000       0.000000000000000E+000  0.168208771086299     
  2.745098039215686E-002
  0.900000000000000       0.000000000000000E+000  0.180975449083374     
  3.137254901960784E-002
  0.900000000000000       0.000000000000000E+000  0.180975449083374     
  3.137254901960784E-002
   1.00000000000000       0.000000000000000E+000  0.194634567191211     
  3.137254901960784E-002
   1.00000000000000       0.000000000000000E+000  0.194634567191211     
  3.137254901960784E-002
   1.10000000000000       0.000000000000000E+000  0.209231529932259     
  3.137254901960784E-002
   1.10000000000000       0.000000000000000E+000  0.209231529932259     
  3.137254901960784E-002
   1.20000000000000       0.000000000000000E+000  0.224809542828133     
  3.137254901960784E-002
   1.20000000000000       0.000000000000000E+000  0.224809542828133     
  3.137254901960784E-002
   1.30000000000000       0.000000000000000E+000  0.241407928075991     
  3.137254901960784E-002
   1.30000000000000       0.000000000000000E+000  0.241407928075991     
  3.137254901960784E-002
   1.40000000000000       0.000000000000000E+000  0.259059839784618     
  3.137254901960784E-002
   1.40000000000000       0.000000000000000E+000  0.259059839784618     
  3.137254901960784E-002
   1.50000000000000       0.000000000000000E+000  0.277789152769023     
  3.137254901960784E-002
   1.50000000000000       0.000000000000000E+000  0.277789152769023     
  3.137254901960784E-002
   1.60000000000000       0.000000000000000E+000  0.297606192544499     
  3.529411764705882E-002
   1.60000000000000       0.000000000000000E+000  0.297606192544499     
  3.529411764705882E-002
   1.70000000000000       0.000000000000000E+000  0.318501800931706     
  3.529411764705882E-002
   1.70000000000000       0.000000000000000E+000  0.318501800931706     
  3.529411764705882E-002
   1.80000000000000       0.000000000000000E+000  0.340438939589620     
  3.529411764705882E-002
   1.80000000000000       0.000000000000000E+000  0.340438939589620     
  3.529411764705882E-002
   1.90000000000000       0.000000000000000E+000  0.363340536228112     
  3.529411764705882E-002
   1.90000000000000       0.000000000000000E+000  0.363340536228112     
  3.529411764705882E-002
   2.00000000000000       0.000000000000000E+000  0.387071474571482     
  3.529411764705882E-002
   2.00000000000000       0.000000000000000E+000  0.387071474571482     
  3.529411764705882E-002
   2.10000000000000       0.000000000000000E+000  0.411411591096508     
  3.529411764705882E-002
   2.10000000000000       0.000000000000000E+000  0.411411591096508     
  3.529411764705882E-002
   2.20000000000000       0.000000000000000E+000  0.436016209318017     
  3.529411764705882E-002
   2.20000000000000       0.000000000000000E+000  0.436016209318017     
  3.529411764705882E-002
   2.30000000000000       0.000000000000000E+000  0.460364360571970     
  3.529411764705882E-002
   2.30000000000000       0.000000000000000E+000  0.460364360571970     
  3.529411764705882E-002
   2.40000000000000       0.000000000000000E+000  0.483708140581483     
  3.529411764705882E-002
   2.40000000000000       0.000000000000000E+000  0.483708140581483     
  3.529411764705882E-002
   2.50000000000000       0.000000000000000E+000  0.505060291221230     
  3.529411764705882E-002
   2.50000000000000       0.000000000000000E+000  0.505060291221230     
  3.529411764705882E-002
   2.60000000000000       0.000000000000000E+000  0.523272066471251     
  3.529411764705882E-002
   2.60000000000000       0.000000000000000E+000  0.523272066471251     
  3.529411764705882E-002
   2.70000000000000       0.000000000000000E+000  0.537230563211347     
  3.529411764705882E-002
   2.70000000000000       0.000000000000000E+000  0.537230563211347     
  3.529411764705882E-002
   2.80000000000000       0.000000000000000E+000  0.546149317566023     
  3.529411764705882E-002
   2.80000000000000       0.000000000000000E+000  0.546149317566023     
  3.529411764705882E-002
   2.90000000000000       0.000000000000000E+000  0.549864486609193     
  3.529411764705882E-002
   2.90000000000000       0.000000000000000E+000  0.549864486609193     
  3.529411764705882E-002
   3.00000000000000       0.000000000000000E+000  0.548971144200660     
  3.529411764705882E-002
   3.00000000000000       0.000000000000000E+000  0.548971144200660     
  3.529411764705882E-002
   3.10000000000000       0.000000000000000E+000  0.544622182729875     
  3.529411764705882E-002
   3.10000000000000       0.000000000000000E+000  0.544622182729875     
  3.529411764705882E-002
   3.20000000000000       0.000000000000000E+000  0.538071504827149     
  3.921568627450980E-002
   3.20000000000000       0.000000000000000E+000  0.538071504827149     
  3.921568627450980E-002
   3.30000000000000       0.000000000000000E+000  0.530314501836296     
  3.921568627450980E-002
   3.30000000000000       0.000000000000000E+000  0.530314501836296     
  3.921568627450980E-002
   3.40000000000000       0.000000000000000E+000  0.521998062958715     
  3.921568627450980E-002
   3.40000000000000       0.000000000000000E+000  0.521998062958715     
  3.921568627450980E-002
   3.50000000000000       0.000000000000000E+000  0.513493804157923     
  3.921568627450980E-002
   3.50000000000000       0.000000000000000E+000  0.513493804157923     
  3.921568627450980E-002
   3.60000000000000       0.000000000000000E+000  0.504999392039077     
  3.921568627450980E-002
   3.60000000000000       0.000000000000000E+000  0.504999392039077     
  3.921568627450980E-002
   3.70000000000000       0.000000000000000E+000  0.496613653533426     
  3.921568627450980E-002
   3.70000000000000       0.000000000000000E+000  0.496613653533426     
  3.921568627450980E-002
   3.80000000000000       0.000000000000000E+000  0.488382005403494     
  3.921568627450980E-002
   3.80000000000000       0.000000000000000E+000  0.488382005403494     
  3.921568627450980E-002
   3.90000000000000       0.000000000000000E+000  0.480321857992596     
  4.313725490196078E-002
   3.90000000000000       0.000000000000000E+000  0.480321857992596     
  4.313725490196078E-002
   4.00000000000000       0.000000000000000E+000  0.472436424189081     
  4.313725490196078E-002
   4.00000000000000       0.000000000000000E+000  0.472436424189081     
  4.313725490196078E-002
   4.10000000000000       0.000000000000000E+000  0.464722111707195     
  4.313725490196078E-002
   4.10000000000000       0.000000000000000E+000  0.464722111707195     
  4.313725490196078E-002
   4.20000000000000       0.000000000000000E+000  0.457172409133666     
  4.313725490196078E-002
   4.20000000000000       0.000000000000000E+000  0.457172409133666     
  4.313725490196078E-002
   4.30000000000000       0.000000000000000E+000  0.449779870803250     
  4.313725490196078E-002
   4.30000000000000       0.000000000000000E+000  0.449779870803250     
  4.313725490196078E-002
   4.40000000000000       0.000000000000000E+000  0.442537081773442     
  4.313725490196078E-002
   4.40000000000000       0.000000000000000E+000  0.442537081773442     
  4.313725490196078E-002
   4.50000000000000       3.921568627450980E-002  0.440289001342947     
  4.313725490196078E-002
   4.50000000000000       3.921568627450980E-002  0.440289001342947     
  4.313725490196078E-002
   4.60000000000000       3.921568627450980E-002  0.443278359491247     
  4.313725490196078E-002
   4.60000000000000       3.921568627450980E-002  0.443278359491247     
  4.313725490196078E-002
   4.70000000000000       3.921568627450980E-002  0.444868481231304     
  4.313725490196078E-002
   4.70000000000000       3.921568627450980E-002  0.444868481231304     
  4.313725490196078E-002
   4.80000000000000       3.921568627450980E-002  0.445151801530623     
  4.705882352941176E-002
   4.80000000000000       3.921568627450980E-002  0.445151801530623     
  4.705882352941176E-002
   4.90000000000000       3.921568627450980E-002  0.444452716910089     
  4.705882352941176E-002
   4.90000000000000       3.921568627450980E-002  0.444452716910089     
  4.705882352941176E-002
   5.00000000000000       3.921568627450980E-002  0.443028417934266     
  4.705882352941176E-002
   5.00000000000000       3.921568627450980E-002  0.443028417934266     
  4.705882352941176E-002
   5.10000000000000       3.921568627450980E-002  0.441034812556006     
  4.705882352941176E-002
   5.10000000000000       3.921568627450980E-002  0.441034812556006     
  4.705882352941176E-002
   5.20000000000000       3.921568627450980E-002  0.438587790590726     
  4.705882352941176E-002
   5.20000000000000       3.921568627450980E-002  0.438587790590726     
  4.705882352941176E-002
   5.30000000000000       3.921568627450980E-002  0.435809907725750     
  4.705882352941176E-002
   5.30000000000000       3.921568627450980E-002  0.435809907725750     
  4.705882352941176E-002
   5.40000000000000       4.313725490196078E-002  0.438253267758547     
  4.705882352941176E-002
   5.40000000000000       4.313725490196078E-002  0.438253267758547     
  4.705882352941176E-002
   5.50000000000000       4.313725490196078E-002  0.440977953870167     
  4.705882352941176E-002
   5.50000000000000       4.313725490196078E-002  0.440977953870167     
  4.705882352941176E-002
   5.60000000000000       4.313725490196078E-002  0.442029463151969     
  4.705882352941176E-002
   5.60000000000000       4.313725490196078E-002  0.442029463151969     
  4.705882352941176E-002
   5.70000000000000       4.313725490196078E-002  0.441530495986380     
  5.098039215686274E-002
   5.70000000000000       4.313725490196078E-002  0.441530495986380     
  5.098039215686274E-002
   5.80000000000000       4.313725490196078E-002  0.439852302379542     
  5.098039215686274E-002
   5.80000000000000       4.313725490196078E-002  0.439852302379542     
  5.098039215686274E-002
   5.90000000000000       4.313725490196078E-002  0.437316933625428     
  5.098039215686274E-002
   5.90000000000000       4.313725490196078E-002  0.437316933625428     
  5.098039215686274E-002
   6.00000000000000       4.313725490196078E-002  0.434161106977626     
  5.098039215686274E-002
   6.00000000000000       4.313725490196078E-002  0.434161106977626     
  5.098039215686274E-002
   6.10000000000000       4.313725490196078E-002  0.430603958162741     
  5.098039215686274E-002
   6.10000000000000       4.313725490196078E-002  0.430603958162741     
  5.098039215686274E-002
   6.20000000000000       4.705882352941176E-002  0.428375662398191     
  5.098039215686274E-002
   6.20000000000000       4.705882352941176E-002  0.428375662398191     
  5.098039215686274E-002
   6.30000000000000       4.705882352941176E-002  0.431998540915981     
  5.098039215686274E-002
   6.30000000000000       4.705882352941176E-002  0.431998540915981     
  5.098039215686274E-002
   6.40000000000000       4.705882352941176E-002  0.434660884602818     
  5.098039215686274E-002
   6.40000000000000       4.705882352941176E-002  0.434660884602818     
  5.098039215686274E-002
   6.50000000000000       4.705882352941176E-002  0.435950749699823     
  5.098039215686274E-002
   6.50000000000000       4.705882352941176E-002  0.435950749699823     
  5.098039215686274E-002
   6.60000000000000       4.705882352941176E-002  0.435784671508641     
  5.098039215686274E-002
   6.60000000000000       4.705882352941176E-002  0.435784671508641     
  5.098039215686274E-002
   6.70000000000000       4.705882352941176E-002  0.434378110851715     
  5.490196078431372E-002
   6.70000000000000       4.705882352941176E-002  0.434378110851715     
  5.490196078431372E-002
   6.80000000000000       4.705882352941176E-002  0.432002572779216     
  5.490196078431372E-002
   6.80000000000000       4.705882352941176E-002  0.432002572779216     
  5.490196078431372E-002
   6.90000000000000       4.705882352941176E-002  0.428892000454613     
  5.490196078431372E-002
   6.90000000000000       4.705882352941176E-002  0.428892000454613     
  5.490196078431372E-002
   7.00000000000000       4.705882352941176E-002  0.425277354838786     
  5.490196078431372E-002
   7.00000000000000       4.705882352941176E-002  0.425277354838786     
  5.490196078431372E-002
   7.10000000000000       5.098039215686274E-002  0.422196553748844     
  5.490196078431372E-002
   7.10000000000000       5.098039215686274E-002  0.422196553748844     
  5.490196078431372E-002
   7.20000000000000       5.098039215686274E-002  0.425860850253217     
  5.490196078431372E-002
   7.20000000000000       5.098039215686274E-002  0.425860850253217     
  5.490196078431372E-002
   7.30000000000000       5.098039215686274E-002  0.428910298437546     
  5.490196078431372E-002
   7.30000000000000       5.098039215686274E-002  0.428910298437546     
  5.490196078431372E-002
   7.40000000000000       5.098039215686274E-002  0.430917436059109     
  5.490196078431372E-002
   7.40000000000000       5.098039215686274E-002  0.430917436059109     
  5.490196078431372E-002
   7.50000000000000       5.098039215686274E-002  0.431570442753644     
  5.490196078431372E-002
   7.50000000000000       5.098039215686274E-002  0.431570442753644     
  5.490196078431372E-002
   7.60000000000000       5.098039215686274E-002  0.430862913740220     
  5.882352941176471E-002
   7.60000000000000       5.098039215686274E-002  0.430862913740220     
  5.882352941176471E-002
   7.70000000000000       5.098039215686274E-002  0.428994809740240     
  5.882352941176471E-002
   7.70000000000000       5.098039215686274E-002  0.428994809740240     
  5.882352941176471E-002
   7.80000000000000       5.098039215686274E-002  0.426203250422206     
  5.882352941176471E-002
   7.80000000000000       5.098039215686274E-002  0.426203250422206     
  5.882352941176471E-002
   7.90000000000000       5.098039215686274E-002  0.422726391343919     
  5.882352941176471E-002
   7.90000000000000       5.098039215686274E-002  0.422726391343919     
  5.882352941176471E-002
   8.00000000000000       5.098039215686274E-002  0.418832651131971     
  5.882352941176471E-002
   8.00000000000000       5.098039215686274E-002  0.418832651131971     
  5.882352941176471E-002
   8.10000000000000       5.490196078431372E-002  0.419754893440978     
  5.882352941176471E-002
   8.10000000000000       5.490196078431372E-002  0.419754893440978     
  5.882352941176471E-002
   8.20000000000000       5.490196078431372E-002  0.423117289231525     
  5.882352941176471E-002
   8.20000000000000       5.490196078431372E-002  0.423117289231525     
  5.882352941176471E-002
   8.30000000000000       5.490196078431372E-002  0.425857743179611     
  5.882352941176471E-002
   8.30000000000000       5.490196078431372E-002  0.425857743179611     
  5.882352941176471E-002
   8.40000000000000       5.490196078431372E-002  0.427573544877056     
  5.882352941176471E-002
   8.40000000000000       5.490196078431372E-002  0.427573544877056     
  5.882352941176471E-002
   8.50000000000000       5.490196078431372E-002  0.427978012863612     
  5.882352941176471E-002
   8.50000000000000       5.490196078431372E-002  0.427978012863612     
  5.882352941176471E-002
   8.60000000000000       5.490196078431372E-002  0.427056130478050     
  6.274509803921569E-002
   8.60000000000000       5.490196078431372E-002  0.427056130478050     
  6.274509803921569E-002
   8.70000000000000       5.490196078431372E-002  0.424980997750971     
  6.274509803921569E-002
   8.70000000000000       5.490196078431372E-002  0.424980997750971     
  6.274509803921569E-002
   8.80000000000000       5.490196078431372E-002  0.421981092004619     
  6.274509803921569E-002
   8.80000000000000       5.490196078431372E-002  0.421981092004619     
  6.274509803921569E-002
   8.90000000000000       5.490196078431372E-002  0.418311179126886     
  6.274509803921569E-002
   8.90000000000000       5.490196078431372E-002  0.418311179126886     
  6.274509803921569E-002
   9.00000000000000       5.490196078431372E-002  0.414267280469968     
  6.274509803921569E-002
   9.00000000000000       5.490196078431372E-002  0.414267280469968     
  6.274509803921569E-002
   9.10000000000000       5.882352941176471E-002  0.417119114867368     
  6.274509803921569E-002
   9.10000000000000       5.882352941176471E-002  0.417119114867368     
  6.274509803921569E-002
   9.20000000000000       5.882352941176471E-002  0.420335653689411     
  6.274509803921569E-002
   9.20000000000000       5.882352941176471E-002  0.420335653689411     
  6.274509803921569E-002
   9.30000000000000       5.882352941176471E-002  0.422992663960012     
  6.274509803921569E-002
   9.30000000000000       5.882352941176471E-002  0.422992663960012     
  6.274509803921569E-002
   9.40000000000000       5.882352941176471E-002  0.424706185383851     
  6.274509803921569E-002
   9.40000000000000       5.882352941176471E-002  0.424706185383851     
  6.274509803921569E-002
   9.50000000000000       5.882352941176471E-002  0.425168181332536     
  6.274509803921569E-002
   9.50000000000000       5.882352941176471E-002  0.425168181332536     
  6.274509803921569E-002
   9.60000000000000       5.882352941176471E-002  0.424311237482696     
  6.274509803921569E-002
   9.60000000000000       5.882352941176471E-002  0.424311237482696     
  6.274509803921569E-002
   9.70000000000000       5.882352941176471E-002  0.422270405422179     
  6.666666666666667E-002
   9.70000000000000       5.882352941176471E-002  0.422270405422179     
  6.666666666666667E-002
   9.80000000000000       5.882352941176471E-002  0.419264773887427     
  6.666666666666667E-002
   9.80000000000000       5.882352941176471E-002  0.419264773887427     
  6.666666666666667E-002
   9.90000000000000       5.882352941176471E-002  0.415556351684253     
  6.666666666666667E-002
   9.90000000000000       5.882352941176471E-002  0.415556351684253     
  6.666666666666667E-002
   10.0000000000000       5.882352941176471E-002  0.411453146798511     
  6.666666666666667E-002
   10.0000000000000       5.882352941176471E-002  0.411453146798511     
  6.666666666666667E-002
   10.1000000000000       6.274509803921569E-002  0.414466885573605     
  6.666666666666667E-002
   10.1000000000000       6.274509803921569E-002  0.414466885573605     
  6.666666666666667E-002
   10.2000000000000       6.274509803921569E-002  0.417638933050775     
  6.666666666666667E-002
   10.2000000000000       6.274509803921569E-002  0.417638933050775     
  6.666666666666667E-002
   10.3000000000000       6.274509803921569E-002  0.420353399788320     
  6.666666666666667E-002
   10.3000000000000       6.274509803921569E-002  0.420353399788320     
  6.666666666666667E-002
   10.4000000000000       6.274509803921569E-002  0.422252701096324     
  6.666666666666667E-002
   10.4000000000000       6.274509803921569E-002  0.422252701096324     
  6.666666666666667E-002
   10.5000000000000       6.274509803921569E-002  0.422992954709723     
  6.666666666666667E-002
   10.5000000000000       6.274509803921569E-002  0.422992954709723     
  6.666666666666667E-002
   10.6000000000000       6.274509803921569E-002  0.422424854313529     
  6.666666666666667E-002
   10.6000000000000       6.274509803921569E-002  0.422424854313529     
  6.666666666666667E-002
   10.7000000000000       6.274509803921569E-002  0.420622928956614     
  7.058823529411765E-002
   10.7000000000000       6.274509803921569E-002  0.420622928956614     
  7.058823529411765E-002
   10.8000000000000       6.274509803921569E-002  0.417783947856297     
  7.058823529411765E-002
   10.8000000000000       6.274509803921569E-002  0.417783947856297     
  7.058823529411765E-002
   10.9000000000000       6.274509803921569E-002  0.414164602076643     
  7.058823529411765E-002
   10.9000000000000       6.274509803921569E-002  0.414164602076643     
  7.058823529411765E-002
   11.0000000000000       6.274509803921569E-002  0.410072682973367     
  7.058823529411765E-002
   11.0000000000000       6.274509803921569E-002  0.410072682973367     
  7.058823529411765E-002
   11.1000000000000       6.666666666666667E-002  0.411836170711075     
  7.058823529411765E-002
   11.1000000000000       6.666666666666667E-002  0.411836170711075     
  7.058823529411765E-002
   11.2000000000000       6.666666666666667E-002  0.415011388985189     
  7.058823529411765E-002
   11.2000000000000       6.666666666666667E-002  0.415011388985189     
  7.058823529411765E-002
   11.3000000000000       6.666666666666667E-002  0.417845850923130     
  7.058823529411765E-002
   11.3000000000000       6.666666666666667E-002  0.417845850923130     
  7.058823529411765E-002
   11.4000000000000       6.666666666666667E-002  0.420028027410791     
  7.058823529411765E-002
   11.4000000000000       6.666666666666667E-002  0.420028027410791     
  7.058823529411765E-002
   11.5000000000000       6.666666666666667E-002  0.421193008244151     
  7.058823529411765E-002
   11.5000000000000       6.666666666666667E-002  0.421193008244151     
  7.058823529411765E-002
   11.6000000000000       6.666666666666667E-002  0.421096129252680     
  7.058823529411765E-002
   11.6000000000000       6.666666666666667E-002  0.421096129252680     
  7.058823529411765E-002
   11.7000000000000       6.666666666666667E-002  0.419719478034320     
  7.450980392156863E-002
   11.7000000000000       6.666666666666667E-002  0.419719478034320     
  7.450980392156863E-002
   11.8000000000000       6.666666666666667E-002  0.417214361324301     
  7.450980392156863E-002
   11.8000000000000       6.666666666666667E-002  0.417214361324301     
  7.450980392156863E-002
   11.9000000000000       6.666666666666667E-002  0.413817861824339     
  7.450980392156863E-002
   11.9000000000000       6.666666666666667E-002  0.413817861824339     
  7.450980392156863E-002
   12.0000000000000       6.666666666666667E-002  0.409825996544064     
  7.450980392156863E-002
   12.0000000000000       6.666666666666667E-002  0.409825996544064     
  7.450980392156863E-002
   12.1000000000000       7.058823529411765E-002  0.409229156419358     
  7.450980392156863E-002
   12.1000000000000       7.058823529411765E-002  0.409229156419358     
  7.450980392156863E-002
   12.2000000000000       7.058823529411765E-002  0.412422177195822     
  7.450980392156863E-002
   12.2000000000000       7.058823529411765E-002  0.412422177195822     
  7.450980392156863E-002
   12.3000000000000       7.058823529411765E-002  0.415381225486087     
  7.450980392156863E-002
   12.3000000000000       7.058823529411765E-002  0.415381225486087     
  7.450980392156863E-002
   12.4000000000000       7.058823529411765E-002  0.417862675667054     
  7.450980392156863E-002
   12.4000000000000       7.058823529411765E-002  0.417862675667054     
  7.450980392156863E-002
   12.5000000000000       7.058823529411765E-002  0.419516557467575     
  7.450980392156863E-002
   12.5000000000000       7.058823529411765E-002  0.419516557467575     
  7.450980392156863E-002
   12.6000000000000       7.058823529411765E-002  0.420018858840378     
  7.450980392156863E-002
   12.6000000000000       7.058823529411765E-002  0.420018858840378     
  7.450980392156863E-002
   12.7000000000000       7.058823529411765E-002  0.419231075129532     
  7.450980392156863E-002
   12.7000000000000       7.058823529411765E-002  0.419231075129532     
  7.450980392156863E-002
   12.8000000000000       7.058823529411765E-002  0.417224744714806     
  7.843137254901961E-002
   12.8000000000000       7.058823529411765E-002  0.417224744714806     
  7.843137254901961E-002
   12.9000000000000       7.058823529411765E-002  0.414198638532915     
  7.843137254901961E-002
   12.9000000000000       7.058823529411765E-002  0.414198638532915     
  7.843137254901961E-002
   13.0000000000000       7.058823529411765E-002  0.410424969566036     
  7.843137254901961E-002
   13.0000000000000       7.058823529411765E-002  0.410424969566036     
  7.843137254901961E-002
   13.1000000000000       7.450980392156863E-002  0.406633942322632     
  7.843137254901961E-002
   13.1000000000000       7.450980392156863E-002  0.406633942322632     
  7.843137254901961E-002
   13.2000000000000       7.450980392156863E-002  0.409849620285905     
  7.843137254901961E-002
   13.2000000000000       7.450980392156863E-002  0.409849620285905     
  7.843137254901961E-002
   13.3000000000000       7.450980392156863E-002  0.412906367892851     
  7.843137254901961E-002
   13.3000000000000       7.450980392156863E-002  0.412906367892851     
  7.843137254901961E-002
   13.4000000000000       7.450980392156863E-002  0.415644511721163     
  7.843137254901961E-002
   13.4000000000000       7.450980392156863E-002  0.415644511721163     
  7.843137254901961E-002
   13.5000000000000       7.450980392156863E-002  0.417768710048597     
  7.843137254901961E-002
   13.5000000000000       7.450980392156863E-002  0.417768710048597     
  7.843137254901961E-002
   13.6000000000000       7.450980392156863E-002  0.418923260027834     
  7.843137254901961E-002
   13.6000000000000       7.450980392156863E-002  0.418923260027834     
  7.843137254901961E-002
   13.7000000000000       7.450980392156863E-002  0.418848340800996     
  7.843137254901961E-002
   13.7000000000000       7.450980392156863E-002  0.418848340800996     
  7.843137254901961E-002
   13.8000000000000       7.450980392156863E-002  0.417495856493939     
  7.843137254901961E-002
   13.8000000000000       7.450980392156863E-002  0.417495856493939     
  7.843137254901961E-002
   13.9000000000000       7.450980392156863E-002  0.414997359154928     
  8.235294117647059E-002
   13.9000000000000       7.450980392156863E-002  0.414997359154928     
  8.235294117647059E-002
   14.0000000000000       7.450980392156863E-002  0.411587046366394     
  8.235294117647059E-002
   14.0000000000000       7.450980392156863E-002  0.411587046366394     
  8.235294117647059E-002
   14.1000000000000       7.450980392156863E-002  0.407566958183667     
  8.235294117647059E-002
   14.1000000000000       7.450980392156863E-002  0.407566958183667     
  8.235294117647059E-002
   14.2000000000000       7.843137254901961E-002  0.407280902528354     
  8.235294117647059E-002
   14.2000000000000       7.843137254901961E-002  0.407280902528354     
  8.235294117647059E-002
   14.3000000000000       7.843137254901961E-002  0.410404336872999     
  8.235294117647059E-002
   14.3000000000000       7.843137254901961E-002  0.410404336872999     
  8.235294117647059E-002
   14.4000000000000       7.843137254901961E-002  0.413328538879310     
  8.235294117647059E-002
   14.4000000000000       7.843137254901961E-002  0.413328538879310     
  8.235294117647059E-002
   14.5000000000000       7.843137254901961E-002  0.415841058953375     
  8.235294117647059E-002
   14.5000000000000       7.843137254901961E-002  0.415841058953375     
  8.235294117647059E-002
   14.6000000000000       7.843137254901961E-002  0.417613952581955     
  8.235294117647059E-002
   14.6000000000000       7.843137254901961E-002  0.417613952581955     
  8.235294117647059E-002
   14.7000000000000       7.843137254901961E-002  0.418309263857662     
  8.235294117647059E-002
   14.7000000000000       7.843137254901961E-002  0.418309263857662     
  8.235294117647059E-002
   14.8000000000000       7.843137254901961E-002  0.417737325422893     
  8.235294117647059E-002
   14.8000000000000       7.843137254901961E-002  0.417737325422893     
  8.235294117647059E-002
   14.9000000000000       7.843137254901961E-002  0.415921130945655     
  8.627450980392157E-002
   14.9000000000000       7.843137254901961E-002  0.415921130945655     
  8.627450980392157E-002
   15.0000000000000       7.843137254901961E-002  0.413035016158510     
  8.627450980392157E-002
   15.0000000000000       7.843137254901961E-002  0.413035016158510     
  8.627450980392157E-002
   15.1000000000000       7.843137254901961E-002  0.409342236028024     
  8.627450980392157E-002
   15.1000000000000       7.843137254901961E-002  0.409342236028024     
  8.627450980392157E-002
   15.2000000000000       7.843137254901961E-002  0.405167891043928     
  8.627450980392157E-002
   15.2000000000000       7.843137254901961E-002  0.405167891043928     
  8.627450980392157E-002
   15.3000000000000       8.235294117647059E-002  0.407877544895401     
  8.627450980392157E-002
   15.3000000000000       8.235294117647059E-002  0.407877544895401     
  8.627450980392157E-002
   15.4000000000000       8.235294117647059E-002  0.410919672181764     
  8.627450980392157E-002
   15.4000000000000       8.235294117647059E-002  0.410919672181764     
  8.627450980392157E-002
   15.5000000000000       8.235294117647059E-002  0.413710000362097     
  8.627450980392157E-002
   15.5000000000000       8.235294117647059E-002  0.413710000362097     
  8.627450980392157E-002
   15.6000000000000       8.235294117647059E-002  0.415994069376305     
  8.627450980392157E-002
   15.6000000000000       8.235294117647059E-002  0.415994069376305     
  8.627450980392157E-002
   15.7000000000000       8.235294117647059E-002  0.417427419891738     
  8.627450980392157E-002
   15.7000000000000       8.235294117647059E-002  0.417427419891738     
  8.627450980392157E-002
   15.8000000000000       8.235294117647059E-002  0.417704987430617     
  8.627450980392157E-002
   15.8000000000000       8.235294117647059E-002  0.417704987430617     
  8.627450980392157E-002
   15.9000000000000       8.235294117647059E-002  0.416704192242081     
  8.627450980392157E-002
   15.9000000000000       8.235294117647059E-002  0.416704192242081     
  8.627450980392157E-002
   16.0000000000000       8.235294117647059E-002  0.414503034945599     
  9.019607843137255E-002
   16.0000000000000       8.235294117647059E-002  0.414503034945599     
  9.019607843137255E-002
   16.1000000000000       8.235294117647059E-002  0.411308691837324     
  9.019607843137255E-002
   16.1000000000000       8.235294117647059E-002  0.411308691837324     
  9.019607843137255E-002
   16.2000000000000       8.235294117647059E-002  0.407408712821733     
  9.019607843137255E-002
   16.2000000000000       8.235294117647059E-002  0.407408712821733     
  9.019607843137255E-002
   16.3000000000000       8.627450980392157E-002  0.405325971872736     
  9.019607843137255E-002
   16.3000000000000       8.627450980392157E-002  0.405325971872736     
  9.019607843137255E-002
   16.4000000000000       8.627450980392157E-002  0.408444548073416     
  9.019607843137255E-002
   16.4000000000000       8.627450980392157E-002  0.408444548073416     
  9.019607843137255E-002
   16.5000000000000       8.627450980392157E-002  0.411409002245791     
  9.019607843137255E-002
   16.5000000000000       8.627450980392157E-002  0.411409002245791     
  9.019607843137255E-002
   16.6000000000000       8.627450980392157E-002  0.414061930912578     
  9.019607843137255E-002
   16.6000000000000       8.627450980392157E-002  0.414061930912578     
  9.019607843137255E-002
   16.7000000000000       8.627450980392157E-002  0.416116072736070     
  9.019607843137255E-002
   16.7000000000000       8.627450980392157E-002  0.416116072736070     
  9.019607843137255E-002
   16.8000000000000       8.627450980392157E-002  0.417223718040601     
  9.019607843137255E-002
   16.8000000000000       8.627450980392157E-002  0.417223718040601     
  9.019607843137255E-002
   16.9000000000000       8.627450980392157E-002  0.417121537550484     
  9.019607843137255E-002
   16.9000000000000       8.627450980392157E-002  0.417121537550484     
  9.019607843137255E-002
   17.0000000000000       8.627450980392157E-002  0.415747372327555     
  9.019607843137255E-002
   17.0000000000000       8.627450980392157E-002  0.415747372327555     
  9.019607843137255E-002
   17.1000000000000       8.627450980392157E-002  0.413222359259531     
  9.411764705882353E-002
   17.1000000000000       8.627450980392157E-002  0.413222359259531     
  9.411764705882353E-002
   17.2000000000000       8.627450980392157E-002  0.409780401410457     
  9.411764705882353E-002
   17.2000000000000       8.627450980392157E-002  0.409780401410457     
  9.411764705882353E-002
   17.3000000000000       8.627450980392157E-002  0.405729137450522     
  9.411764705882353E-002
   17.3000000000000       8.627450980392157E-002  0.405729137450522     
  9.411764705882353E-002
   17.4000000000000       9.019607843137255E-002  0.405924947627496     
  9.411764705882353E-002
   17.4000000000000       9.019607843137255E-002  0.405924947627496     
  9.411764705882353E-002
   17.5000000000000       9.019607843137255E-002  0.408992558421664     
  9.411764705882353E-002
   17.5000000000000       9.019607843137255E-002  0.408992558421664     
  9.411764705882353E-002
   17.6000000000000       9.019607843137255E-002  0.411878847235528     
  9.411764705882353E-002
   17.6000000000000       9.019607843137255E-002  0.411878847235528     
  9.411764705882353E-002
   17.7000000000000       9.019607843137255E-002  0.414389573841833     
  9.411764705882353E-002
   17.7000000000000       9.019607843137255E-002  0.414389573841833     
  9.411764705882353E-002
   17.8000000000000       9.019607843137255E-002  0.416212768472419     
  9.411764705882353E-002
   17.8000000000000       9.019607843137255E-002  0.416212768472419     
  9.411764705882353E-002
   17.9000000000000       9.019607843137255E-002  0.417008353817948     
  9.411764705882353E-002
   17.9000000000000       9.019607843137255E-002  0.417008353817948     
  9.411764705882353E-002
   18.0000000000000       9.019607843137255E-002  0.416559217168095     
  9.411764705882353E-002
   18.0000000000000       9.019607843137255E-002  0.416559217168095     
  9.411764705882353E-002
   18.1000000000000       9.019607843137255E-002  0.414856155326207     
  9.803921568627451E-002
   18.1000000000000       9.019607843137255E-002  0.414856155326207     
  9.803921568627451E-002
   18.2000000000000       9.019607843137255E-002  0.412055011863887     
  9.803921568627451E-002
   18.2000000000000       9.019607843137255E-002  0.412055011863887     
  9.803921568627451E-002
   18.3000000000000       9.019607843137255E-002  0.408412288174736     
  9.803921568627451E-002
   18.3000000000000       9.019607843137255E-002  0.408412288174736     
  9.803921568627451E-002
   18.4000000000000       9.019607843137255E-002  0.404251862817235     
  9.803921568627451E-002
   18.4000000000000       9.019607843137255E-002  0.404251862817235     
  9.803921568627451E-002
   18.5000000000000       9.411764705882353E-002  0.406506145746300     
  9.803921568627451E-002
   18.5000000000000       9.411764705882353E-002  0.406506145746300     
  9.803921568627451E-002
   18.6000000000000       9.411764705882353E-002  0.409526898054536     
  9.803921568627451E-002
   18.6000000000000       9.411764705882353E-002  0.409526898054536     
  9.803921568627451E-002
   18.7000000000000       9.411764705882353E-002  0.412331906055503     
  9.803921568627451E-002
   18.7000000000000       9.411764705882353E-002  0.412331906055503     
  9.803921568627451E-002
   18.8000000000000       9.411764705882353E-002  0.414694603601595     
  9.803921568627451E-002
   18.8000000000000       9.411764705882353E-002  0.414694603601595     
  9.803921568627451E-002
   18.9000000000000       9.411764705882353E-002  0.416285670489680     
  9.803921568627451E-002
   18.9000000000000       9.411764705882353E-002  0.416285670489680     
  9.803921568627451E-002
   19.0000000000000       9.411764705882353E-002  0.416781593328425     
  9.803921568627451E-002
   19.0000000000000       9.411764705882353E-002  0.416781593328425     
  9.803921568627451E-002
   19.1000000000000       9.411764705882353E-002  0.416013053059368     
  9.803921568627451E-002
   19.1000000000000       9.411764705882353E-002  0.416013053059368     
  9.803921568627451E-002
   19.2000000000000       9.411764705882353E-002  0.414016757961667     
  0.101960784313725     
   19.2000000000000       9.411764705882353E-002  0.414016757961667     
  0.101960784313725     
   19.3000000000000       9.411764705882353E-002  0.410977297511091     
  0.101960784313725     
   19.3000000000000       9.411764705882353E-002  0.410977297511091     
  0.101960784313725     
   19.4000000000000       9.411764705882353E-002  0.407170706310486     
  0.101960784313725     
   19.4000000000000       9.411764705882353E-002  0.407170706310486     
  0.101960784313725     
   19.5000000000000       9.803921568627451E-002  0.403965294969681     
  0.101960784313725     
   19.5000000000000       9.803921568627451E-002  0.403965294969681     
  0.101960784313725     
   19.6000000000000       9.803921568627451E-002  0.407075322671583     
  0.101960784313725     
   19.6000000000000       9.803921568627451E-002  0.407075322671583     
  0.101960784313725     
   19.7000000000000       9.803921568627451E-002  0.410049935474101     
  0.101960784313725     
   19.7000000000000       9.803921568627451E-002  0.410049935474101     
  0.101960784313725     
   19.8000000000000       9.803921568627451E-002  0.412768661182673     
  0.101960784313725     
   19.8000000000000       9.803921568627451E-002  0.412768661182673     
  0.101960784313725     
   19.9000000000000       9.803921568627451E-002  0.414976569297465     
  0.101960784313725     
   19.9000000000000       9.803921568627451E-002  0.414976569297465     
  0.101960784313725     
   20.0000000000000       9.803921568627451E-002  0.416333906795740     
  0.101960784313725     
   20.0000000000000       9.803921568627451E-002  0.416333906795740     
  0.101960784313725     
   20.1000000000000       9.803921568627451E-002  0.416541028546637     
  0.101960784313725     
   20.1000000000000       9.803921568627451E-002  0.416541028546637     
  0.101960784313725     
   20.2000000000000       9.803921568627451E-002  0.415476073354104     
  0.101960784313725     
   20.2000000000000       9.803921568627451E-002  0.415476073354104     
  0.101960784313725     
   20.3000000000000       9.803921568627451E-002  0.413215465572629     
  0.105882352941176     
   20.3000000000000       9.803921568627451E-002  0.413215465572629     
  0.105882352941176     
   20.4000000000000       9.803921568627451E-002  0.409968273840032     
  0.105882352941176     
   20.4000000000000       9.803921568627451E-002  0.409968273840032     
  0.105882352941176     
   20.5000000000000       9.803921568627451E-002  0.406027591139832     
  0.105882352941176     
   20.5000000000000       9.803921568627451E-002  0.406027591139832     
  0.105882352941176     
   20.6000000000000       0.101960784313725       0.404559467921938     
  0.105882352941176     
   20.6000000000000       0.101960784313725       0.404559467921938     
  0.105882352941176     
   20.7000000000000       0.101960784313725       0.407635535141799     
  0.105882352941176     
   20.7000000000000       0.101960784313725       0.407635535141799     
  0.105882352941176     
   20.8000000000000       0.101960784313725       0.410562327877685     
  0.105882352941176     
   20.8000000000000       0.101960784313725       0.410562327877685     
  0.105882352941176     
   20.9000000000000       0.101960784313725       0.413188277445527     
  0.105882352941176     
   20.9000000000000       0.101960784313725       0.413188277445527     
  0.105882352941176     
   21.0000000000000       0.101960784313725       0.415233806269596     
  0.105882352941176     
   21.0000000000000       0.101960784313725       0.415233806269596     
  0.105882352941176     
   21.1000000000000       0.101960784313725       0.416355399652669     
  0.105882352941176     
   21.1000000000000       0.101960784313725       0.416355399652669     
  0.105882352941176     
   21.2000000000000       0.101960784313725       0.416283164121092     
  0.105882352941176     
   21.2000000000000       0.101960784313725       0.416283164121092     
  0.105882352941176     
   21.3000000000000       0.101960784313725       0.414941101115215     
  0.105882352941176     
   21.3000000000000       0.101960784313725       0.414941101115215     
  0.105882352941176     
   21.4000000000000       0.101960784313725       0.412440084417039     
  0.109803921568627     
   21.4000000000000       0.101960784313725       0.412440084417039     
  0.109803921568627     
   21.5000000000000       0.101960784313725       0.409010539907834     
  0.109803921568627     
   21.5000000000000       0.101960784313725       0.409010539907834     
  0.109803921568627     
   21.6000000000000       0.101960784313725       0.404960472765420     
  0.109803921568627     
   21.6000000000000       0.101960784313725       0.404960472765420     
  0.109803921568627     
   21.7000000000000       0.105882352941176       0.405143435787483     
  0.109803921568627     
   21.7000000000000       0.105882352941176       0.405143435787483     
  0.109803921568627     
   21.8000000000000       0.105882352941176       0.408188235656750     
  0.109803921568627     
   21.8000000000000       0.105882352941176       0.408188235656750     
  0.109803921568627     
   21.9000000000000       0.105882352941176       0.411063696169133     
  0.109803921568627     
   21.9000000000000       0.105882352941176       0.411063696169133     
  0.109803921568627     
   22.0000000000000       0.105882352941176       0.413589128394474     
  0.109803921568627     
   22.0000000000000       0.105882352941176       0.413589128394474     
  0.109803921568627     
   22.1000000000000       0.105882352941176       0.415464018287560     
  0.109803921568627     
   22.1000000000000       0.105882352941176       0.415464018287560     
  0.109803921568627     
   22.2000000000000       0.105882352941176       0.416347608020419     
  0.109803921568627     
   22.2000000000000       0.105882352941176       0.416347608020419     
  0.109803921568627     
   22.3000000000000       0.105882352941176       0.416004333667227     
  0.109803921568627     
   22.3000000000000       0.105882352941176       0.416004333667227     
  0.109803921568627     
   22.4000000000000       0.105882352941176       0.414401644841287     
  0.113725490196078     
   22.4000000000000       0.105882352941176       0.414401644841287     
  0.113725490196078     
   22.5000000000000       0.105882352941176       0.411680471037090     
  0.113725490196078     
   22.5000000000000       0.105882352941176       0.411680471037090     
  0.113725490196078     
   22.6000000000000       0.105882352941176       0.408090239219750     
  0.113725490196078     
   22.6000000000000       0.105882352941176       0.408090239219750     
  0.113725490196078     
   22.7000000000000       0.105882352941176       0.403951890911982     
  0.113725490196078     
   22.7000000000000       0.105882352941176       0.403951890911982     
  0.113725490196078     
   22.8000000000000       0.109803921568627       0.405719780266357     
  0.113725490196078     
   22.8000000000000       0.109803921568627       0.405719780266357     
  0.113725490196078     
   22.9000000000000       0.109803921568627       0.408733878597736     
  0.113725490196078     
   22.9000000000000       0.109803921568627       0.408733878597736     
  0.113725490196078     
   23.0000000000000       0.109803921568627       0.411553003977370     
  0.113725490196078     
   23.0000000000000       0.109803921568627       0.411553003977370     
  0.113725490196078     
   23.1000000000000       0.109803921568627       0.413969116513250     
  0.113725490196078     
   23.1000000000000       0.109803921568627       0.413969116513250     
  0.113725490196078     
   23.2000000000000       0.109803921568627       0.415664650645670     
  0.113725490196078     
   23.2000000000000       0.109803921568627       0.415664650645670     
  0.113725490196078     
   23.3000000000000       0.109803921568627       0.416307973886689     
  0.113725490196078     
   23.3000000000000       0.109803921568627       0.416307973886689     
  0.113725490196078     
   23.4000000000000       0.109803921568627       0.415701187725457     
  0.113725490196078     
   23.4000000000000       0.109803921568627       0.415701187725457     
  0.113725490196078     
   23.5000000000000       0.109803921568627       0.413852270854473     
  0.117647058823529     
   23.5000000000000       0.109803921568627       0.413852270854473     
  0.117647058823529     
   23.6000000000000       0.109803921568627       0.410928587319060     
  0.117647058823529     
   23.6000000000000       0.109803921568627       0.410928587319060     
  0.117647058823529     
   23.7000000000000       0.109803921568627       0.407196710275665     
  0.117647058823529     
   23.7000000000000       0.109803921568627       0.407196710275665     
  0.117647058823529     
   23.8000000000000       0.113725490196078       0.403179074616418     
  0.117647058823529     
   23.8000000000000       0.113725490196078       0.403179074616418     
  0.117647058823529     
   23.9000000000000       0.113725490196078       0.406289989555506     
  0.117647058823529     
   23.9000000000000       0.113725490196078       0.406289989555506     
  0.117647058823529     
   24.0000000000000       0.113725490196078       0.409272263877732     
  0.117647058823529     
   24.0000000000000       0.113725490196078       0.409272263877732     
  0.117647058823529     
   24.1000000000000       0.113725490196078       0.412028777488708     
  0.117647058823529     
   24.1000000000000       0.113725490196078       0.412028777488708     
  0.117647058823529     
   24.2000000000000       0.113725490196078       0.414325876062938     
  0.117647058823529     
   24.2000000000000       0.113725490196078       0.414325876062938     
  0.117647058823529     
   24.3000000000000       0.113725490196078       0.415833129739281     
  0.117647058823529     
   24.3000000000000       0.113725490196078       0.415833129739281     
  0.117647058823529     
   24.4000000000000       0.113725490196078       0.416234175196476     
  0.117647058823529     
   24.4000000000000       0.113725490196078       0.416234175196476     
  0.117647058823529     
   24.5000000000000       0.113725490196078       0.415370922087313     
  0.117647058823529     
   24.5000000000000       0.113725490196078       0.415370922087313     
  0.117647058823529     
   24.6000000000000       0.113725490196078       0.413288694876854     
  0.121568627450980     
   24.6000000000000       0.113725490196078       0.413288694876854     
  0.121568627450980     
   24.7000000000000       0.113725490196078       0.410178333324251     
  0.121568627450980     
   24.7000000000000       0.113725490196078       0.410178333324251     
  0.121568627450980     
   24.8000000000000       0.113725490196078       0.406322013705294     
  0.121568627450980     
   24.8000000000000       0.113725490196078       0.406322013705294     
  0.121568627450980     
   24.9000000000000       0.117647058823529       0.403770684148816     
  0.121568627450980     
   24.9000000000000       0.117647058823529       0.403770684148816     
  0.121568627450980     
   25.0000000000000       0.117647058823529       0.406854821246621     
  0.121568627450980     
   25.0000000000000       0.117647058823529       0.406854821246621     
  0.121568627450980     
   25.1000000000000       0.117647058823529       0.409802736090153     
  0.121568627450980     
   25.1000000000000       0.117647058823529       0.409802736090153     
  0.121568627450980     
   25.2000000000000       0.117647058823529       0.412489237983467     
  0.121568627450980     
   25.2000000000000       0.117647058823529       0.412489237983467     
  0.121568627450980     
   25.3000000000000       0.117647058823529       0.414656908407003     
  0.121568627450980     
   25.3000000000000       0.117647058823529       0.414656908407003     
  0.121568627450980     
   25.4000000000000       0.117647058823529       0.415967016939662     
  0.121568627450980     
   25.4000000000000       0.117647058823529       0.415967016939662     
  0.121568627450980     
   25.5000000000000       0.117647058823529       0.416124255919599     
  0.121568627450980     
   25.5000000000000       0.117647058823529       0.416124255919599     
  0.121568627450980     
   25.6000000000000       0.117647058823529       0.415011356260620     
  0.121568627450980     
   25.6000000000000       0.117647058823529       0.415011356260620     
  0.121568627450980     
   25.7000000000000       0.117647058823529       0.412707732244020     
  0.125490196078431     
   25.7000000000000       0.117647058823529       0.412707732244020     
  0.125490196078431     
   25.8000000000000       0.117647058823529       0.409425293921414     
  0.125490196078431     
   25.8000000000000       0.117647058823529       0.409425293921414     
  0.125490196078431     
   25.9000000000000       0.117647058823529       0.405460449999151     
  0.125490196078431     
   25.9000000000000       0.117647058823529       0.405460449999151     
  0.125490196078431     
   26.0000000000000       0.121568627450980       0.404355428579728     
  0.125490196078431     
   26.0000000000000       0.121568627450980       0.404355428579728     
  0.125490196078431     
   26.1000000000000       0.121568627450980       0.407414519146662     
  0.125490196078431     
   26.1000000000000       0.121568627450980       0.407414519146662     
  0.125490196078431     
   26.2000000000000       0.121568627450980       0.410324302468021     
  0.125490196078431     
   26.2000000000000       0.121568627450980       0.410324302468021     
  0.125490196078431     
   26.3000000000000       0.121568627450980       0.412932386299318     
  0.125490196078431     
   26.3000000000000       0.121568627450980       0.412932386299318     
  0.125490196078431     
   26.4000000000000       0.121568627450980       0.414959678488905     
  0.125490196078431     
   26.4000000000000       0.121568627450980       0.414959678488905     
  0.125490196078431     
   26.5000000000000       0.121568627450980       0.416064106577751     
  0.125490196078431     
   26.5000000000000       0.121568627450980       0.416064106577751     
  0.125490196078431     
   26.6000000000000       0.121568627450980       0.415976680002191     
  0.125490196078431     
   26.6000000000000       0.121568627450980       0.415976680002191     
  0.125490196078431     
   26.7000000000000       0.121568627450980       0.414620930329988     
  0.125490196078431     
   26.7000000000000       0.121568627450980       0.414620930329988     
  0.125490196078431     
   26.8000000000000       0.121568627450980       0.412107185481736     
  0.129411764705882     
   26.8000000000000       0.121568627450980       0.412107185481736     
  0.129411764705882     
   26.9000000000000       0.121568627450980       0.408666468959404     
  0.129411764705882     
   26.9000000000000       0.121568627450980       0.408666468959404     
  0.129411764705882     
   27.0000000000000       0.121568627450980       0.404608119131695     
  0.129411764705882     
   27.0000000000000       0.121568627450980       0.404608119131695     
  0.129411764705882     
   27.1000000000000       0.125490196078431       0.404934539832384     
  0.129411764705882     
   27.1000000000000       0.125490196078431       0.404934539832384     
  0.129411764705882     
   27.2000000000000       0.125490196078431       0.407968944772730     
  0.129411764705882     
   27.2000000000000       0.125490196078431       0.407968944772730     
  0.129411764705882     
   27.3000000000000       0.125490196078431       0.410835704656326     
  0.129411764705882     
   27.3000000000000       0.125490196078431       0.410835704656326     
  0.129411764705882     
   27.4000000000000       0.125490196078431       0.413356061326903     
  0.129411764705882     
   27.4000000000000       0.125490196078431       0.413356061326903     
  0.129411764705882     
   27.5000000000000       0.125490196078431       0.415231688890081     
  0.129411764705882     
   27.5000000000000       0.125490196078431       0.415231688890081     
  0.129411764705882     
   27.6000000000000       0.125490196078431       0.416122486306357     
  0.129411764705882     
   27.6000000000000       0.125490196078431       0.416122486306357     
  0.129411764705882     
   27.7000000000000       0.125490196078431       0.415790339567630     
  0.129411764705882     
   27.7000000000000       0.125490196078431       0.415790339567630     
  0.129411764705882     
   27.8000000000000       0.125490196078431       0.414198661178053     
  0.133333333333333     
   27.8000000000000       0.125490196078431       0.414198661178053     
  0.133333333333333     
   27.9000000000000       0.125490196078431       0.411485711788639     
  0.133333333333333     
   27.9000000000000       0.125490196078431       0.411485711788639     
  0.133333333333333     
   28.0000000000000       0.125490196078431       0.407900019945548     
  0.133333333333333     
   28.0000000000000       0.125490196078431       0.407900019945548     
  0.133333333333333     
   28.1000000000000       0.125490196078431       0.403762540536808     
  0.133333333333333     
   28.1000000000000       0.125490196078431       0.403762540536808     
  0.133333333333333     
   28.2000000000000       0.129411764705882       0.405508792985029     
  0.133333333333333     
   28.2000000000000       0.129411764705882       0.405508792985029     
  0.133333333333333     
   28.3000000000000       0.129411764705882       0.408517658114728     
  0.133333333333333     
   28.3000000000000       0.129411764705882       0.408517658114728     
  0.133333333333333     
   28.4000000000000       0.129411764705882       0.411335464223048     
  0.133333333333333     
   28.4000000000000       0.129411764705882       0.411335464223048     
  0.133333333333333     
   28.5000000000000       0.129411764705882       0.413757985319661     
  0.133333333333333     
   28.5000000000000       0.129411764705882       0.413757985319661     
  0.133333333333333     
   28.6000000000000       0.129411764705882       0.415470540505911     
  0.133333333333333     
   28.6000000000000       0.129411764705882       0.415470540505911     
  0.133333333333333     
   28.7000000000000       0.129411764705882       0.416140571002009     
  0.133333333333333     
   28.7000000000000       0.129411764705882       0.416140571002009     
  0.133333333333333     
   28.8000000000000       0.129411764705882       0.415564536908062     
  0.133333333333333     
   28.8000000000000       0.129411764705882       0.415564536908062     
  0.133333333333333     
   28.9000000000000       0.129411764705882       0.413744081815855     
  0.137254901960784     
   28.9000000000000       0.129411764705882       0.413744081815855     
  0.137254901960784     
   29.0000000000000       0.129411764705882       0.410842692048051     
  0.137254901960784     
   29.0000000000000       0.129411764705882       0.410842692048051     
  0.137254901960784     
   29.1000000000000       0.129411764705882       0.407125046455552     
  0.137254901960784     
   29.1000000000000       0.129411764705882       0.407125046455552     
  0.137254901960784     
   29.2000000000000       0.133333333333333       0.402969719956907     
  0.137254901960784     
   29.2000000000000       0.133333333333333       0.402969719956907     
  0.137254901960784     
   29.3000000000000       0.133333333333333       0.406078609294747     
  0.137254901960784     
   29.3000000000000       0.133333333333333       0.406078609294747     
  0.137254901960784     
   29.4000000000000       0.133333333333333       0.409059967867879     
  0.137254901960784     
   29.4000000000000       0.133333333333333       0.409059967867879     
  0.137254901960784     
   29.5000000000000       0.133333333333333       0.411821913598285     
  0.137254901960784     
   29.5000000000000       0.133333333333333       0.411821913598285     
  0.137254901960784     
   29.6000000000000       0.133333333333333       0.414135803496270     
  0.137254901960784     
   29.6000000000000       0.133333333333333       0.414135803496270     
  0.137254901960784     
   29.7000000000000       0.133333333333333       0.415673984306078     
  0.137254901960784     
   29.7000000000000       0.133333333333333       0.415673984306078     
  0.137254901960784     
   29.8000000000000       0.133333333333333       0.416117117238734     
  0.137254901960784     
   29.8000000000000       0.133333333333333       0.416117117238734     
  0.137254901960784     
   29.9000000000000       0.133333333333333       0.415298952778509     
  0.137254901960784     
   29.9000000000000       0.133333333333333       0.415298952778509     
  0.137254901960784     
   30.0000000000000       0.133333333333333       0.413257176999480     
  0.141176470588235     
   30.0000000000000       0.133333333333333       0.413257176999480     
  0.141176470588235     
   30.1000000000000       0.133333333333333       0.410178111234667     
  0.141176470588235     
   30.1000000000000       0.133333333333333       0.410178111234667     
  0.141176470588235     
   30.2000000000000       0.133333333333333       0.406341395371721     
  0.141176470588235     
   30.2000000000000       0.133333333333333       0.406341395371721     
  0.141176470588235     
   30.3000000000000       0.137254901960784       0.403559518369641     
  0.141176470588235     
   30.3000000000000       0.137254901960784       0.403559518369641     
  0.141176470588235     
   30.4000000000000       0.137254901960784       0.406644121952078     
  0.141176470588235     
   30.4000000000000       0.137254901960784       0.406644121952078     
  0.141176470588235     
   30.5000000000000       0.137254901960784       0.409594963220239     
  0.141176470588235     
   30.5000000000000       0.137254901960784       0.409594963220239     
  0.141176470588235     
   30.6000000000000       0.137254901960784       0.412293219534003     
  0.141176470588235     
   30.6000000000000       0.137254901960784       0.412293219534003     
  0.141176470588235     
   30.7000000000000       0.137254901960784       0.414487122235470     
  0.141176470588235     
   30.7000000000000       0.137254901960784       0.414487122235470     
  0.141176470588235     
   30.8000000000000       0.137254901960784       0.415839965837805     
  0.141176470588235     
   30.8000000000000       0.137254901960784       0.415839965837805     
  0.141176470588235     
   30.9000000000000       0.137254901960784       0.416051223143220     
  0.141176470588235     
   30.9000000000000       0.137254901960784       0.416051223143220     
  0.141176470588235     
   31.0000000000000       0.137254901960784       0.414993608937458     
  0.141176470588235     
   31.0000000000000       0.137254901960784       0.414993608937458     
  0.141176470588235     
   31.1000000000000       0.137254901960784       0.412738321954728     
  0.145098039215686     
   31.1000000000000       0.137254901960784       0.412738321954728     
  0.145098039215686     
   31.2000000000000       0.137254901960784       0.409492453695712     
  0.145098039215686     
   31.2000000000000       0.137254901960784       0.409492453695712     
  0.145098039215686     
   31.3000000000000       0.137254901960784       0.405549501218934     
  0.145098039215686     
   31.3000000000000       0.137254901960784       0.405549501218934     
  0.145098039215686     
   31.4000000000000       0.141176470588235       0.404143709636883     
  0.145098039215686     
   31.4000000000000       0.141176470588235       0.404143709636883     
  0.145098039215686     
   31.5000000000000       0.141176470588235       0.407205218271467     
  0.145098039215686     
   31.5000000000000       0.141176470588235       0.407205218271467     
  0.145098039215686     
   31.6000000000000       0.141176470588235       0.410121534608920     
  0.145098039215686     
   31.6000000000000       0.141176470588235       0.410121534608920     
  0.145098039215686     
   31.7000000000000       0.141176470588235       0.412747403553152     
  0.145098039215686     
   31.7000000000000       0.141176470588235       0.412747403553152     
  0.145098039215686     
   31.8000000000000       0.141176470588235       0.414809548112633     
  0.145098039215686     
   31.8000000000000       0.141176470588235       0.414809548112633     
  0.145098039215686     
   31.9000000000000       0.141176470588235       0.415966662511199     
  0.145098039215686     
   31.9000000000000       0.141176470588235       0.415966662511199     
  0.145098039215686     
   32.0000000000000       0.141176470588235       0.415942317335932     
  0.145098039215686     
   32.0000000000000       0.141176470588235       0.415942317335932     
  0.145098039215686     
   32.1000000000000       0.141176470588235       0.414648829869997     
  0.145098039215686     
   32.1000000000000       0.141176470588235       0.414648829869997     
  0.145098039215686     
   32.2000000000000       0.141176470588235       0.412188227291846     
  0.149019607843137     
   32.2000000000000       0.141176470588235       0.412188227291846     
  0.149019607843137     
   32.3000000000000       0.141176470588235       0.408786613489955     
  0.149019607843137     
   32.3000000000000       0.141176470588235       0.408786613489955     
  0.149019607843137     
   32.4000000000000       0.141176470588235       0.404750253886949     
  0.149019607843137     
   32.4000000000000       0.141176470588235       0.404750253886949     
  0.149019607843137     
   32.5000000000000       0.145098039215686       0.404723039200583     
  0.149019607843137     
   32.5000000000000       0.145098039215686       0.404723039200583     
  0.149019607843137     
   32.6000000000000       0.145098039215686       0.407761566873287     
  0.149019607843137     
   32.6000000000000       0.145098039215686       0.407761566873287     
  0.149019607843137     
   32.7000000000000       0.145098039215686       0.410638388125929     
  0.149019607843137     
   32.7000000000000       0.145098039215686       0.410638388125929     
  0.149019607843137     
   32.8000000000000       0.145098039215686       0.413182362311482     
  0.149019607843137     
   32.8000000000000       0.145098039215686       0.413182362311482     
  0.149019607843137     
   32.9000000000000       0.145098039215686       0.415100728587865     
  0.149019607843137     
   32.9000000000000       0.145098039215686       0.415100728587865     
  0.149019607843137     
   33.0000000000000       0.145098039215686       0.416052512948748     
  0.149019607843137     
   33.0000000000000       0.145098039215686       0.416052512948748     
  0.149019607843137     
   33.1000000000000       0.145098039215686       0.415790140118807     
  0.149019607843137     
   33.1000000000000       0.145098039215686       0.415790140118807     
  0.149019607843137     
   33.2000000000000       0.145098039215686       0.414265206614543     
  0.149019607843137     
   33.2000000000000       0.145098039215686       0.414265206614543     
  0.149019607843137     
   33.3000000000000       0.145098039215686       0.411607891053052     
  0.152941176470588     
   33.3000000000000       0.145098039215686       0.411607891053052     
  0.152941176470588     
   33.4000000000000       0.145098039215686       0.408061818415471     
  0.152941176470588     
   33.4000000000000       0.145098039215686       0.408061818415471     
  0.152941176470588     
   33.5000000000000       0.145098039215686       0.403944889515067     
  0.152941176470588     
   33.5000000000000       0.145098039215686       0.403944889515067     
  0.152941176470588     
   33.6000000000000       0.149019607843137       0.405297998942459     
  0.152941176470588     
   33.6000000000000       0.149019607843137       0.405297998942459     
  0.152941176470588     
   33.7000000000000       0.149019607843137       0.408312635296109     
  0.152941176470588     
   33.7000000000000       0.149019607843137       0.408312635296109     
  0.152941176470588     
   33.8000000000000       0.149019607843137       0.411144056646028     
  0.152941176470588     
   33.8000000000000       0.149019607843137       0.411144056646028     
  0.152941176470588     
   33.9000000000000       0.149019607843137       0.413595889834695     
  0.152941176470588     
   33.9000000000000       0.149019607843137       0.413595889834695     
  0.152941176470588     
   34.0000000000000       0.149019607843137       0.415358394068659     
  0.152941176470588     
   34.0000000000000       0.149019607843137       0.415358394068659     
  0.152941176470588     
   34.1000000000000       0.149019607843137       0.416096237568246     
  0.152941176470588     
   34.1000000000000       0.149019607843137       0.416096237568246     
  0.152941176470588     
   34.2000000000000       0.149019607843137       0.415594719728147     
  0.152941176470588     
   34.2000000000000       0.149019607843137       0.415594719728147     
  0.152941176470588     
   34.3000000000000       0.149019607843137       0.413843564248795     
  0.156862745098039     
   34.3000000000000       0.149019607843137       0.413843564248795     
  0.156862745098039     
   34.4000000000000       0.149019607843137       0.410998557666948     
  0.156862745098039     
   34.4000000000000       0.149019607843137       0.410998557666948     
  0.156862745098039     
   34.5000000000000       0.149019607843137       0.407319565764453     
  0.156862745098039     
   34.5000000000000       0.149019607843137       0.407319565764453     
  0.156862745098039     
   34.6000000000000       0.149019607843137       0.403134900510794     
  0.156862745098039     
   34.6000000000000       0.149019607843137       0.403134900510794     
  0.156862745098039     
   34.7000000000000       0.152941176470588       0.405868854858971     
  0.156862745098039     
   34.7000000000000       0.152941176470588       0.405868854858971     
  0.156862745098039     
   34.8000000000000       0.152941176470588       0.408857701566800     
  0.156862745098039     
   34.8000000000000       0.152941176470588       0.408857701566800     
  0.156862745098039     
   34.9000000000000       0.152941176470588       0.411636909795885     
  0.156862745098039     
   34.9000000000000       0.152941176470588       0.411636909795885     
  0.156862745098039     
   35.0000000000000       0.152941176470588       0.413985702924429     
  0.156862745098039     
   35.0000000000000       0.152941176470588       0.413985702924429     
  0.156862745098039     
   35.1000000000000       0.152941176470588       0.415580400233091     
  0.156862745098039     
   35.1000000000000       0.152941176470588       0.415580400233091     
  0.156862745098039     
   35.2000000000000       0.152941176470588       0.416096849912951     
  0.156862745098039     
   35.2000000000000       0.152941176470588       0.416096849912951     
  0.156862745098039     
   35.3000000000000       0.152941176470588       0.415356346131939     
  0.156862745098039     
   35.3000000000000       0.152941176470588       0.415356346131939     
  0.156862745098039     
   35.4000000000000       0.152941176470588       0.413384933666388     
  0.160784313725490     
   35.4000000000000       0.152941176470588       0.413384933666388     
  0.160784313725490     
   35.5000000000000       0.152941176470588       0.410361682998640     
  0.160784313725490     
   35.5000000000000       0.152941176470588       0.410361682998640     
  0.160784313725490     
   35.6000000000000       0.152941176470588       0.406561567759827     
  0.160784313725490     
   35.6000000000000       0.152941176470588       0.406561567759827     
  0.160784313725490     
   35.7000000000000       0.156862745098039       0.403344434959301     
  0.160784313725490     
   35.7000000000000       0.156862745098039       0.403344434959301     
  0.160784313725490     
   35.8000000000000       0.156862745098039       0.406435665684713     
  0.160784313725490     
   35.8000000000000       0.156862745098039       0.406435665684713     
  0.160784313725490     
   35.9000000000000       0.156862745098039       0.409395862076008     
  0.160784313725490     
   35.9000000000000       0.156862745098039       0.409395862076008     
  0.160784313725490     
   36.0000000000000       0.156862745098039       0.412115164322852     
  0.160784313725490     
   36.0000000000000       0.156862745098039       0.412115164322852     
  0.160784313725490     
   36.1000000000000       0.156862745098039       0.414349470483326     
  0.160784313725490     
   36.1000000000000       0.156862745098039       0.414349470483326     
  0.160784313725490     
   36.2000000000000       0.156862745098039       0.415764768897261     
  0.160784313725490     
   36.2000000000000       0.156862745098039       0.415764768897261     
  0.160784313725490     
   36.3000000000000       0.156862745098039       0.416053658857876     
  0.160784313725490     
   36.3000000000000       0.156862745098039       0.416053658857876     
  0.160784313725490     
   36.4000000000000       0.156862745098039       0.415075544439120     
  0.160784313725490     
   36.4000000000000       0.156862745098039       0.415075544439120     
  0.160784313725490     
   36.5000000000000       0.156862745098039       0.412890527662927     
  0.164705882352941     
   36.5000000000000       0.156862745098039       0.412890527662927     
  0.164705882352941     
   36.6000000000000       0.156862745098039       0.409698904445751     
  0.164705882352941     
   36.6000000000000       0.156862745098039       0.409698904445751     
  0.164705882352941     
   36.7000000000000       0.156862745098039       0.405789704796621     
  0.164705882352941     
   36.7000000000000       0.156862745098039       0.405789704796621     
  0.164705882352941     
   36.8000000000000       0.160784313725490       0.403929900185784     
  0.164705882352941     
   36.8000000000000       0.160784313725490       0.403929900185784     
  0.164705882352941     
   36.9000000000000       0.160784313725490       0.406998295410166     
  0.164705882352941     
   36.9000000000000       0.160784313725490       0.406998295410166     
  0.164705882352941     
   37.0000000000000       0.160784313725490       0.409926037381065     
  0.164705882352941     
   37.0000000000000       0.160784313725490       0.409926037381065     
  0.164705882352941     
   37.1000000000000       0.160784313725490       0.412576896085185     
  0.164705882352941     
   37.1000000000000       0.160784313725490       0.412576896085185     
  0.164705882352941     
   37.2000000000000       0.160784313725490       0.414684846991349     
  0.164705882352941     
   37.2000000000000       0.160784313725490       0.414684846991349     
  0.164705882352941     
   37.3000000000000       0.160784313725490       0.415909725377767     
  0.164705882352941     
   37.3000000000000       0.160784313725490       0.415909725377767     
  0.164705882352941     
   37.4000000000000       0.160784313725490       0.415966262518135     
  0.164705882352941     
   37.4000000000000       0.160784313725490       0.415966262518135     
  0.164705882352941     
   37.5000000000000       0.160784313725490       0.414753049509233     
  0.164705882352941     
   37.5000000000000       0.160784313725490       0.414753049509233     
  0.164705882352941     
   37.6000000000000       0.160784313725490       0.412361720962187     
  0.168627450980392     
   37.6000000000000       0.160784313725490       0.412361720962187     
  0.168627450980392     
   37.7000000000000       0.160784313725490       0.409012014993873     
  0.168627450980392     
   37.7000000000000       0.160784313725490       0.409012014993873     
  0.168627450980392     
   37.8000000000000       0.160784313725490       0.405005984886619     
  0.168627450980392     
   37.8000000000000       0.160784313725490       0.405005984886619     
  0.168627450980392     
   37.9000000000000       0.164705882352941       0.404510530858522     
  0.168627450980392     
   37.9000000000000       0.164705882352941       0.404510530858522     
  0.168627450980392     
   38.0000000000000       0.164705882352941       0.407556421687835     
  0.168627450980392     
   38.0000000000000       0.164705882352941       0.407556421687835     
  0.168627450980392     
   38.1000000000000       0.164705882352941       0.410446977116698     
  0.168627450980392     
   38.1000000000000       0.164705882352941       0.410446977116698     
  0.168627450980392     
   38.2000000000000       0.164705882352941       0.413020054668816     
  0.168627450980392     
   38.2000000000000       0.164705882352941       0.413020054668816     
  0.168627450980392     
   38.3000000000000       0.164705882352941       0.414989509827984     
  0.168627450980392     
   38.3000000000000       0.164705882352941       0.414989509827984     
  0.168627450980392     
   38.4000000000000       0.164705882352941       0.416013730273862     
  0.168627450980392     
   38.4000000000000       0.164705882352941       0.416013730273862     
  0.168627450980392     
   38.5000000000000       0.164705882352941       0.415834535296455     
  0.168627450980392     
   38.5000000000000       0.164705882352941       0.415834535296455     
  0.168627450980392     
   38.6000000000000       0.164705882352941       0.414389782848212     
  0.168627450980392     
   38.6000000000000       0.164705882352941       0.414389782848212     
  0.168627450980392     
   38.7000000000000       0.164705882352941       0.411800033589631     
  0.172549019607843     
   38.7000000000000       0.164705882352941       0.411800033589631     
  0.172549019607843     
   38.8000000000000       0.164705882352941       0.408302940222894     
  0.172549019607843     
   38.8000000000000       0.164705882352941       0.408302940222894     
  0.172549019607843     
   38.9000000000000       0.164705882352941       0.404212508009521     
  0.172549019607843     
   38.9000000000000       0.164705882352941       0.404212508009521     
  0.172549019607843     
   39.0000000000000       0.168627450980392       0.405086809072904     
  0.172549019607843     
   39.0000000000000       0.168627450980392       0.405086809072904     
  0.172549019607843     
   39.1000000000000       0.168627450980392       0.408109541508513     
  0.172549019607843     
   39.1000000000000       0.168627450980392       0.408109541508513     
  0.172549019607843     
   39.2000000000000       0.168627450980392       0.410957264940650     
  0.172549019607843     
   39.2000000000000       0.168627450980392       0.410957264940650     
  0.172549019607843     
   39.3000000000000       0.168627450980392       0.413442481464404     
  0.172549019607843     
   39.3000000000000       0.168627450980392       0.413442481464404     
  0.172549019607843     
   39.4000000000000       0.168627450980392       0.415261199575754     
  0.172549019607843     
   39.4000000000000       0.168627450980392       0.415261199575754     
  0.172549019607843     
   39.5000000000000       0.168627450980392       0.416075503887610     
  0.172549019607843     
   39.5000000000000       0.168627450980392       0.416075503887610     
  0.172549019607843     
   39.6000000000000       0.168627450980392       0.415658609910974     
  0.172549019607843     
   39.6000000000000       0.168627450980392       0.415658609910974     
  0.172549019607843     
   39.7000000000000       0.168627450980392       0.413986832400300     
  0.176470588235294     
   39.7000000000000       0.168627450980392       0.413986832400300     
  0.176470588235294     
   39.8000000000000       0.168627450980392       0.411207116894124     
  0.176470588235294     
   39.8000000000000       0.168627450980392       0.411207116894124     
  0.176470588235294     
   39.9000000000000       0.168627450980392       0.407573717392681     
  0.176470588235294     
   39.9000000000000       0.168627450980392       0.407573717392681     
  0.176470588235294     
   40.0000000000000       0.168627450980392       0.403411434364176     
  0.176470588235294     
   40.0000000000000       0.168627450980392       0.403411434364176     
  0.176470588235294     
