  0.100000000000000       0.000000000000000E+000  0.100000000000000     
  0.000000000000000E+000
  0.100000000000000       0.000000000000000E+000  0.100000000000000     
  0.000000000000000E+000
  0.200000000000000       0.000000000000000E+000  0.107782944322622     
  2.002931118710308E-002
  0.200000000000000       0.000000000000000E+000  0.107782944322622     
  2.002931118710308E-002
  0.300000000000000       0.000000000000000E+000  0.116150480032389     
  2.344894968246214E-002
  0.300000000000000       0.000000000000000E+000  0.116150480032389     
  2.344894968246214E-002
  0.400000000000000       0.000000000000000E+000  0.125142381785270     
  2.589154860771861E-002
  0.400000000000000       0.000000000000000E+000  0.125142381785270     
  2.589154860771861E-002
  0.500000000000000       0.000000000000000E+000  0.134800237332810     
  2.784562774792379E-002
  0.500000000000000       0.000000000000000E+000  0.134800237332810     
  2.784562774792379E-002
  0.600000000000000       0.000000000000000E+000  0.145167300382254     
  2.882266731802638E-002
  0.600000000000000       0.000000000000000E+000  0.145167300382254     
  2.882266731802638E-002
  0.700000000000000       0.000000000000000E+000  0.156288261823263     
  3.028822667318026E-002
  0.700000000000000       0.000000000000000E+000  0.156288261823263     
  3.028822667318026E-002
  0.800000000000000       0.000000000000000E+000  0.168208913640119     
  3.077674645823156E-002
  0.800000000000000       0.000000000000000E+000  0.168208913640119     
  3.077674645823156E-002
  0.900000000000000       0.000000000000000E+000  0.180975671670141     
  3.175378602833415E-002
  0.900000000000000       0.000000000000000E+000  0.180975671670141     
  3.175378602833415E-002
   1.00000000000000       0.000000000000000E+000  0.194634912276865     
  3.224230581338544E-002
   1.00000000000000       0.000000000000000E+000  0.194634912276865     
  3.224230581338544E-002
   1.10000000000000       0.000000000000000E+000  0.209232062728432     
  3.321934538348803E-002
   1.10000000000000       0.000000000000000E+000  0.209232062728432     
  3.321934538348803E-002
   1.20000000000000       0.000000000000000E+000  0.224810363693163     
  3.370786516853932E-002
   1.20000000000000       0.000000000000000E+000  0.224810363693163     
  3.370786516853932E-002
   1.30000000000000       0.000000000000000E+000  0.241409191753145     
  3.419638495359062E-002
   1.30000000000000       0.000000000000000E+000  0.241409191753145     
  3.419638495359062E-002
   1.40000000000000       0.000000000000000E+000  0.259061785179230     
  3.468490473864191E-002
   1.40000000000000       0.000000000000000E+000  0.259061785179230     
  3.468490473864191E-002
   1.50000000000000       0.000000000000000E+000  0.277792148713705     
  3.468490473864191E-002
   1.50000000000000       0.000000000000000E+000  0.277792148713705     
  3.468490473864191E-002
   1.60000000000000       0.000000000000000E+000  0.297610806964352     
  3.517342452369321E-002
   1.60000000000000       0.000000000000000E+000  0.297610806964352     
  3.517342452369321E-002
   1.70000000000000       0.000000000000000E+000  0.318508901502712     
  3.566194430874450E-002
   1.70000000000000       0.000000000000000E+000  0.318508901502712     
  3.566194430874450E-002
   1.80000000000000       0.000000000000000E+000  0.340449827930326     
  3.566194430874450E-002
   1.80000000000000       0.000000000000000E+000  0.340449827930326     
  3.566194430874450E-002
   1.90000000000000       0.000000000000000E+000  0.363357089040664     
  3.615046409379580E-002
   1.90000000000000       0.000000000000000E+000  0.363357089040664     
  3.615046409379580E-002
   2.00000000000000       0.000000000000000E+000  0.387096179082664     
  3.615046409379580E-002
   2.00000000000000       0.000000000000000E+000  0.387096179082664     
  3.615046409379580E-002
   2.10000000000000       0.000000000000000E+000  0.411447183228501     
  3.663898387884709E-002
   2.10000000000000       0.000000000000000E+000  0.411447183228501     
  3.663898387884709E-002
   2.20000000000000       0.000000000000000E+000  0.436064458358289     
  3.663898387884709E-002
   2.20000000000000       0.000000000000000E+000  0.436064458358289     
  3.663898387884709E-002
   2.30000000000000       0.000000000000000E+000  0.460423935389999     
  3.663898387884709E-002
   2.30000000000000       0.000000000000000E+000  0.460423935389999     
  3.663898387884709E-002
   2.40000000000000       0.000000000000000E+000  0.483773136805561     
  3.712750366389839E-002
   2.40000000000000       0.000000000000000E+000  0.483773136805561     
  3.712750366389839E-002
   2.50000000000000       0.000000000000000E+000  0.505122760034726     
  3.712750366389839E-002
   2.50000000000000       0.000000000000000E+000  0.505122760034726     
  3.712750366389839E-002
   2.60000000000000       0.000000000000000E+000  0.523330000280715     
  3.712750366389839E-002
   2.60000000000000       0.000000000000000E+000  0.523330000280715     
  3.712750366389839E-002
   2.70000000000000       0.000000000000000E+000  0.537297072601249     
  3.712750366389839E-002
   2.70000000000000       0.000000000000000E+000  0.537297072601249     
  3.712750366389839E-002
   2.80000000000000       0.000000000000000E+000  0.546256789430439     
  3.761602344894968E-002
   2.80000000000000       0.000000000000000E+000  0.546256789430439     
  3.761602344894968E-002
   2.90000000000000       0.000000000000000E+000  0.550062267322715     
  3.761602344894968E-002
   2.90000000000000       0.000000000000000E+000  0.550062267322715     
  3.761602344894968E-002
   3.00000000000000       0.000000000000000E+000  0.549317873088446     
  3.761602344894968E-002
   3.00000000000000       0.000000000000000E+000  0.549317873088446     
  3.761602344894968E-002
   3.10000000000000       0.000000000000000E+000  0.545178258042854     
  3.761602344894968E-002
   3.10000000000000       0.000000000000000E+000  0.545178258042854     
  3.761602344894968E-002
   3.20000000000000       0.000000000000000E+000  0.538897621472128     
  3.810454323400098E-002
   3.20000000000000       0.000000000000000E+000  0.538897621472128     
  3.810454323400098E-002
   3.30000000000000       0.000000000000000E+000  0.531467036506868     
  3.810454323400098E-002
   3.30000000000000       0.000000000000000E+000  0.531467036506868     
  3.810454323400098E-002
   3.40000000000000       0.000000000000000E+000  0.523519441796658     
  3.810454323400098E-002
   3.40000000000000       0.000000000000000E+000  0.523519441796658     
  3.810454323400098E-002
   3.50000000000000       0.000000000000000E+000  0.515403763084554     
  3.859306301905227E-002
   3.50000000000000       0.000000000000000E+000  0.515403763084554     
  3.859306301905227E-002
   3.60000000000000       0.000000000000000E+000  0.507292212200256     
  3.908158280410357E-002
   3.60000000000000       0.000000000000000E+000  0.507292212200256     
  3.908158280410357E-002
   3.70000000000000       0.000000000000000E+000  0.499262728356539     
  3.957010258915486E-002
   3.70000000000000       0.000000000000000E+000  0.499262728356539     
  3.957010258915486E-002
   3.80000000000000       0.000000000000000E+000  0.491347838541438     
  4.005862237420615E-002
   3.80000000000000       0.000000000000000E+000  0.491347838541438     
  4.005862237420615E-002
   3.90000000000000       0.000000000000000E+000  0.483559644712102     
  4.054714215925745E-002
   3.90000000000000       0.000000000000000E+000  0.483559644712102     
  4.054714215925745E-002
   4.00000000000000       0.000000000000000E+000  0.475901505520964     
  4.103566194430874E-002
   4.00000000000000       0.000000000000000E+000  0.475901505520964     
  4.103566194430874E-002
   4.10000000000000       0.000000000000000E+000  0.468373189720029     
  4.152418172936004E-002
   4.10000000000000       0.000000000000000E+000  0.468373189720029     
  4.152418172936004E-002
   4.20000000000000       0.000000000000000E+000  0.460973009914438     
  4.152418172936004E-002
   4.20000000000000       0.000000000000000E+000  0.460973009914438     
  4.152418172936004E-002
   4.30000000000000       3.615046409379580E-002  0.453792216378760     
  4.201270151441133E-002
   4.30000000000000       3.615046409379580E-002  0.453792216378760     
  4.201270151441133E-002
   4.40000000000000       3.663898387884709E-002  0.449349720549776     
  4.250122129946263E-002
   4.40000000000000       3.663898387884709E-002  0.449349720549776     
  4.250122129946263E-002
   4.50000000000000       3.761602344894968E-002  0.447135375385445     
  4.250122129946263E-002
   4.50000000000000       3.761602344894968E-002  0.447135375385445     
  4.250122129946263E-002
   4.60000000000000       3.810454323400098E-002  0.444269421992130     
  4.298974108451392E-002
   4.60000000000000       3.810454323400098E-002  0.444269421992130     
  4.298974108451392E-002
   4.70000000000000       3.859306301905227E-002  0.441576515020684     
  4.347826086956522E-002
   4.70000000000000       3.859306301905227E-002  0.441576515020684     
  4.347826086956522E-002
   4.80000000000000       3.908158280410357E-002  0.440814727736952     
  4.347826086956522E-002
   4.80000000000000       3.908158280410357E-002  0.440814727736952     
  4.347826086956522E-002
   4.90000000000000       3.908158280410357E-002  0.439005393751348     
  4.396678065461651E-002
   4.90000000000000       3.908158280410357E-002  0.439005393751348     
  4.396678065461651E-002
   5.00000000000000       3.957010258915486E-002  0.437544018533072     
  4.445530043966781E-002
   5.00000000000000       3.957010258915486E-002  0.437544018533072     
  4.445530043966781E-002
   5.10000000000000       4.005862237420615E-002  0.437309138353790     
  4.445530043966781E-002
   5.10000000000000       4.005862237420615E-002  0.437309138353790     
  4.445530043966781E-002
   5.20000000000000       4.005862237420615E-002  0.435712661196680     
  4.494382022471910E-002
   5.20000000000000       4.005862237420615E-002  0.435712661196680     
  4.494382022471910E-002
   5.30000000000000       4.054714215925745E-002  0.435080978128381     
  4.543234000977039E-002
   5.30000000000000       4.054714215925745E-002  0.435080978128381     
  4.543234000977039E-002
   5.40000000000000       4.054714215925745E-002  0.434430366581545     
  4.543234000977039E-002
   5.40000000000000       4.054714215925745E-002  0.434430366581545     
  4.543234000977039E-002
   5.50000000000000       4.103566194430874E-002  0.433074331022824     
  4.592085979482169E-002
   5.50000000000000       4.103566194430874E-002  0.433074331022824     
  4.592085979482169E-002
   5.60000000000000       4.152418172936004E-002  0.432833669653950     
  4.592085979482169E-002
   5.60000000000000       4.152418172936004E-002  0.432833669653950     
  4.592085979482169E-002
   5.70000000000000       4.152418172936004E-002  0.431235524474784     
  4.640937957987298E-002
   5.70000000000000       4.152418172936004E-002  0.431235524474784     
  4.640937957987298E-002
   5.80000000000000       4.201270151441133E-002  0.430348770319310     
  4.689789936492428E-002
   5.80000000000000       4.201270151441133E-002  0.430348770319310     
  4.689789936492428E-002
   5.90000000000000       4.250122129946263E-002  0.429503109824171     
  4.689789936492428E-002
   5.90000000000000       4.250122129946263E-002  0.429503109824171     
  4.689789936492428E-002
   6.00000000000000       4.250122129946263E-002  0.427829251939548     
  4.738641914997557E-002
   6.00000000000000       4.250122129946263E-002  0.427829251939548     
  4.738641914997557E-002
   6.10000000000000       4.298974108451392E-002  0.427390503904860     
  4.738641914997557E-002
   6.10000000000000       4.298974108451392E-002  0.427390503904860     
  4.738641914997557E-002
   6.20000000000000       4.347826086956522E-002  0.425549813632731     
  4.787493893502687E-002
   6.20000000000000       4.347826086956522E-002  0.425549813632731     
  4.787493893502687E-002
   6.30000000000000       4.347826086956522E-002  0.424778921601077     
  4.787493893502687E-002
   6.30000000000000       4.347826086956522E-002  0.424778921601077     
  4.787493893502687E-002
   6.40000000000000       4.396678065461651E-002  0.423651517850617     
  4.836345872007816E-002
   6.40000000000000       4.396678065461651E-002  0.423651517850617     
  4.836345872007816E-002
   6.50000000000000       4.445530043966781E-002  0.422366889533078     
  4.885197850512946E-002
   6.50000000000000       4.445530043966781E-002  0.422366889533078     
  4.885197850512946E-002
   6.60000000000000       4.445530043966781E-002  0.421731903484749     
  4.885197850512946E-002
   6.60000000000000       4.445530043966781E-002  0.421731903484749     
  4.885197850512946E-002
   6.70000000000000       4.494382022471910E-002  0.420205029196130     
  4.934049829018075E-002
   6.70000000000000       4.494382022471910E-002  0.420205029196130     
  4.934049829018075E-002
   6.80000000000000       4.543234000977039E-002  0.419753589040235     
  4.934049829018075E-002
   6.80000000000000       4.543234000977039E-002  0.419753589040235     
  4.934049829018075E-002
   6.90000000000000       4.543234000977039E-002  0.418242849009169     
  4.982901807523205E-002
   6.90000000000000       4.543234000977039E-002  0.418242849009169     
  4.982901807523205E-002
   7.00000000000000       4.592085979482169E-002  0.417799850641951     
  4.982901807523205E-002
   7.00000000000000       4.592085979482169E-002  0.417799850641951     
  4.982901807523205E-002
   7.10000000000000       4.592085979482169E-002  0.416465909879458     
  5.031753786028334E-002
   7.10000000000000       4.592085979482169E-002  0.416465909879458     
  5.031753786028334E-002
   7.20000000000000       4.640937957987298E-002  0.415919919610917     
  5.031753786028334E-002
   7.20000000000000       4.640937957987298E-002  0.415919919610917     
  5.031753786028334E-002
   7.30000000000000       4.640937957987298E-002  0.414801301076473     
  5.080605764533463E-002
   7.30000000000000       4.640937957987298E-002  0.414801301076473     
  5.080605764533463E-002
   7.40000000000000       4.689789936492428E-002  0.414137140717929     
  5.129457743038593E-002
   7.40000000000000       4.689789936492428E-002  0.414137140717929     
  5.129457743038593E-002
   7.50000000000000       4.738641914997557E-002  0.413376828220063     
  5.129457743038593E-002
   7.50000000000000       4.738641914997557E-002  0.413376828220063     
  5.129457743038593E-002
   7.60000000000000       4.738641914997557E-002  0.412433111228713     
  5.178309721543722E-002
   7.60000000000000       4.738641914997557E-002  0.412433111228713     
  5.178309721543722E-002
   7.70000000000000       4.787493893502687E-002  0.411955710717319     
  5.178309721543722E-002
   7.70000000000000       4.787493893502687E-002  0.411955710717319     
  5.178309721543722E-002
   7.80000000000000       4.787493893502687E-002  0.410799579180567     
  5.227161700048852E-002
   7.80000000000000       4.787493893502687E-002  0.410799579180567     
  5.227161700048852E-002
   7.90000000000000       4.836345872007816E-002  0.410518084088212     
  5.227161700048852E-002
   7.90000000000000       4.836345872007816E-002  0.410518084088212     
  5.227161700048852E-002
   8.00000000000000       4.836345872007816E-002  0.409236260166411     
  5.276013678553981E-002
   8.00000000000000       4.836345872007816E-002  0.409236260166411     
  5.276013678553981E-002
   8.10000000000000       4.885197850512946E-002  0.409092278634159     
  5.276013678553981E-002
   8.10000000000000       4.885197850512946E-002  0.409092278634159     
  5.276013678553981E-002
   8.20000000000000       4.934049829018075E-002  0.407763393180323     
  5.324865657059111E-002
   8.20000000000000       4.934049829018075E-002  0.407763393180323     
  5.324865657059111E-002
   8.30000000000000       4.934049829018075E-002  0.407704984402445     
  5.324865657059111E-002
   8.30000000000000       4.934049829018075E-002  0.407704984402445     
  5.324865657059111E-002
   8.40000000000000       4.982901807523205E-002  0.406464033709201     
  5.373717635564240E-002
   8.40000000000000       4.982901807523205E-002  0.406464033709201     
  5.373717635564240E-002
   8.50000000000000       4.982901807523205E-002  0.406370296431481     
  5.373717635564240E-002
   8.50000000000000       4.982901807523205E-002  0.406370296431481     
  5.373717635564240E-002
   8.60000000000000       5.031753786028334E-002  0.405224168265409     
  5.422569614069370E-002
   8.60000000000000       5.031753786028334E-002  0.405224168265409     
  5.422569614069370E-002
   8.70000000000000       5.031753786028334E-002  0.405093457037440     
  5.422569614069370E-002
   8.70000000000000       5.031753786028334E-002  0.405093457037440     
  5.422569614069370E-002
   8.80000000000000       5.080605764533463E-002  0.404039691290773     
  5.471421592574499E-002
   8.80000000000000       5.080605764533463E-002  0.404039691290773     
  5.471421592574499E-002
   8.90000000000000       5.080605764533463E-002  0.403875394569581     
  5.471421592574499E-002
   8.90000000000000       5.080605764533463E-002  0.403875394569581     
  5.471421592574499E-002
   9.00000000000000       5.129457743038593E-002  0.402908507669716     
  5.520273571079629E-002
   9.00000000000000       5.129457743038593E-002  0.402908507669716     
  5.520273571079629E-002
   9.10000000000000       5.129457743038593E-002  0.402713893685574     
  5.520273571079629E-002
   9.10000000000000       5.129457743038593E-002  0.402713893685574     
  5.520273571079629E-002
   9.20000000000000       5.178309721543722E-002  0.401830217689777     
  5.569125549584758E-002
   9.20000000000000       5.178309721543722E-002  0.401830217689777     
  5.569125549584758E-002
   9.30000000000000       5.178309721543722E-002  0.401605496290819     
  5.569125549584758E-002
   9.30000000000000       5.178309721543722E-002  0.401605496290819     
  5.569125549584758E-002
   9.40000000000000       5.227161700048852E-002  0.400806783697784     
  5.617977528089887E-002
   9.40000000000000       5.227161700048852E-002  0.400806783697784     
  5.617977528089887E-002
   9.50000000000000       5.276013678553981E-002  0.400578200166124     
  5.617977528089887E-002
   9.50000000000000       5.276013678553981E-002  0.400578200166124     
  5.617977528089887E-002
   9.60000000000000       5.276013678553981E-002  0.399842318847392     
  5.666829506595017E-002
   9.60000000000000       5.276013678553981E-002  0.399842318847392     
  5.666829506595017E-002
   9.70000000000000       5.324865657059111E-002  0.399582497533648     
  5.666829506595017E-002
   9.70000000000000       5.324865657059111E-002  0.399582497533648     
  5.666829506595017E-002
   9.80000000000000       5.324865657059111E-002  0.398941700514253     
  5.715681485100146E-002
   9.80000000000000       5.324865657059111E-002  0.398941700514253     
  5.715681485100146E-002
   9.90000000000000       5.373717635564240E-002  0.398615215679924     
  5.715681485100146E-002
   9.90000000000000       5.373717635564240E-002  0.398615215679924     
  5.715681485100146E-002
   10.0000000000000       5.373717635564240E-002  0.398108228699280     
  5.764533463605276E-002
   10.0000000000000       5.373717635564240E-002  0.398108228699280     
  5.764533463605276E-002
   10.1000000000000       5.422569614069370E-002  0.397673929493836     
  5.764533463605276E-002
   10.1000000000000       5.422569614069370E-002  0.397673929493836     
  5.764533463605276E-002
   10.2000000000000       5.422569614069370E-002  0.397339765308975     
  5.813385442110405E-002
   10.2000000000000       5.422569614069370E-002  0.397339765308975     
  5.813385442110405E-002
   10.3000000000000       5.422569614069370E-002  0.396768257404243     
  5.813385442110405E-002
   10.3000000000000       5.422569614069370E-002  0.396768257404243     
  5.813385442110405E-002
   10.4000000000000       5.471421592574499E-002  0.396623619000430     
  5.813385442110405E-002
   10.4000000000000       5.471421592574499E-002  0.396623619000430     
  5.813385442110405E-002
   10.5000000000000       5.471421592574499E-002  0.395924818534768     
  5.862237420615535E-002
   10.5000000000000       5.471421592574499E-002  0.395924818534768     
  5.862237420615535E-002
   10.6000000000000       5.520273571079629E-002  0.395934044783975     
  5.862237420615535E-002
   10.6000000000000       5.520273571079629E-002  0.395934044783975     
  5.862237420615535E-002
   10.7000000000000       5.520273571079629E-002  0.395114472529861     
  5.911089399120664E-002
   10.7000000000000       5.520273571079629E-002  0.395114472529861     
  5.911089399120664E-002
   10.8000000000000       5.569125549584758E-002  0.395238986632264     
  5.911089399120664E-002
   10.8000000000000       5.569125549584758E-002  0.395238986632264     
  5.911089399120664E-002
   10.9000000000000       5.569125549584758E-002  0.394338016366992     
  5.959941377625794E-002
   10.9000000000000       5.569125549584758E-002  0.394338016366992     
  5.959941377625794E-002
   11.0000000000000       5.617977528089887E-002  0.394516011400315     
  5.959941377625794E-002
   11.0000000000000       5.617977528089887E-002  0.394516011400315     
  5.959941377625794E-002
   11.1000000000000       5.617977528089887E-002  0.393607973214714     
  6.008793356130923E-002
   11.1000000000000       5.617977528089887E-002  0.393607973214714     
  6.008793356130923E-002
   11.2000000000000       5.666829506595017E-002  0.393764345614626     
  6.008793356130923E-002
   11.2000000000000       5.666829506595017E-002  0.393764345614626     
  6.008793356130923E-002
   11.3000000000000       5.666829506595017E-002  0.392949000714976     
  6.057645334636053E-002
   11.3000000000000       5.666829506595017E-002  0.392949000714976     
  6.057645334636053E-002
   11.4000000000000       5.715681485100146E-002  0.393002088448137     
  6.057645334636053E-002
   11.4000000000000       5.715681485100146E-002  0.393002088448137     
  6.057645334636053E-002
   11.5000000000000       5.715681485100146E-002  0.392385960018016     
  6.106497313141182E-002
   11.5000000000000       5.715681485100146E-002  0.392385960018016     
  6.106497313141182E-002
   11.6000000000000       5.764533463605276E-002  0.392252837653015     
  6.106497313141182E-002
   11.6000000000000       5.764533463605276E-002  0.392252837653015     
  6.106497313141182E-002
   11.7000000000000       5.764533463605276E-002  0.391919064283237     
  6.155349291646312E-002
   11.7000000000000       5.764533463605276E-002  0.391919064283237     
  6.155349291646312E-002
   11.8000000000000       5.813385442110405E-002  0.391530689330242     
  6.155349291646312E-002
   11.8000000000000       5.813385442110405E-002  0.391530689330242     
  6.155349291646312E-002
   11.9000000000000       5.813385442110405E-002  0.391498199431474     
  6.155349291646312E-002
   11.9000000000000       5.813385442110405E-002  0.391498199431474     
  6.155349291646312E-002
   12.0000000000000       5.862237420615535E-002  0.390835060237617     
  6.204201270151441E-002
   12.0000000000000       5.862237420615535E-002  0.390835060237617     
  6.204201270151441E-002
   12.1000000000000       5.862237420615535E-002  0.391037928934004     
  6.204201270151441E-002
   12.1000000000000       5.862237420615535E-002  0.391037928934004     
  6.204201270151441E-002
   12.2000000000000       5.911089399120664E-002  0.390171824615001     
  6.253053248656570E-002
   12.2000000000000       5.911089399120664E-002  0.390171824615001     
  6.253053248656570E-002
   12.3000000000000       5.911089399120664E-002  0.390489349934299     
  6.253053248656570E-002
   12.3000000000000       5.911089399120664E-002  0.390489349934299     
  6.253053248656570E-002
   12.4000000000000       5.911089399120664E-002  0.389642210259239     
  6.301905227161700E-002
   12.4000000000000       5.911089399120664E-002  0.389642210259239     
  6.301905227161700E-002
   12.5000000000000       5.959941377625794E-002  0.389877957581202     
  6.301905227161700E-002
   12.5000000000000       5.959941377625794E-002  0.389877957581202     
  6.301905227161700E-002
   12.6000000000000       5.959941377625794E-002  0.389264121923146     
  6.350757205666829E-002
   12.6000000000000       5.959941377625794E-002  0.389264121923146     
  6.350757205666829E-002
   12.7000000000000       6.008793356130923E-002  0.389260301764158     
  6.350757205666829E-002
   12.7000000000000       6.008793356130923E-002  0.389260301764158     
  6.350757205666829E-002
   12.8000000000000       6.008793356130923E-002  0.388984566198140     
  6.350757205666829E-002
   12.8000000000000       6.008793356130923E-002  0.388984566198140     
  6.350757205666829E-002
   12.9000000000000       6.057645334636053E-002  0.388670039332109     
  6.399609184171959E-002
   12.9000000000000       6.057645334636053E-002  0.388670039332109     
  6.399609184171959E-002
   13.0000000000000       6.057645334636053E-002  0.388714514599449     
  6.399609184171959E-002
   13.0000000000000       6.057645334636053E-002  0.388714514599449     
  6.399609184171959E-002
   13.1000000000000       6.106497313141182E-002  0.388108646530434     
  6.448461162677088E-002
   13.1000000000000       6.106497313141182E-002  0.388108646530434     
  6.448461162677088E-002
   13.2000000000000       6.106497313141182E-002  0.388338289444743     
  6.448461162677088E-002
   13.2000000000000       6.106497313141182E-002  0.388338289444743     
  6.448461162677088E-002
   13.3000000000000       6.155349291646312E-002  0.387599818351977     
  6.497313141182218E-002
   13.3000000000000       6.155349291646312E-002  0.387599818351977     
  6.497313141182218E-002
   13.4000000000000       6.155349291646312E-002  0.387846647255509     
  6.497313141182218E-002
   13.4000000000000       6.155349291646312E-002  0.387846647255509     
  6.497313141182218E-002
   13.5000000000000       6.204201270151441E-002  0.387210525101608     
  6.546165119687347E-002
   13.5000000000000       6.204201270151441E-002  0.387210525101608     
  6.546165119687347E-002
   13.6000000000000       6.204201270151441E-002  0.387319996346615     
  6.546165119687347E-002
   13.6000000000000       6.204201270151441E-002  0.387319996346615     
  6.546165119687347E-002
   13.7000000000000       6.204201270151441E-002  0.387016959348600     
  6.546165119687347E-002
   13.7000000000000       6.204201270151441E-002  0.387016959348600     
  6.546165119687347E-002
   13.8000000000000       6.253053248656570E-002  0.386819424577051     
  6.595017098192477E-002
   13.8000000000000       6.253053248656570E-002  0.386819424577051     
  6.595017098192477E-002
   13.9000000000000       6.253053248656570E-002  0.386853343596892     
  6.595017098192477E-002
   13.9000000000000       6.253053248656570E-002  0.386853343596892     
  6.595017098192477E-002
   14.0000000000000       6.301905227161700E-002  0.386352393614331     
  6.643869076697606E-002
   14.0000000000000       6.301905227161700E-002  0.386352393614331     
  6.643869076697606E-002
   14.1000000000000       6.301905227161700E-002  0.386553683141970     
  6.643869076697606E-002
   14.1000000000000       6.301905227161700E-002  0.386553683141970     
  6.643869076697606E-002
   14.2000000000000       6.350757205666829E-002  0.385949672766068     
  6.692721055202736E-002
   14.2000000000000       6.350757205666829E-002  0.385949672766068     
  6.692721055202736E-002
   14.3000000000000       6.350757205666829E-002  0.386127316748727     
  6.692721055202736E-002
   14.3000000000000       6.350757205666829E-002  0.386127316748727     
  6.692721055202736E-002
   14.4000000000000       6.399609184171959E-002  0.385683391603189     
  6.741573033707865E-002
   14.4000000000000       6.399609184171959E-002  0.385683391603189     
  6.741573033707865E-002
   14.5000000000000       6.399609184171959E-002  0.385680026050253     
  6.741573033707865E-002
   14.5000000000000       6.399609184171959E-002  0.385680026050253     
  6.741573033707865E-002
   14.6000000000000       6.448461162677088E-002  0.385513140867858     
  6.741573033707865E-002
   14.6000000000000       6.448461162677088E-002  0.385513140867858     
  6.741573033707865E-002
   14.7000000000000       6.448461162677088E-002  0.385266724312828     
  6.790425012212994E-002
   14.7000000000000       6.448461162677088E-002  0.385266724312828     
  6.790425012212994E-002
   14.8000000000000       6.448461162677088E-002  0.385376053865866     
  6.790425012212994E-002
   14.8000000000000       6.448461162677088E-002  0.385376053865866     
  6.790425012212994E-002
   14.9000000000000       6.497313141182218E-002  0.384894620429269     
  6.839276990718124E-002
   14.9000000000000       6.497313141182218E-002  0.384894620429269     
  6.839276990718124E-002
   15.0000000000000       6.497313141182218E-002  0.385069458009905     
  6.839276990718124E-002
   15.0000000000000       6.497313141182218E-002  0.385069458009905     
  6.839276990718124E-002
   15.1000000000000       6.546165119687347E-002  0.384627643088706     
  6.888128969223253E-002
   15.1000000000000       6.546165119687347E-002  0.384627643088706     
  6.888128969223253E-002
   15.2000000000000       6.546165119687347E-002  0.384680928662911     
  6.888128969223253E-002
   15.2000000000000       6.546165119687347E-002  0.384680928662911     
  6.888128969223253E-002
   15.3000000000000       6.595017098192477E-002  0.384497412377481     
  6.888128969223253E-002
   15.3000000000000       6.595017098192477E-002  0.384497412377481     
  6.888128969223253E-002
   15.4000000000000       6.595017098192477E-002  0.384313998751371     
  6.936980947728383E-002
   15.4000000000000       6.595017098192477E-002  0.384313998751371     
  6.936980947728383E-002
   15.5000000000000       6.595017098192477E-002  0.384338096415023     
  6.936980947728383E-002
   15.5000000000000       6.595017098192477E-002  0.384338096415023     
  6.936980947728383E-002
   15.6000000000000       6.643869076697606E-002  0.383986061047296     
  6.985832926233512E-002
   15.6000000000000       6.643869076697606E-002  0.383986061047296     
  6.985832926233512E-002
   15.7000000000000       6.643869076697606E-002  0.384136533234566     
  6.985832926233512E-002
   15.7000000000000       6.643869076697606E-002  0.384136533234566     
  6.985832926233512E-002
   15.8000000000000       6.692721055202736E-002  0.383740545270242     
  7.034684904738642E-002
   15.8000000000000       6.692721055202736E-002  0.383740545270242     
  7.034684904738642E-002
   15.9000000000000       6.692721055202736E-002  0.383807294024190     
  7.034684904738642E-002
   15.9000000000000       6.692721055202736E-002  0.383807294024190     
  7.034684904738642E-002
   16.0000000000000       6.741573033707865E-002  0.383638238441528     
  7.034684904738642E-002
   16.0000000000000       6.741573033707865E-002  0.383638238441528     
  7.034684904738642E-002
   16.1000000000000       6.741573033707865E-002  0.383482512489293     
  7.083536883243771E-002
   16.1000000000000       6.741573033707865E-002  0.383482512489293     
  7.083536883243771E-002
   16.2000000000000       6.790425012212994E-002  0.383531312517841     
  7.083536883243771E-002
   16.2000000000000       6.790425012212994E-002  0.383531312517841     
  7.083536883243771E-002
   16.3000000000000       6.790425012212994E-002  0.383198111649890     
  7.132388861748901E-002
   16.3000000000000       6.790425012212994E-002  0.383198111649890     
  7.132388861748901E-002
   16.4000000000000       6.790425012212994E-002  0.383324555618658     
  7.132388861748901E-002
   16.4000000000000       6.790425012212994E-002  0.383324555618658     
  7.132388861748901E-002
   16.5000000000000       6.839276990718124E-002  0.382987313878068     
  7.181240840254030E-002
   16.5000000000000       6.839276990718124E-002  0.382987313878068     
  7.181240840254030E-002
   16.6000000000000       6.839276990718124E-002  0.383044905913643     
  7.181240840254030E-002
   16.6000000000000       6.839276990718124E-002  0.383044905913643     
  7.181240840254030E-002
   16.7000000000000       6.888128969223253E-002  0.382918216034190     
  7.181240840254030E-002
   16.7000000000000       6.888128969223253E-002  0.382918216034190     
  7.181240840254030E-002
   16.8000000000000       6.888128969223253E-002  0.382759931171167     
  7.230092818759160E-002
   16.8000000000000       6.888128969223253E-002  0.382759931171167     
  7.230092818759160E-002
   16.9000000000000       6.936980947728383E-002  0.382850962940021     
  7.230092818759160E-002
   16.9000000000000       6.936980947728383E-002  0.382850962940021     
  7.230092818759160E-002
   17.0000000000000       6.936980947728383E-002  0.382516401563116     
  7.278944797264289E-002
   17.0000000000000       6.936980947728383E-002  0.382516401563116     
  7.278944797264289E-002
   17.1000000000000       6.936980947728383E-002  0.382625481560667     
  7.278944797264289E-002
   17.1000000000000       6.936980947728383E-002  0.382625481560667     
  7.278944797264289E-002
   17.2000000000000       6.985832926233512E-002  0.382347161564498     
  7.327796775769418E-002
   17.2000000000000       6.985832926233512E-002  0.382347161564498     
  7.327796775769418E-002
   17.3000000000000       6.985832926233512E-002  0.382381519621347     
  7.327796775769418E-002
   17.3000000000000       6.985832926233512E-002  0.382381519621347     
  7.327796775769418E-002
   17.4000000000000       7.034684904738642E-002  0.382317753091918     
  7.327796775769418E-002
   17.4000000000000       7.034684904738642E-002  0.382317753091918     
  7.327796775769418E-002
   17.5000000000000       7.034684904738642E-002  0.382134183533061     
  7.376648754274548E-002
   17.5000000000000       7.034684904738642E-002  0.382134183533061     
  7.376648754274548E-002
   17.6000000000000       7.083536883243771E-002  0.382267770356830     
  7.376648754274548E-002
   17.6000000000000       7.083536883243771E-002  0.382267770356830     
  7.376648754274548E-002
   17.7000000000000       7.083536883243771E-002  0.381929503303887     
  7.425500732779677E-002
   17.7000000000000       7.083536883243771E-002  0.381929503303887     
  7.425500732779677E-002
   17.8000000000000       7.083536883243771E-002  0.382025397534167     
  7.425500732779677E-002
   17.8000000000000       7.083536883243771E-002  0.382025397534167     
  7.425500732779677E-002
   17.9000000000000       7.132388861748901E-002  0.381807145289525     
  7.474352711284807E-002
   17.9000000000000       7.132388861748901E-002  0.381807145289525     
  7.474352711284807E-002
   18.0000000000000       7.132388861748901E-002  0.381805786844475     
  7.474352711284807E-002
   18.0000000000000       7.132388861748901E-002  0.381805786844475     
  7.474352711284807E-002
   18.1000000000000       7.181240840254030E-002  0.381819647836772     
  7.474352711284807E-002
   18.1000000000000       7.181240840254030E-002  0.381819647836772     
  7.474352711284807E-002
   18.2000000000000       7.181240840254030E-002  0.381594565277866     
  7.523204689789936E-002
   18.2000000000000       7.181240840254030E-002  0.381594565277866     
  7.523204689789936E-002
   18.3000000000000       7.230092818759160E-002  0.381761399276838     
  7.523204689789936E-002
   18.3000000000000       7.230092818759160E-002  0.381761399276838     
  7.523204689789936E-002
   18.4000000000000       7.230092818759160E-002  0.381427876361880     
  7.572056668295066E-002
   18.4000000000000       7.230092818759160E-002  0.381427876361880     
  7.572056668295066E-002
   18.5000000000000       7.230092818759160E-002  0.381507952691099     
  7.572056668295066E-002
   18.5000000000000       7.230092818759160E-002  0.381507952691099     
  7.572056668295066E-002
   18.6000000000000       7.278944797264289E-002  0.381358487793994     
  7.620908646800195E-002
   18.6000000000000       7.278944797264289E-002  0.381358487793994     
  7.620908646800195E-002
   18.7000000000000       7.278944797264289E-002  0.381307676990013     
  7.620908646800195E-002
   18.7000000000000       7.278944797264289E-002  0.381307676990013     
  7.620908646800195E-002
   18.8000000000000       7.327796775769418E-002  0.381406602639937     
  7.620908646800195E-002
   18.8000000000000       7.327796775769418E-002  0.381406602639937     
  7.620908646800195E-002
   18.9000000000000       7.327796775769418E-002  0.381131633190601     
  7.669760625305325E-002
   18.9000000000000       7.327796775769418E-002  0.381131633190601     
  7.669760625305325E-002
   19.0000000000000       7.376648754274548E-002  0.381308092142137     
  7.669760625305325E-002
   19.0000000000000       7.376648754274548E-002  0.381308092142137     
  7.669760625305325E-002
   19.1000000000000       7.376648754274548E-002  0.381004380714156     
  7.718612603810454E-002
   19.1000000000000       7.376648754274548E-002  0.381004380714156     
  7.718612603810454E-002
   19.2000000000000       7.376648754274548E-002  0.381058319717076     
  7.718612603810454E-002
   19.2000000000000       7.376648754274548E-002  0.381058319717076     
  7.718612603810454E-002
   19.3000000000000       7.425500732779677E-002  0.380994034082094     
  7.767464582315584E-002
   19.3000000000000       7.425500732779677E-002  0.380994034082094     
  7.767464582315584E-002
   19.4000000000000       7.425500732779677E-002  0.380879081997947     
  7.767464582315584E-002
   19.4000000000000       7.425500732779677E-002  0.380879081997947     
  7.767464582315584E-002
   19.5000000000000       7.474352711284807E-002  0.381057518535578     
  7.767464582315584E-002
   19.5000000000000       7.474352711284807E-002  0.381057518535578     
  7.767464582315584E-002
   19.6000000000000       7.474352711284807E-002  0.380737069395608     
  7.816316560820713E-002
   19.6000000000000       7.474352711284807E-002  0.380737069395608     
  7.816316560820713E-002
   19.7000000000000       7.523204689789936E-002  0.380884428381727     
  7.816316560820713E-002
   19.7000000000000       7.523204689789936E-002  0.380884428381727     
  7.816316560820713E-002
   19.8000000000000       7.523204689789936E-002  0.380654876512923     
  7.865168539325842E-002
   19.8000000000000       7.523204689789936E-002  0.380654876512923     
  7.865168539325842E-002
   19.9000000000000       7.523204689789936E-002  0.380666049322406     
  7.865168539325842E-002
   19.9000000000000       7.523204689789936E-002  0.380666049322406     
  7.865168539325842E-002
   20.0000000000000       7.572056668295066E-002  0.380704675062025     
  7.865168539325842E-002
   20.0000000000000       7.572056668295066E-002  0.380704675062025     
  7.865168539325842E-002
   20.1000000000000       7.572056668295066E-002  0.380513367495263     
  7.914020517830972E-002
   20.1000000000000       7.572056668295066E-002  0.380513367495263     
  7.914020517830972E-002
   20.2000000000000       7.620908646800195E-002  0.380745504860132     
  7.914020517830972E-002
   20.2000000000000       7.620908646800195E-002  0.380745504860132     
  7.914020517830972E-002
   20.3000000000000       7.620908646800195E-002  0.380404414016466     
  7.962872496336101E-002
   20.3000000000000       7.620908646800195E-002  0.380404414016466     
  7.962872496336101E-002
   20.4000000000000       7.669760625305325E-002  0.380472716243331     
  7.962872496336101E-002
   20.4000000000000       7.669760625305325E-002  0.380472716243331     
  7.962872496336101E-002
   20.5000000000000       7.669760625305325E-002  0.380377647957380     
  8.011724474841231E-002
   20.5000000000000       7.669760625305325E-002  0.380377647957380     
  8.011724474841231E-002
   20.6000000000000       7.669760625305325E-002  0.380325780330482     
  8.011724474841231E-002
   20.6000000000000       7.669760625305325E-002  0.380325780330482     
  8.011724474841231E-002
   20.7000000000000       7.718612603810454E-002  0.380474151534189     
  8.011724474841231E-002
   20.7000000000000       7.718612603810454E-002  0.380474151534189     
  8.011724474841231E-002
   20.8000000000000       7.718612603810454E-002  0.380204144115354     
  8.060576453346360E-002
   20.8000000000000       7.718612603810454E-002  0.380204144115354     
  8.060576453346360E-002
   20.9000000000000       7.767464582315584E-002  0.380440870981989     
  8.060576453346360E-002
   20.9000000000000       7.767464582315584E-002  0.380440870981989     
  8.060576453346360E-002
   21.0000000000000       7.767464582315584E-002  0.380130839992660     
  8.109428431851490E-002
   21.0000000000000       7.767464582315584E-002  0.380130839992660     
  8.109428431851490E-002
   21.1000000000000       7.767464582315584E-002  0.380163165963832     
  8.109428431851490E-002
   21.1000000000000       7.767464582315584E-002  0.380163165963832     
  8.109428431851490E-002
   21.2000000000000       7.816316560820713E-002  0.380169907491330     
  8.158280410356619E-002
   21.2000000000000       7.816316560820713E-002  0.380169907491330     
  8.158280410356619E-002
   21.3000000000000       7.816316560820713E-002  0.380035344558862     
  8.158280410356619E-002
   21.3000000000000       7.816316560820713E-002  0.380035344558862     
  8.158280410356619E-002
   21.4000000000000       7.865168539325842E-002  0.380274736035742     
  8.158280410356619E-002
   21.4000000000000       7.865168539325842E-002  0.380274736035742     
  8.158280410356619E-002
   21.5000000000000       7.865168539325842E-002  0.379945195992162     
  8.207132388861749E-002
   21.5000000000000       7.865168539325842E-002  0.379945195992162     
  8.207132388861749E-002
   21.6000000000000       7.914020517830972E-002  0.380120235692495     
  8.207132388861749E-002
   21.6000000000000       7.914020517830972E-002  0.380120235692495     
  8.207132388861749E-002
   21.7000000000000       7.914020517830972E-002  0.379918015581559     
  8.255984367366878E-002
   21.7000000000000       7.914020517830972E-002  0.379918015581559     
  8.255984367366878E-002
   21.8000000000000       7.914020517830972E-002  0.379896784830045     
  8.255984367366878E-002
   21.8000000000000       7.914020517830972E-002  0.379896784830045     
  8.255984367366878E-002
   21.9000000000000       7.962872496336101E-002  0.380020567721004     
  8.255984367366878E-002
   21.9000000000000       7.962872496336101E-002  0.380020567721004     
  8.255984367366878E-002
   22.0000000000000       7.962872496336101E-002  0.379792230778526     
  8.304836345872008E-002
   22.0000000000000       7.962872496336101E-002  0.379792230778526     
  8.304836345872008E-002
   22.1000000000000       8.011724474841231E-002  0.380069762327635     
  8.304836345872008E-002
   22.1000000000000       8.011724474841231E-002  0.380069762327635     
  8.304836345872008E-002
   22.2000000000000       8.011724474841231E-002  0.379733357928558     
  8.353688324377137E-002
   22.2000000000000       8.011724474841231E-002  0.379733357928558     
  8.353688324377137E-002
   22.3000000000000       8.060576453346360E-002  0.379776294012071     
  8.353688324377137E-002
   22.3000000000000       8.060576453346360E-002  0.379776294012071     
  8.353688324377137E-002
   22.4000000000000       8.060576453346360E-002  0.379768606784636     
  8.402540302882266E-002
   22.4000000000000       8.060576453346360E-002  0.379768606784636     
  8.402540302882266E-002
   22.5000000000000       8.060576453346360E-002  0.379666117894338     
  8.402540302882266E-002
   22.5000000000000       8.060576453346360E-002  0.379666117894338     
  8.402540302882266E-002
   22.6000000000000       8.109428431851490E-002  0.379902346521728     
  8.402540302882266E-002
   22.6000000000000       8.109428431851490E-002  0.379902346521728     
  8.402540302882266E-002
   22.7000000000000       8.109428431851490E-002  0.379591553649289     
  8.451392281387396E-002
   22.7000000000000       8.109428431851490E-002  0.379591553649289     
  8.451392281387396E-002
   22.8000000000000       8.158280410356619E-002  0.379827186479646     
  8.451392281387396E-002
   22.8000000000000       8.158280410356619E-002  0.379827186479646     
  8.451392281387396E-002
   22.9000000000000       8.158280410356619E-002  0.379571868053707     
  8.500244259892525E-002
   22.9000000000000       8.158280410356619E-002  0.379571868053707     
  8.500244259892525E-002
   23.0000000000000       8.158280410356619E-002  0.379563521499397     
  8.500244259892525E-002
   23.0000000000000       8.158280410356619E-002  0.379563521499397     
  8.500244259892525E-002
   23.1000000000000       8.207132388861749E-002  0.379676836000174     
  8.500244259892525E-002
   23.1000000000000       8.207132388861749E-002  0.379676836000174     
  8.500244259892525E-002
   23.2000000000000       8.207132388861749E-002  0.379474372034572     
  8.549096238397655E-002
   23.2000000000000       8.207132388861749E-002  0.379474372034572     
  8.549096238397655E-002
   23.3000000000000       8.255984367366878E-002  0.379772366049515     
  8.549096238397655E-002
   23.3000000000000       8.255984367366878E-002  0.379772366049515     
  8.549096238397655E-002
   23.4000000000000       8.255984367366878E-002  0.379429466632022     
  8.597948216902784E-002
   23.4000000000000       8.255984367366878E-002  0.379429466632022     
  8.597948216902784E-002
   23.5000000000000       8.304836345872008E-002  0.379536693855530     
  8.597948216902784E-002
   23.5000000000000       8.304836345872008E-002  0.379536693855530     
  8.597948216902784E-002
   23.6000000000000       8.304836345872008E-002  0.379467599418791     
  8.646800195407914E-002
   23.6000000000000       8.304836345872008E-002  0.379467599418791     
  8.646800195407914E-002
   23.7000000000000       8.304836345872008E-002  0.379380703387196     
  8.646800195407914E-002
   23.7000000000000       8.304836345872008E-002  0.379380703387196     
  8.646800195407914E-002
   23.8000000000000       8.353688324377137E-002  0.379616767922989     
  8.646800195407914E-002
   23.8000000000000       8.353688324377137E-002  0.379616767922989     
  8.646800195407914E-002
   23.9000000000000       8.353688324377137E-002  0.379319258810756     
  8.695652173913043E-002
   23.9000000000000       8.353688324377137E-002  0.379319258810756     
  8.695652173913043E-002
   24.0000000000000       8.402540302882266E-002  0.379589518227619     
  8.695652173913043E-002
   24.0000000000000       8.402540302882266E-002  0.379589518227619     
  8.695652173913043E-002
   24.1000000000000       8.402540302882266E-002  0.379309615505817     
  8.744504152418173E-002
   24.1000000000000       8.402540302882266E-002  0.379309615505817     
  8.744504152418173E-002
   24.2000000000000       8.402540302882266E-002  0.379304903067999     
  8.744504152418173E-002
   24.2000000000000       8.402540302882266E-002  0.379304903067999     
  8.744504152418173E-002
   24.3000000000000       8.451392281387396E-002  0.379419224863145     
  8.793356130923302E-002
   24.3000000000000       8.451392281387396E-002  0.379419224863145     
  8.793356130923302E-002
   24.4000000000000       8.451392281387396E-002  0.379229299536160     
  8.793356130923302E-002
   24.4000000000000       8.451392281387396E-002  0.379229299536160     
  8.793356130923302E-002
   24.5000000000000       8.500244259892525E-002  0.379540602978599     
  8.793356130923302E-002
   24.5000000000000       8.500244259892525E-002  0.379540602978599     
  8.793356130923302E-002
   24.6000000000000       8.500244259892525E-002  0.379196745785025     
  8.842208109428432E-002
   24.6000000000000       8.500244259892525E-002  0.379196745785025     
  8.842208109428432E-002
   24.7000000000000       8.549096238397655E-002  0.379339517570740     
  8.842208109428432E-002
   24.7000000000000       8.549096238397655E-002  0.379339517570740     
  8.842208109428432E-002
   24.8000000000000       8.549096238397655E-002  0.379241823971302     
  8.891060087933561E-002
   24.8000000000000       8.549096238397655E-002  0.379241823971302     
  8.891060087933561E-002
   24.9000000000000       8.549096238397655E-002  0.379159945982409     
  8.891060087933561E-002
   24.9000000000000       8.549096238397655E-002  0.379159945982409     
  8.891060087933561E-002
   25.0000000000000       8.597948216902784E-002  0.379401719240717     
  8.891060087933561E-002
   25.0000000000000       8.597948216902784E-002  0.379401719240717     
  8.891060087933561E-002
   25.1000000000000       8.597948216902784E-002  0.379109914619940     
  8.939912066438691E-002
   25.1000000000000       8.597948216902784E-002  0.379109914619940     
  8.939912066438691E-002
   25.2000000000000       8.646800195407914E-002  0.379399692571772     
  8.939912066438691E-002
   25.2000000000000       8.646800195407914E-002  0.379399692571772     
  8.939912066438691E-002
   25.3000000000000       8.646800195407914E-002  0.379110704738600     
  8.988764044943820E-002
   25.3000000000000       8.646800195407914E-002  0.379110704738600     
  8.988764044943820E-002
   25.4000000000000       8.646800195407914E-002  0.379104644578221     
  8.988764044943820E-002
   25.4000000000000       8.646800195407914E-002  0.379104644578221     
  8.988764044943820E-002
   25.5000000000000       8.695652173913043E-002  0.379227781710690     
  9.037616023448949E-002
   25.5000000000000       8.695652173913043E-002  0.379227781710690     
  9.037616023448949E-002
   25.6000000000000       8.695652173913043E-002  0.379040438741496     
  9.037616023448949E-002
   25.6000000000000       8.695652173913043E-002  0.379040438741496     
  9.037616023448949E-002
   25.7000000000000       8.744504152418173E-002  0.379362912336879     
  9.037616023448949E-002
   25.7000000000000       8.744504152418173E-002  0.379362912336879     
  9.037616023448949E-002
   25.8000000000000       8.744504152418173E-002  0.379018751707379     
  9.086468001954079E-002
   25.8000000000000       8.744504152418173E-002  0.379018751707379     
  9.086468001954079E-002
   25.9000000000000       8.793356130923302E-002  0.379177144118651     
  9.086468001954079E-002
   25.9000000000000       8.793356130923302E-002  0.379177144118651     
  9.086468001954079E-002
   26.0000000000000       8.793356130923302E-002  0.379073108716060     
  9.135319980459208E-002
   26.0000000000000       8.793356130923302E-002  0.379073108716060     
  9.135319980459208E-002
   26.1000000000000       8.793356130923302E-002  0.378989154671664     
  9.135319980459208E-002
   26.1000000000000       8.793356130923302E-002  0.378989154671664     
  9.135319980459208E-002
   26.2000000000000       8.842208109428432E-002  0.379241971086484     
  9.135319980459208E-002
   26.2000000000000       8.842208109428432E-002  0.379241971086484     
  9.135319980459208E-002
   26.3000000000000       8.842208109428432E-002  0.378949272142044     
  9.184171958964338E-002
   26.3000000000000       8.842208109428432E-002  0.378949272142044     
  9.184171958964338E-002
   26.4000000000000       8.891060087933561E-002  0.379248690756203     
  9.184171958964338E-002
   26.4000000000000       8.891060087933561E-002  0.379248690756203     
  9.184171958964338E-002
   26.5000000000000       8.891060087933561E-002  0.378960276672246     
  9.233023937469467E-002
   26.5000000000000       8.891060087933561E-002  0.378960276672246     
  9.233023937469467E-002
   26.6000000000000       8.891060087933561E-002  0.378949786545810     
  9.233023937469467E-002
   26.6000000000000       8.891060087933561E-002  0.378949786545810     
  9.233023937469467E-002
   26.7000000000000       8.939912066438691E-002  0.379087089752093     
  9.281875915974597E-002
   26.7000000000000       8.939912066438691E-002  0.379087089752093     
  9.281875915974597E-002
   26.8000000000000       8.939912066438691E-002  0.378895004397273     
  9.281875915974597E-002
   26.8000000000000       8.939912066438691E-002  0.378895004397273     
  9.281875915974597E-002
   26.9000000000000       8.988764044943820E-002  0.379227726873098     
  9.281875915974597E-002
   26.9000000000000       8.988764044943820E-002  0.379227726873098     
  9.281875915974597E-002
   27.0000000000000       8.988764044943820E-002  0.378883020205624     
  9.330727894479726E-002
   27.0000000000000       8.988764044943820E-002  0.378883020205624     
  9.330727894479726E-002
   27.1000000000000       9.037616023448949E-002  0.379042177891823     
  9.330727894479726E-002
   27.1000000000000       9.037616023448949E-002  0.379042177891823     
  9.330727894479726E-002
   27.2000000000000       9.037616023448949E-002  0.378948176962563     
  9.379579872984856E-002
   27.2000000000000       9.037616023448949E-002  0.378948176962563     
  9.379579872984856E-002
   27.3000000000000       9.037616023448949E-002  0.378856991962953     
  9.379579872984856E-002
   27.3000000000000       9.037616023448949E-002  0.378856991962953     
  9.379579872984856E-002
   27.4000000000000       9.086468001954079E-002  0.379124814984676     
  9.379579872984856E-002
   27.4000000000000       9.086468001954079E-002  0.379124814984676     
  9.379579872984856E-002
   27.5000000000000       9.086468001954079E-002  0.378826299062083     
  9.428431851489985E-002
   27.5000000000000       9.086468001954079E-002  0.378826299062083     
  9.428431851489985E-002
   27.6000000000000       9.135319980459208E-002  0.379127678900602     
  9.428431851489985E-002
   27.6000000000000       9.135319980459208E-002  0.379127678900602     
  9.428431851489985E-002
   27.7000000000000       9.135319980459208E-002  0.378847302566451     
  9.477283829995115E-002
   27.7000000000000       9.135319980459208E-002  0.378847302566451     
  9.477283829995115E-002
   27.8000000000000       9.135319980459208E-002  0.378829990281343     
  9.477283829995115E-002
   27.8000000000000       9.135319980459208E-002  0.378829990281343     
  9.477283829995115E-002
   27.9000000000000       9.184171958964338E-002  0.378985430382124     
  9.526135808500244E-002
   27.9000000000000       9.184171958964338E-002  0.378985430382124     
  9.526135808500244E-002
   28.0000000000000       9.184171958964338E-002  0.378783163568963     
  9.526135808500244E-002
   28.0000000000000       9.184171958964338E-002  0.378783163568963     
  9.526135808500244E-002
   28.1000000000000       9.233023937469467E-002  0.379124815702161     
  9.526135808500244E-002
   28.1000000000000       9.233023937469467E-002  0.379124815702161     
  9.526135808500244E-002
   28.2000000000000       9.233023937469467E-002  0.378780010828677     
  9.574987787005373E-002
   28.2000000000000       9.233023937469467E-002  0.378780010828677     
  9.574987787005373E-002
   28.3000000000000       9.281875915974597E-002  0.378928011068554     
  9.574987787005373E-002
   28.3000000000000       9.281875915974597E-002  0.378928011068554     
  9.574987787005373E-002
   28.4000000000000       9.281875915974597E-002  0.378857182154795     
  9.623839765510503E-002
   28.4000000000000       9.281875915974597E-002  0.378857182154795     
  9.623839765510503E-002
   28.5000000000000       9.281875915974597E-002  0.378754703039522     
  9.623839765510503E-002
   28.5000000000000       9.281875915974597E-002  0.378754703039522     
  9.623839765510503E-002
   28.6000000000000       9.330727894479726E-002  0.379040007920762     
  9.623839765510503E-002
   28.6000000000000       9.330727894479726E-002  0.379040007920762     
  9.623839765510503E-002
   28.7000000000000       9.330727894479726E-002  0.378732472424902     
  9.672691744015632E-002
   28.7000000000000       9.330727894479726E-002  0.378732472424902     
  9.672691744015632E-002
   28.8000000000000       9.379579872984856E-002  0.379028855597956     
  9.672691744015632E-002
   28.8000000000000       9.379579872984856E-002  0.379028855597956     
  9.672691744015632E-002
   28.9000000000000       9.379579872984856E-002  0.378763495421450     
  9.721543722520762E-002
   28.9000000000000       9.379579872984856E-002  0.378763495421450     
  9.721543722520762E-002
   29.0000000000000       9.379579872984856E-002  0.378737111360559     
  9.721543722520762E-002
   29.0000000000000       9.379579872984856E-002  0.378737111360559     
  9.721543722520762E-002
   29.1000000000000       9.428431851489985E-002  0.378913836950112     
  9.721543722520762E-002
   29.1000000000000       9.428431851489985E-002  0.378913836950112     
  9.721543722520762E-002
   29.2000000000000       9.428431851489985E-002  0.378697354264257     
  9.770395701025891E-002
   29.2000000000000       9.428431851489985E-002  0.378697354264257     
  9.770395701025891E-002
   29.3000000000000       9.477283829995115E-002  0.379045593894684     
  9.770395701025891E-002
   29.3000000000000       9.477283829995115E-002  0.379045593894684     
  9.770395701025891E-002
   29.4000000000000       9.477283829995115E-002  0.378702419872928     
  9.819247679531021E-002
   29.4000000000000       9.477283829995115E-002  0.378702419872928     
  9.819247679531021E-002
   29.5000000000000       9.526135808500244E-002  0.378829137367007     
  9.819247679531021E-002
   29.5000000000000       9.526135808500244E-002  0.378829137367007     
  9.819247679531021E-002
   29.6000000000000       9.526135808500244E-002  0.378792718315053     
  9.868099658036150E-002
   29.6000000000000       9.526135808500244E-002  0.378792718315053     
  9.868099658036150E-002
   29.7000000000000       9.526135808500244E-002  0.378675552405620     
  9.868099658036150E-002
   29.7000000000000       9.526135808500244E-002  0.378675552405620     
  9.868099658036150E-002
   29.8000000000000       9.574987787005373E-002  0.378979337233227     
  9.868099658036150E-002
   29.8000000000000       9.574987787005373E-002  0.378979337233227     
  9.868099658036150E-002
   29.9000000000000       9.574987787005373E-002  0.378661218852076     
  9.916951636541280E-002
   29.9000000000000       9.574987787005373E-002  0.378661218852076     
  9.916951636541280E-002
   30.0000000000000       9.623839765510503E-002  0.378945750489856     
  9.916951636541280E-002
   30.0000000000000       9.623839765510503E-002  0.378945750489856     
  9.916951636541280E-002
   30.1000000000000       9.623839765510503E-002  0.378702600957767     
  9.965803615046409E-002
   30.1000000000000       9.623839765510503E-002  0.378702600957767     
  9.965803615046409E-002
   30.2000000000000       9.623839765510503E-002  0.378664843975381     
  9.965803615046409E-002
   30.2000000000000       9.623839765510503E-002  0.378664843975381     
  9.965803615046409E-002
   30.3000000000000       9.672691744015632E-002  0.378865336781377     
  9.965803615046409E-002
   30.3000000000000       9.672691744015632E-002  0.378865336781377     
  9.965803615046409E-002
   30.4000000000000       9.672691744015632E-002  0.378631753478907     
  0.100146555935515     
   30.4000000000000       9.672691744015632E-002  0.378631753478907     
  0.100146555935515     
   30.5000000000000       9.721543722520762E-002  0.378983047824285     
  0.100146555935515     
   30.5000000000000       9.721543722520762E-002  0.378983047824285     
  0.100146555935515     
   30.6000000000000       9.721543722520762E-002  0.378644679786438     
  0.100635075720567     
   30.6000000000000       9.721543722520762E-002  0.378644679786438     
  0.100635075720567     
   30.7000000000000       9.770395701025891E-002  0.378741222450155     
  0.100635075720567     
   30.7000000000000       9.770395701025891E-002  0.378741222450155     
  0.100635075720567     
   30.8000000000000       9.770395701025891E-002  0.378749134721911     
  0.101123595505618     
   30.8000000000000       9.770395701025891E-002  0.378749134721911     
  0.101123595505618     
   30.9000000000000       9.770395701025891E-002  0.378614379953499     
  0.101123595505618     
   30.9000000000000       9.770395701025891E-002  0.378614379953499     
  0.101123595505618     
   31.0000000000000       9.819247679531021E-002  0.378936180522814     
  0.101123595505618     
   31.0000000000000       9.819247679531021E-002  0.378936180522814     
  0.101123595505618     
   31.1000000000000       9.819247679531021E-002  0.378607480105583     
  0.101612115290669     
   31.1000000000000       9.819247679531021E-002  0.378607480105583     
  0.101612115290669     
   31.2000000000000       9.868099658036150E-002  0.378873241054745     
  0.101612115290669     
   31.2000000000000       9.868099658036150E-002  0.378873241054745     
  0.101612115290669     
   31.3000000000000       9.868099658036150E-002  0.378659891015581     
  0.102100635075721     
   31.3000000000000       9.868099658036150E-002  0.378659891015581     
  0.102100635075721     
   31.4000000000000       9.868099658036150E-002  0.378608386428469     
  0.102100635075721     
   31.4000000000000       9.868099658036150E-002  0.378608386428469     
  0.102100635075721     
   31.5000000000000       9.916951636541280E-002  0.378834390881303     
  0.102100635075721     
   31.5000000000000       9.916951636541280E-002  0.378834390881303     
  0.102100635075721     
   31.6000000000000       9.916951636541280E-002  0.378581867194130     
  0.102589154860772     
   31.6000000000000       9.916951636541280E-002  0.378581867194130     
  0.102589154860772     
   31.7000000000000       9.965803615046409E-002  0.378931556339504     
  0.102589154860772     
   31.7000000000000       9.965803615046409E-002  0.378931556339504     
  0.102589154860772     
   31.8000000000000       9.965803615046409E-002  0.378602576124683     
  0.103077674645823     
   31.8000000000000       9.965803615046409E-002  0.378602576124683     
  0.103077674645823     
   31.9000000000000       0.100146555935515       0.378661019964972     
  0.103077674645823     
   31.9000000000000       0.100146555935515       0.378661019964972     
  0.103077674645823     
   32.0000000000000       0.100146555935515       0.378722042423256     
  0.103566194430874     
   32.0000000000000       0.100146555935515       0.378722042423256     
  0.103566194430874     
   32.1000000000000       0.100146555935515       0.378567239781525     
  0.103566194430874     
   32.1000000000000       0.100146555935515       0.378567239781525     
  0.103566194430874     
   32.2000000000000       0.100635075720567       0.378905157000452     
  0.103566194430874     
   32.2000000000000       0.100635075720567       0.378905157000452     
  0.103566194430874     
   32.3000000000000       0.100635075720567       0.378567381712414     
  0.104054714215926     
   32.3000000000000       0.100635075720567       0.378567381712414     
  0.104054714215926     
   32.4000000000000       0.101123595505618       0.378807441156256     
  0.104054714215926     
   32.4000000000000       0.101123595505618       0.378807441156256     
  0.104054714215926     
   32.5000000000000       0.101123595505618       0.378631779773832     
  0.104543234000977     
   32.5000000000000       0.101123595505618       0.378631779773832     
  0.104543234000977     
   32.6000000000000       0.101123595505618       0.378564130993079     
  0.104543234000977     
   32.6000000000000       0.101123595505618       0.378564130993079     
  0.104543234000977     
   32.7000000000000       0.101612115290669       0.378816492258263     
  0.104543234000977     
   32.7000000000000       0.101612115290669       0.378816492258263     
  0.104543234000977     
   32.8000000000000       0.101612115290669       0.378544218624665     
  0.105031753786028     
   32.8000000000000       0.101612115290669       0.378544218624665     
  0.105031753786028     
   32.9000000000000       0.102100635075721       0.378886706885573     
  0.105031753786028     
   32.9000000000000       0.102100635075721       0.378886706885573     
  0.105031753786028     
   33.0000000000000       0.102100635075721       0.378572946406247     
  0.105520273571080     
   33.0000000000000       0.102100635075721       0.378572946406247     
  0.105520273571080     
   33.1000000000000       0.102589154860772       0.378586210447749     
  0.105520273571080     
   33.1000000000000       0.102589154860772       0.378586210447749     
  0.105520273571080     
   33.2000000000000       0.102589154860772       0.378707949605865     
  0.106008793356131     
   33.2000000000000       0.102589154860772       0.378707949605865     
  0.106008793356131     
   33.3000000000000       0.102589154860772       0.378531108106960     
  0.106008793356131     
   33.3000000000000       0.102589154860772       0.378531108106960     
  0.106008793356131     
   33.4000000000000       0.103077674645823       0.378881877270531     
  0.106008793356131     
   33.4000000000000       0.103077674645823       0.378881877270531     
  0.106008793356131     
   33.5000000000000       0.103077674645823       0.378537981316147     
  0.106497313141182     
   33.5000000000000       0.103077674645823       0.378537981316147     
  0.106497313141182     
   33.6000000000000       0.103566194430874       0.378745536289167     
  0.106497313141182     
   33.6000000000000       0.103566194430874       0.378745536289167     
  0.106497313141182     
   33.7000000000000       0.103566194430874       0.378615523750290     
  0.106985832926234     
   33.7000000000000       0.103566194430874       0.378615523750290     
  0.106985832926234     
   33.8000000000000       0.103566194430874       0.378529389948000     
  0.106985832926234     
   33.8000000000000       0.103566194430874       0.378529389948000     
  0.106985832926234     
   33.9000000000000       0.104054714215926       0.378807885855110     
  0.106985832926234     
   33.9000000000000       0.104054714215926       0.378807885855110     
  0.106985832926234     
   34.0000000000000       0.104054714215926       0.378516115668032     
  0.107474352711285     
   34.0000000000000       0.104054714215926       0.378516115668032     
  0.107474352711285     
   34.1000000000000       0.104543234000977       0.378845131383739     
  0.107474352711285     
   34.1000000000000       0.104543234000977       0.378845131383739     
  0.107474352711285     
   34.2000000000000       0.104543234000977       0.378553438201310     
  0.107962872496336     
   34.2000000000000       0.104543234000977       0.378553438201310     
  0.107962872496336     
   34.3000000000000       0.104543234000977       0.378533268249434     
  0.107962872496336     
   34.3000000000000       0.104543234000977       0.378533268249434     
  0.107962872496336     
   34.4000000000000       0.105031753786028       0.378703990429741     
  0.108451392281387     
   34.4000000000000       0.105031753786028       0.378703990429741     
  0.108451392281387     
   34.5000000000000       0.105031753786028       0.378503653069342     
  0.108451392281387     
   34.5000000000000       0.105031753786028       0.378503653069342     
  0.108451392281387     
   34.6000000000000       0.105520273571080       0.378862773104486     
  0.108451392281387     
   34.6000000000000       0.105520273571080       0.378862773104486     
  0.108451392281387     
   34.7000000000000       0.105520273571080       0.378517075297217     
  0.108939912066439     
   34.7000000000000       0.105520273571080       0.378517075297217     
  0.108939912066439     
   34.8000000000000       0.106008793356131       0.378685601136007     
  0.108939912066439     
   34.8000000000000       0.106008793356131       0.378685601136007     
  0.108939912066439     
   34.9000000000000       0.106008793356131       0.378608984168415     
  0.109428431851490     
   34.9000000000000       0.106008793356131       0.378608984168415     
  0.109428431851490     
   35.0000000000000       0.106008793356131       0.378502165034646     
  0.109428431851490     
   35.0000000000000       0.106008793356131       0.378502165034646     
  0.109428431851490     
   35.1000000000000       0.106497313141182       0.378805381249987     
  0.109428431851490     
   35.1000000000000       0.106497313141182       0.378805381249987     
  0.109428431851490     
   35.2000000000000       0.106497313141182       0.378495480835814     
  0.109916951636541     
   35.2000000000000       0.106497313141182       0.378495480835814     
  0.109916951636541     
   35.3000000000000       0.106985832926234       0.378804360750938     
  0.109916951636541     
   35.3000000000000       0.106985832926234       0.378804360750938     
  0.109916951636541     
   35.4000000000000       0.106985832926234       0.378542311461663     
  0.110405471421593     
   35.4000000000000       0.106985832926234       0.378542311461663     
  0.110405471421593     
   35.5000000000000       0.106985832926234       0.378508372142854     
  0.110405471421593     
   35.5000000000000       0.106985832926234       0.378508372142854     
  0.110405471421593     
   35.6000000000000       0.107474352711285       0.378707726235842     
  0.110405471421593     
   35.6000000000000       0.107474352711285       0.378707726235842     
  0.110405471421593     
   35.7000000000000       0.107474352711285       0.378483059685557     
  0.110893991206644     
   35.7000000000000       0.107474352711285       0.378483059685557     
  0.110893991206644     
   35.8000000000000       0.107962872496336       0.378844984073910     
  0.110893991206644     
   35.8000000000000       0.107962872496336       0.378844984073910     
  0.110893991206644     
   35.9000000000000       0.107962872496336       0.378503045976474     
  0.111382510991695     
   35.9000000000000       0.107962872496336       0.378503045976474     
  0.111382510991695     
   36.0000000000000       0.108451392281387       0.378626418022983     
  0.111382510991695     
   36.0000000000000       0.108451392281387       0.378626418022983     
  0.111382510991695     
   36.1000000000000       0.108451392281387       0.378610438522090     
  0.111871030776746     
   36.1000000000000       0.108451392281387       0.378610438522090     
  0.111871030776746     
   36.2000000000000       0.108451392281387       0.378480961491914     
  0.111871030776746     
   36.2000000000000       0.108451392281387       0.378480961491914     
  0.111871030776746     
   36.3000000000000       0.108939912066439       0.378806235418957     
  0.111871030776746     
   36.3000000000000       0.108939912066439       0.378806235418957     
  0.111871030776746     
   36.4000000000000       0.108939912066439       0.378480728193866     
  0.112359550561798     
   36.4000000000000       0.108939912066439       0.378480728193866     
  0.112359550561798     
   36.5000000000000       0.109428431851490       0.378762691060652     
  0.112359550561798     
   36.5000000000000       0.109428431851490       0.378762691060652     
  0.112359550561798     
   36.6000000000000       0.109428431851490       0.378538275316000     
  0.112848070346849     
   36.6000000000000       0.109428431851490       0.378538275316000     
  0.112848070346849     
   36.7000000000000       0.109428431851490       0.378488057147940     
  0.112848070346849     
   36.7000000000000       0.109428431851490       0.378488057147940     
  0.112848070346849     
   36.8000000000000       0.109916951636541       0.378717005410143     
  0.112848070346849     
   36.8000000000000       0.109916951636541       0.378717005410143     
  0.112848070346849     
   36.9000000000000       0.109916951636541       0.378467902365209     
  0.113336590131900     
   36.9000000000000       0.109916951636541       0.378467902365209     
  0.113336590131900     
   37.0000000000000       0.110405471421593       0.378826279772521     
  0.113336590131900     
   37.0000000000000       0.110405471421593       0.378826279772521     
  0.113336590131900     
   37.1000000000000       0.110405471421593       0.378494736265417     
  0.113825109916952     
   37.1000000000000       0.110405471421593       0.378494736265417     
  0.113825109916952     
   37.2000000000000       0.110893991206644       0.378567307567907     
  0.113825109916952     
   37.2000000000000       0.110893991206644       0.378567307567907     
  0.113825109916952     
   37.3000000000000       0.110893991206644       0.378618432540145     
  0.114313629702003     
   37.3000000000000       0.110893991206644       0.378618432540145     
  0.114313629702003     
   37.4000000000000       0.110893991206644       0.378464643686103     
  0.114313629702003     
   37.4000000000000       0.110893991206644       0.378464643686103     
  0.114313629702003     
   37.5000000000000       0.111382510991695       0.378808086877743     
  0.114313629702003     
   37.5000000000000       0.111382510991695       0.378808086877743     
  0.114313629702003     
   37.6000000000000       0.111382510991695       0.378470673235672     
  0.114802149487054     
   37.6000000000000       0.111382510991695       0.378470673235672     
  0.114802149487054     
   37.7000000000000       0.111871030776746       0.378719055953068     
  0.114802149487054     
   37.7000000000000       0.111871030776746       0.378719055953068     
  0.114802149487054     
   37.8000000000000       0.111871030776746       0.378540352928816     
  0.115290669272106     
   37.8000000000000       0.111871030776746       0.378540352928816     
  0.115290669272106     
   37.9000000000000       0.111871030776746       0.378471444535752     
  0.115290669272106     
   37.9000000000000       0.111871030776746       0.378471444535752     
  0.115290669272106     
   38.0000000000000       0.112359550561798       0.378729871850516     
  0.115290669272106     
   38.0000000000000       0.112359550561798       0.378729871850516     
  0.115290669272106     
   38.1000000000000       0.112359550561798       0.378457056624693     
  0.115779189057157     
   38.1000000000000       0.112359550561798       0.378457056624693     
  0.115779189057157     
   38.2000000000000       0.112848070346849       0.378805000316266     
  0.115779189057157     
   38.2000000000000       0.112848070346849       0.378805000316266     
  0.115779189057157     
   38.3000000000000       0.112848070346849       0.378491343117346     
  0.116267708842208     
   38.3000000000000       0.112848070346849       0.378491343117346     
  0.116267708842208     
   38.4000000000000       0.113336590131900       0.378507978912411     
  0.116267708842208     
   38.4000000000000       0.113336590131900       0.378507978912411     
  0.116267708842208     
   38.5000000000000       0.113336590131900       0.378631666556023     
  0.116756228627259     
   38.5000000000000       0.113336590131900       0.378631666556023     
  0.116756228627259     
   38.6000000000000       0.113336590131900       0.378452327494671     
  0.116756228627259     
   38.6000000000000       0.113336590131900       0.378452327494671     
  0.116756228627259     
   38.7000000000000       0.113825109916952       0.378808925298864     
  0.116756228627259     
   38.7000000000000       0.113825109916952       0.378808925298864     
  0.116756228627259     
   38.8000000000000       0.113825109916952       0.378464463704233     
  0.117244748412311     
   38.8000000000000       0.113825109916952       0.378464463704233     
  0.117244748412311     
   38.9000000000000       0.114313629702003       0.378672903511492     
  0.117244748412311     
   38.9000000000000       0.114313629702003       0.378672903511492     
  0.117244748412311     
   39.0000000000000       0.114313629702003       0.378547769899647     
  0.117733268197362     
   39.0000000000000       0.114313629702003       0.378547769899647     
  0.117733268197362     
   39.1000000000000       0.114313629702003       0.378457926324942     
  0.117733268197362     
   39.1000000000000       0.114313629702003       0.378457926324942     
  0.117733268197362     
   39.2000000000000       0.114802149487054       0.378744513606178     
  0.117733268197362     
   39.2000000000000       0.114802149487054       0.378744513606178     
  0.117733268197362     
   39.3000000000000       0.114802149487054       0.378449641170047     
  0.118221787982413     
   39.3000000000000       0.114802149487054       0.378449641170047     
  0.118221787982413     
   39.4000000000000       0.115290669272106       0.378780002370251     
  0.118221787982413     
   39.4000000000000       0.115290669272106       0.378780002370251     
  0.118221787982413     
   39.5000000000000       0.115290669272106       0.378492324835416     
  0.118710307767465     
   39.5000000000000       0.115290669272106       0.378492324835416     
  0.118710307767465     
   39.6000000000000       0.115290669272106       0.378468601929526     
  0.118710307767465     
   39.6000000000000       0.115290669272106       0.378468601929526     
  0.118710307767465     
   39.7000000000000       0.115779189057157       0.378648912253130     
  0.119198827552516     
   39.7000000000000       0.115779189057157       0.378648912253130     
  0.119198827552516     
   39.8000000000000       0.115779189057157       0.378443304193130     
  0.119198827552516     
   39.8000000000000       0.115779189057157       0.378443304193130     
  0.119198827552516     
   39.9000000000000       0.116267708842208       0.378807082958226     
  0.119198827552516     
   39.9000000000000       0.116267708842208       0.378807082958226     
  0.119198827552516     
   40.0000000000000       0.116267708842208       0.378461522120403     
  0.119687347337567     
   40.0000000000000       0.116267708842208       0.378461522120403     
  0.119687347337567     
