  0.100000000000000       0.000000000000000E+000  0.100000000000000     
  0.000000000000000E+000
  0.100000000000000       0.000000000000000E+000  0.100000000000000     
  0.000000000000000E+000
  0.200000000000000       0.000000000000000E+000  0.107782928970341     
  1.574803149606299E-002
  0.200000000000000       0.000000000000000E+000  0.107782928970341     
  1.574803149606299E-002
  0.300000000000000       0.000000000000000E+000  0.116150440390460     
  2.362204724409449E-002
  0.300000000000000       0.000000000000000E+000  0.116150440390460     
  2.362204724409449E-002
  0.400000000000000       0.000000000000000E+000  0.125142304264790     
  2.362204724409449E-002
  0.400000000000000       0.000000000000000E+000  0.125142304264790     
  2.362204724409449E-002
  0.500000000000000       0.000000000000000E+000  0.134800101273665     
  2.362204724409449E-002
  0.500000000000000       0.000000000000000E+000  0.134800101273665     
  2.362204724409449E-002
  0.600000000000000       0.000000000000000E+000  0.145167074353502     
  2.362204724409449E-002
  0.600000000000000       0.000000000000000E+000  0.145167074353502     
  2.362204724409449E-002
  0.700000000000000       0.000000000000000E+000  0.156287897952984     
  2.362204724409449E-002
  0.700000000000000       0.000000000000000E+000  0.156287897952984     
  2.362204724409449E-002
  0.800000000000000       0.000000000000000E+000  0.168208338904582     
  2.362204724409449E-002
  0.800000000000000       0.000000000000000E+000  0.168208338904582     
  2.362204724409449E-002
  0.900000000000000       0.000000000000000E+000  0.180974774481951     
  3.149606299212598E-002
  0.900000000000000       0.000000000000000E+000  0.180974774481951     
  3.149606299212598E-002
   1.00000000000000       0.000000000000000E+000  0.194633521795542     
  3.149606299212598E-002
   1.00000000000000       0.000000000000000E+000  0.194633521795542     
  3.149606299212598E-002
   1.10000000000000       0.000000000000000E+000  0.209229916901732     
  3.149606299212598E-002
   1.10000000000000       0.000000000000000E+000  0.209229916901732     
  3.149606299212598E-002
   1.20000000000000       0.000000000000000E+000  0.224807059875174     
  3.149606299212598E-002
   1.20000000000000       0.000000000000000E+000  0.224807059875174     
  3.149606299212598E-002
   1.30000000000000       0.000000000000000E+000  0.241404110510705     
  3.149606299212598E-002
   1.30000000000000       0.000000000000000E+000  0.241404110510705     
  3.149606299212598E-002
   1.40000000000000       0.000000000000000E+000  0.259053973263597     
  3.149606299212598E-002
   1.40000000000000       0.000000000000000E+000  0.259053973263597     
  3.149606299212598E-002
   1.50000000000000       0.000000000000000E+000  0.277780141130844     
  3.149606299212598E-002
   1.50000000000000       0.000000000000000E+000  0.277780141130844     
  3.149606299212598E-002
   1.60000000000000       0.000000000000000E+000  0.297592362018747     
  3.149606299212598E-002
   1.60000000000000       0.000000000000000E+000  0.297592362018747     
  3.149606299212598E-002
   1.70000000000000       0.000000000000000E+000  0.318480622602663     
  3.149606299212598E-002
   1.70000000000000       0.000000000000000E+000  0.318480622602663     
  3.149606299212598E-002
   1.80000000000000       0.000000000000000E+000  0.340406670888441     
  3.149606299212598E-002
   1.80000000000000       0.000000000000000E+000  0.340406670888441     
  3.149606299212598E-002
   1.90000000000000       0.000000000000000E+000  0.363291854033380     
  3.149606299212598E-002
   1.90000000000000       0.000000000000000E+000  0.363291854033380     
  3.149606299212598E-002
   2.00000000000000       0.000000000000000E+000  0.386999365883283     
  3.149606299212598E-002
   2.00000000000000       0.000000000000000E+000  0.386999365883283     
  3.149606299212598E-002
   2.10000000000000       0.000000000000000E+000  0.411308149243225     
  3.149606299212598E-002
   2.10000000000000       0.000000000000000E+000  0.411308149243225     
  3.149606299212598E-002
   2.20000000000000       0.000000000000000E+000  0.435875367787900     
  3.149606299212598E-002
   2.20000000000000       0.000000000000000E+000  0.435875367787900     
  3.149606299212598E-002
   2.30000000000000       0.000000000000000E+000  0.460186937174053     
  3.149606299212598E-002
   2.30000000000000       0.000000000000000E+000  0.460186937174053     
  3.149606299212598E-002
   2.40000000000000       0.000000000000000E+000  0.483506040657023     
  3.149606299212598E-002
   2.40000000000000       0.000000000000000E+000  0.483506040657023     
  3.149606299212598E-002
   2.50000000000000       0.000000000000000E+000  0.504851582892725     
  3.149606299212598E-002
   2.50000000000000       0.000000000000000E+000  0.504851582892725     
  3.149606299212598E-002
   2.60000000000000       0.000000000000000E+000  0.523061239285126     
  3.149606299212598E-002
   2.60000000000000       0.000000000000000E+000  0.523061239285126     
  3.149606299212598E-002
   2.70000000000000       0.000000000000000E+000  0.536984952664215     
  3.149606299212598E-002
   2.70000000000000       0.000000000000000E+000  0.536984952664215     
  3.149606299212598E-002
   2.80000000000000       0.000000000000000E+000  0.545794318853173     
  3.149606299212598E-002
   2.80000000000000       0.000000000000000E+000  0.545794318853173     
  3.149606299212598E-002
   2.90000000000000       0.000000000000000E+000  0.549302278770792     
  3.149606299212598E-002
   2.90000000000000       0.000000000000000E+000  0.549302278770792     
  3.149606299212598E-002
   3.00000000000000       0.000000000000000E+000  0.548102786650547     
  3.149606299212598E-002
   3.00000000000000       0.000000000000000E+000  0.548102786650547     
  3.149606299212598E-002
   3.10000000000000       0.000000000000000E+000  0.543366446596071     
  3.937007874015748E-002
   3.10000000000000       0.000000000000000E+000  0.543366446596071     
  3.937007874015748E-002
   3.20000000000000       0.000000000000000E+000  0.536386018549499     
  3.937007874015748E-002
   3.20000000000000       0.000000000000000E+000  0.536386018549499     
  3.937007874015748E-002
   3.30000000000000       0.000000000000000E+000  0.528202300589581     
  3.937007874015748E-002
   3.30000000000000       0.000000000000000E+000  0.528202300589581     
  3.937007874015748E-002
   3.40000000000000       0.000000000000000E+000  0.519494746373302     
  3.937007874015748E-002
   3.40000000000000       0.000000000000000E+000  0.519494746373302     
  3.937007874015748E-002
   3.50000000000000       0.000000000000000E+000  0.510649487033159     
  3.937007874015748E-002
   3.50000000000000       0.000000000000000E+000  0.510649487033159     
  3.937007874015748E-002
   3.60000000000000       0.000000000000000E+000  0.501865647581082     
  3.937007874015748E-002
   3.60000000000000       0.000000000000000E+000  0.501865647581082     
  3.937007874015748E-002
   3.70000000000000       0.000000000000000E+000  0.493237174936962     
  3.937007874015748E-002
   3.70000000000000       0.000000000000000E+000  0.493237174936962     
  3.937007874015748E-002
   3.80000000000000       0.000000000000000E+000  0.484802927639794     
  3.937007874015748E-002
   3.80000000000000       0.000000000000000E+000  0.484802927639794     
  3.937007874015748E-002
   3.90000000000000       0.000000000000000E+000  0.476574290544904     
  3.937007874015748E-002
   3.90000000000000       0.000000000000000E+000  0.476574290544904     
  3.937007874015748E-002
   4.00000000000000       0.000000000000000E+000  0.468549604009144     
  3.937007874015748E-002
   4.00000000000000       0.000000000000000E+000  0.468549604009144     
  3.937007874015748E-002
   4.10000000000000       0.000000000000000E+000  0.460721466512016     
  3.937007874015748E-002
   4.10000000000000       0.000000000000000E+000  0.460721466512016     
  3.937007874015748E-002
   4.20000000000000       0.000000000000000E+000  0.453080333350808     
  3.937007874015748E-002
   4.20000000000000       0.000000000000000E+000  0.453080333350808     
  3.937007874015748E-002
   4.30000000000000       0.000000000000000E+000  0.445616232499141     
  3.937007874015748E-002
   4.30000000000000       0.000000000000000E+000  0.445616232499141     
  3.937007874015748E-002
   4.40000000000000       3.937007874015748E-002  0.447077834145640     
  3.937007874015748E-002
   4.40000000000000       3.937007874015748E-002  0.447077834145640     
  3.937007874015748E-002
   4.50000000000000       3.937007874015748E-002  0.450662664994167     
  4.724409448818898E-002
   4.50000000000000       3.937007874015748E-002  0.450662664994167     
  4.724409448818898E-002
   4.60000000000000       3.937007874015748E-002  0.452958919833770     
  4.724409448818898E-002
   4.60000000000000       3.937007874015748E-002  0.452958919833770     
  4.724409448818898E-002
   4.70000000000000       3.937007874015748E-002  0.454357393964690     
  4.724409448818898E-002
   4.70000000000000       3.937007874015748E-002  0.454357393964690     
  4.724409448818898E-002
   4.80000000000000       3.937007874015748E-002  0.454991672090284     
  4.724409448818898E-002
   4.80000000000000       3.937007874015748E-002  0.454991672090284     
  4.724409448818898E-002
   4.90000000000000       3.937007874015748E-002  0.454827550081938     
  4.724409448818898E-002
   4.90000000000000       3.937007874015748E-002  0.454827550081938     
  4.724409448818898E-002
   5.00000000000000       3.937007874015748E-002  0.453735747675305     
  4.724409448818898E-002
   5.00000000000000       3.937007874015748E-002  0.453735747675305     
  4.724409448818898E-002
   5.10000000000000       3.937007874015748E-002  0.451562795038639     
  4.724409448818898E-002
   5.10000000000000       3.937007874015748E-002  0.451562795038639     
  4.724409448818898E-002
   5.20000000000000       3.937007874015748E-002  0.448214500291803     
  4.724409448818898E-002
   5.20000000000000       3.937007874015748E-002  0.448214500291803     
  4.724409448818898E-002
   5.30000000000000       3.937007874015748E-002  0.443742302172459     
  4.724409448818898E-002
   5.30000000000000       3.937007874015748E-002  0.443742302172459     
  4.724409448818898E-002
   5.40000000000000       3.937007874015748E-002  0.438390728159566     
  4.724409448818898E-002
   5.40000000000000       3.937007874015748E-002  0.438390728159566     
  4.724409448818898E-002
   5.50000000000000       3.937007874015748E-002  0.432560630173718     
  4.724409448818898E-002
   5.50000000000000       3.937007874015748E-002  0.432560630173718     
  4.724409448818898E-002
   5.60000000000000       3.937007874015748E-002  0.426690497495185     
  4.724409448818898E-002
   5.60000000000000       3.937007874015748E-002  0.426690497495185     
  4.724409448818898E-002
   5.70000000000000       4.724409448818898E-002  0.435451142333905     
  4.724409448818898E-002
   5.70000000000000       4.724409448818898E-002  0.435451142333905     
  4.724409448818898E-002
   5.80000000000000       4.724409448818898E-002  0.442318811057718     
  4.724409448818898E-002
   5.80000000000000       4.724409448818898E-002  0.442318811057718     
  4.724409448818898E-002
   5.90000000000000       4.724409448818898E-002  0.446570579247500     
  5.511811023622047E-002
   5.90000000000000       4.724409448818898E-002  0.446570579247500     
  5.511811023622047E-002
   6.00000000000000       4.724409448818898E-002  0.449108065309283     
  5.511811023622047E-002
   6.00000000000000       4.724409448818898E-002  0.449108065309283     
  5.511811023622047E-002
   6.10000000000000       4.724409448818898E-002  0.450489650001366     
  5.511811023622047E-002
   6.10000000000000       4.724409448818898E-002  0.450489650001366     
  5.511811023622047E-002
   6.20000000000000       4.724409448818898E-002  0.450968474286230     
  5.511811023622047E-002
   6.20000000000000       4.724409448818898E-002  0.450968474286230     
  5.511811023622047E-002
   6.30000000000000       4.724409448818898E-002  0.450587016299018     
  5.511811023622047E-002
   6.30000000000000       4.724409448818898E-002  0.450587016299018     
  5.511811023622047E-002
   6.40000000000000       4.724409448818898E-002  0.449264283502179     
  5.511811023622047E-002
   6.40000000000000       4.724409448818898E-002  0.449264283502179     
  5.511811023622047E-002
   6.50000000000000       4.724409448818898E-002  0.446874848548704     
  5.511811023622047E-002
   6.50000000000000       4.724409448818898E-002  0.446874848548704     
  5.511811023622047E-002
   6.60000000000000       4.724409448818898E-002  0.443332417008588     
  5.511811023622047E-002
   6.60000000000000       4.724409448818898E-002  0.443332417008588     
  5.511811023622047E-002
   6.70000000000000       4.724409448818898E-002  0.438673235531907     
  5.511811023622047E-002
   6.70000000000000       4.724409448818898E-002  0.438673235531907     
  5.511811023622047E-002
   6.80000000000000       4.724409448818898E-002  0.433107243669118     
  5.511811023622047E-002
   6.80000000000000       4.724409448818898E-002  0.433107243669118     
  5.511811023622047E-002
   6.90000000000000       4.724409448818898E-002  0.427000900750218     
  5.511811023622047E-002
   6.90000000000000       4.724409448818898E-002  0.427000900750218     
  5.511811023622047E-002
   7.00000000000000       4.724409448818898E-002  0.420791450476989     
  5.511811023622047E-002
   7.00000000000000       4.724409448818898E-002  0.420791450476989     
  5.511811023622047E-002
   7.10000000000000       5.511811023622047E-002  0.422556644906533     
  5.511811023622047E-002
   7.10000000000000       5.511811023622047E-002  0.422556644906533     
  5.511811023622047E-002
   7.20000000000000       5.511811023622047E-002  0.432872380969296     
  5.511811023622047E-002
   7.20000000000000       5.511811023622047E-002  0.432872380969296     
  5.511811023622047E-002
   7.30000000000000       5.511811023622047E-002  0.439676383521598     
  5.511811023622047E-002
   7.30000000000000       5.511811023622047E-002  0.439676383521598     
  5.511811023622047E-002
   7.40000000000000       5.511811023622047E-002  0.443914157519332     
  6.299212598425197E-002
   7.40000000000000       5.511811023622047E-002  0.443914157519332     
  6.299212598425197E-002
   7.50000000000000       5.511811023622047E-002  0.446408130657050     
  6.299212598425197E-002
   7.50000000000000       5.511811023622047E-002  0.446408130657050     
  6.299212598425197E-002
   7.60000000000000       5.511811023622047E-002  0.447684441127395     
  6.299212598425197E-002
   7.60000000000000       5.511811023622047E-002  0.447684441127395     
  6.299212598425197E-002
   7.70000000000000       5.511811023622047E-002  0.447989083904583     
  6.299212598425197E-002
   7.70000000000000       5.511811023622047E-002  0.447989083904583     
  6.299212598425197E-002
   7.80000000000000       5.511811023622047E-002  0.447368557961122     
  6.299212598425197E-002
   7.80000000000000       5.511811023622047E-002  0.447368557961122     
  6.299212598425197E-002
   7.90000000000000       5.511811023622047E-002  0.445753216520872     
  6.299212598425197E-002
   7.90000000000000       5.511811023622047E-002  0.445753216520872     
  6.299212598425197E-002
   8.00000000000000       5.511811023622047E-002  0.443037544575165     
  6.299212598425197E-002
   8.00000000000000       5.511811023622047E-002  0.443037544575165     
  6.299212598425197E-002
   8.10000000000000       5.511811023622047E-002  0.439164276054676     
  6.299212598425197E-002
   8.10000000000000       5.511811023622047E-002  0.439164276054676     
  6.299212598425197E-002
   8.20000000000000       5.511811023622047E-002  0.434202238087833     
  6.299212598425197E-002
   8.20000000000000       5.511811023622047E-002  0.434202238087833     
  6.299212598425197E-002
   8.30000000000000       5.511811023622047E-002  0.428385130273235     
  6.299212598425197E-002
   8.30000000000000       5.511811023622047E-002  0.428385130273235     
  6.299212598425197E-002
   8.40000000000000       5.511811023622047E-002  0.422084197721743     
  6.299212598425197E-002
   8.40000000000000       5.511811023622047E-002  0.422084197721743     
  6.299212598425197E-002
   8.50000000000000       5.511811023622047E-002  0.415726880594667     
  6.299212598425197E-002
   8.50000000000000       5.511811023622047E-002  0.415726880594667     
  6.299212598425197E-002
   8.60000000000000       6.299212598425197E-002  0.416269448725328     
  6.299212598425197E-002
   8.60000000000000       6.299212598425197E-002  0.416269448725328     
  6.299212598425197E-002
   8.70000000000000       6.299212598425197E-002  0.427919116389356     
  6.299212598425197E-002
   8.70000000000000       6.299212598425197E-002  0.427919116389356     
  6.299212598425197E-002
   8.80000000000000       6.299212598425197E-002  0.435866305980787     
  6.299212598425197E-002
   8.80000000000000       6.299212598425197E-002  0.435866305980787     
  6.299212598425197E-002
   8.90000000000000       6.299212598425197E-002  0.440931489344180     
  6.299212598425197E-002
   8.90000000000000       6.299212598425197E-002  0.440931489344180     
  6.299212598425197E-002
   9.00000000000000       6.299212598425197E-002  0.443963664435933     
  7.086614173228346E-002
   9.00000000000000       6.299212598425197E-002  0.443963664435933     
  7.086614173228346E-002
   9.10000000000000       6.299212598425197E-002  0.445579293401728     
  7.086614173228346E-002
   9.10000000000000       6.299212598425197E-002  0.445579293401728     
  7.086614173228346E-002
   9.20000000000000       6.299212598425197E-002  0.446112801026057     
  7.086614173228346E-002
   9.20000000000000       6.299212598425197E-002  0.446112801026057     
  7.086614173228346E-002
   9.30000000000000       6.299212598425197E-002  0.445675552223013     
  7.086614173228346E-002
   9.30000000000000       6.299212598425197E-002  0.445675552223013     
  7.086614173228346E-002
   9.40000000000000       6.299212598425197E-002  0.444237765335127     
  7.086614173228346E-002
   9.40000000000000       6.299212598425197E-002  0.444237765335127     
  7.086614173228346E-002
   9.50000000000000       6.299212598425197E-002  0.441709858927321     
  7.086614173228346E-002
   9.50000000000000       6.299212598425197E-002  0.441709858927321     
  7.086614173228346E-002
   9.60000000000000       6.299212598425197E-002  0.438026211661960     
  7.086614173228346E-002
   9.60000000000000       6.299212598425197E-002  0.438026211661960     
  7.086614173228346E-002
   9.70000000000000       6.299212598425197E-002  0.433225692671436     
  7.086614173228346E-002
   9.70000000000000       6.299212598425197E-002  0.433225692671436     
  7.086614173228346E-002
   9.80000000000000       6.299212598425197E-002  0.427501128501062     
  7.086614173228346E-002
   9.80000000000000       6.299212598425197E-002  0.427501128501062     
  7.086614173228346E-002
   9.90000000000000       6.299212598425197E-002  0.421188033424134     
  7.086614173228346E-002
   9.90000000000000       6.299212598425197E-002  0.421188033424134     
  7.086614173228346E-002
   10.0000000000000       6.299212598425197E-002  0.414697751319117     
  7.086614173228346E-002
   10.0000000000000       6.299212598425197E-002  0.414697751319117     
  7.086614173228346E-002
   10.1000000000000       6.299212598425197E-002  0.408431429769851     
  7.086614173228346E-002
   10.1000000000000       6.299212598425197E-002  0.408431429769851     
  7.086614173228346E-002
   10.2000000000000       7.086614173228346E-002  0.420223850090903     
  7.086614173228346E-002
   10.2000000000000       7.086614173228346E-002  0.420223850090903     
  7.086614173228346E-002
   10.3000000000000       7.086614173228346E-002  0.430313895600027     
  7.086614173228346E-002
   10.3000000000000       7.086614173228346E-002  0.430313895600027     
  7.086614173228346E-002
   10.4000000000000       7.086614173228346E-002  0.437034200742574     
  7.086614173228346E-002
   10.4000000000000       7.086614173228346E-002  0.437034200742574     
  7.086614173228346E-002
   10.5000000000000       7.086614173228346E-002  0.441219362333598     
  7.874015748031496E-002
   10.5000000000000       7.086614173228346E-002  0.441219362333598     
  7.874015748031496E-002
   10.6000000000000       7.086614173228346E-002  0.443622750140108     
  7.874015748031496E-002
   10.6000000000000       7.086614173228346E-002  0.443622750140108     
  7.874015748031496E-002
   10.7000000000000       7.086614173228346E-002  0.444740311987867     
  7.874015748031496E-002
   10.7000000000000       7.086614173228346E-002  0.444740311987867     
  7.874015748031496E-002
   10.8000000000000       7.086614173228346E-002  0.444809939286893     
  7.874015748031496E-002
   10.8000000000000       7.086614173228346E-002  0.444809939286893     
  7.874015748031496E-002
   10.9000000000000       7.086614173228346E-002  0.443881525558043     
  7.874015748031496E-002
   10.9000000000000       7.086614173228346E-002  0.443881525558043     
  7.874015748031496E-002
   11.0000000000000       7.086614173228346E-002  0.441898465826862     
  7.874015748031496E-002
   11.0000000000000       7.086614173228346E-002  0.441898465826862     
  7.874015748031496E-002
   11.1000000000000       7.086614173228346E-002  0.438780362005228     
  7.874015748031496E-002
   11.1000000000000       7.086614173228346E-002  0.438780362005228     
  7.874015748031496E-002
   11.2000000000000       7.086614173228346E-002  0.434507327433101     
  7.874015748031496E-002
   11.2000000000000       7.086614173228346E-002  0.434507327433101     
  7.874015748031496E-002
   11.3000000000000       7.086614173228346E-002  0.429189440021721     
  7.874015748031496E-002
   11.3000000000000       7.086614173228346E-002  0.429189440021721     
  7.874015748031496E-002
   11.4000000000000       7.086614173228346E-002  0.423088964897134     
  7.874015748031496E-002
   11.4000000000000       7.086614173228346E-002  0.423088964897134     
  7.874015748031496E-002
   11.5000000000000       7.086614173228346E-002  0.416580270242051     
  7.874015748031496E-002
   11.5000000000000       7.086614173228346E-002  0.416580270242051     
  7.874015748031496E-002
   11.6000000000000       7.086614173228346E-002  0.410073187318300     
  7.874015748031496E-002
   11.6000000000000       7.086614173228346E-002  0.410073187318300     
  7.874015748031496E-002
   11.7000000000000       7.874015748031496E-002  0.409090238428733     
  7.874015748031496E-002
   11.7000000000000       7.874015748031496E-002  0.409090238428733     
  7.874015748031496E-002
   11.8000000000000       7.874015748031496E-002  0.422139172082239     
  7.874015748031496E-002
   11.8000000000000       7.874015748031496E-002  0.422139172082239     
  7.874015748031496E-002
   11.9000000000000       7.874015748031496E-002  0.431391831869171     
  7.874015748031496E-002
   11.9000000000000       7.874015748031496E-002  0.431391831869171     
  7.874015748031496E-002
   12.0000000000000       7.874015748031496E-002  0.437470379639348     
  7.874015748031496E-002
   12.0000000000000       7.874015748031496E-002  0.437470379639348     
  7.874015748031496E-002
   12.1000000000000       7.874015748031496E-002  0.441195084411121     
  8.661417322834646E-002
   12.1000000000000       7.874015748031496E-002  0.441195084411121     
  8.661417322834646E-002
   12.2000000000000       7.874015748031496E-002  0.443257436515880     
  8.661417322834646E-002
   12.2000000000000       7.874015748031496E-002  0.443257436515880     
  8.661417322834646E-002
   12.3000000000000       7.874015748031496E-002  0.444087945678724     
  8.661417322834646E-002
   12.3000000000000       7.874015748031496E-002  0.444087945678724     
  8.661417322834646E-002
   12.4000000000000       7.874015748031496E-002  0.443875741616856     
  8.661417322834646E-002
   12.4000000000000       7.874015748031496E-002  0.443875741616856     
  8.661417322834646E-002
   12.5000000000000       7.874015748031496E-002  0.442642182238211     
  8.661417322834646E-002
   12.5000000000000       7.874015748031496E-002  0.442642182238211     
  8.661417322834646E-002
   12.6000000000000       7.874015748031496E-002  0.440322562331247     
  8.661417322834646E-002
   12.6000000000000       7.874015748031496E-002  0.440322562331247     
  8.661417322834646E-002
   12.7000000000000       7.874015748031496E-002  0.436850002111463     
  8.661417322834646E-002
   12.7000000000000       7.874015748031496E-002  0.436850002111463     
  8.661417322834646E-002
   12.8000000000000       7.874015748031496E-002  0.432238146011437     
  8.661417322834646E-002
   12.8000000000000       7.874015748031496E-002  0.432238146011437     
  8.661417322834646E-002
   12.9000000000000       7.874015748031496E-002  0.426640192441393     
  8.661417322834646E-002
   12.9000000000000       7.874015748031496E-002  0.426640192441393     
  8.661417322834646E-002
   13.0000000000000       7.874015748031496E-002  0.420353212921073     
  8.661417322834646E-002
   13.0000000000000       7.874015748031496E-002  0.420353212921073     
  8.661417322834646E-002
   13.1000000000000       7.874015748031496E-002  0.413764633242115     
  8.661417322834646E-002
   13.1000000000000       7.874015748031496E-002  0.413764633242115     
  8.661417322834646E-002
   13.2000000000000       7.874015748031496E-002  0.407275541801233     
  8.661417322834646E-002
   13.2000000000000       7.874015748031496E-002  0.407275541801233     
  8.661417322834646E-002
   13.3000000000000       8.661417322834646E-002  0.410445807006643     
  8.661417322834646E-002
   13.3000000000000       8.661417322834646E-002  0.410445807006643     
  8.661417322834646E-002
   13.4000000000000       8.661417322834646E-002  0.422993149107961     
  8.661417322834646E-002
   13.4000000000000       8.661417322834646E-002  0.422993149107961     
  8.661417322834646E-002
   13.5000000000000       8.661417322834646E-002  0.431821769976135     
  8.661417322834646E-002
   13.5000000000000       8.661417322834646E-002  0.431821769976135     
  8.661417322834646E-002
   13.6000000000000       8.661417322834646E-002  0.437579629937376     
  8.661417322834646E-002
   13.6000000000000       8.661417322834646E-002  0.437579629937376     
  8.661417322834646E-002
   13.7000000000000       8.661417322834646E-002  0.441072410399861     
  9.448818897637795E-002
   13.7000000000000       8.661417322834646E-002  0.441072410399861     
  9.448818897637795E-002
   13.8000000000000       8.661417322834646E-002  0.442957220690623     
  9.448818897637795E-002
   13.8000000000000       8.661417322834646E-002  0.442957220690623     
  9.448818897637795E-002
   13.9000000000000       8.661417322834646E-002  0.443631355856717     
  9.448818897637795E-002
   13.9000000000000       8.661417322834646E-002  0.443631355856717     
  9.448818897637795E-002
   14.0000000000000       8.661417322834646E-002  0.443260329425106     
  9.448818897637795E-002
   14.0000000000000       8.661417322834646E-002  0.443260329425106     
  9.448818897637795E-002
   14.1000000000000       8.661417322834646E-002  0.441852747530286     
  9.448818897637795E-002
   14.1000000000000       8.661417322834646E-002  0.441852747530286     
  9.448818897637795E-002
   14.2000000000000       8.661417322834646E-002  0.439342337545909     
  9.448818897637795E-002
   14.2000000000000       8.661417322834646E-002  0.439342337545909     
  9.448818897637795E-002
   14.3000000000000       8.661417322834646E-002  0.435672440300132     
  9.448818897637795E-002
   14.3000000000000       8.661417322834646E-002  0.435672440300132     
  9.448818897637795E-002
   14.4000000000000       8.661417322834646E-002  0.430876950232847     
  9.448818897637795E-002
   14.4000000000000       8.661417322834646E-002  0.430876950232847     
  9.448818897637795E-002
   14.5000000000000       8.661417322834646E-002  0.425132384875123     
  9.448818897637795E-002
   14.5000000000000       8.661417322834646E-002  0.425132384875123     
  9.448818897637795E-002
   14.6000000000000       8.661417322834646E-002  0.418752261409426     
  9.448818897637795E-002
   14.6000000000000       8.661417322834646E-002  0.418752261409426     
  9.448818897637795E-002
   14.7000000000000       8.661417322834646E-002  0.412127791996787     
  9.448818897637795E-002
   14.7000000000000       8.661417322834646E-002  0.412127791996787     
  9.448818897637795E-002
   14.8000000000000       8.661417322834646E-002  0.405652969064625     
  9.448818897637795E-002
   14.8000000000000       8.661417322834646E-002  0.405652969064625     
  9.448818897637795E-002
   14.9000000000000       9.448818897637795E-002  0.410923453904342     
  9.448818897637795E-002
   14.9000000000000       9.448818897637795E-002  0.410923453904342     
  9.448818897637795E-002
   15.0000000000000       9.448818897637795E-002  0.423253018032468     
  9.448818897637795E-002
   15.0000000000000       9.448818897637795E-002  0.423253018032468     
  9.448818897637795E-002
   15.1000000000000       9.448818897637795E-002  0.431902826332980     
  9.448818897637795E-002
   15.1000000000000       9.448818897637795E-002  0.431902826332980     
  9.448818897637795E-002
   15.2000000000000       9.448818897637795E-002  0.437527010222819     
  9.448818897637795E-002
   15.2000000000000       9.448818897637795E-002  0.437527010222819     
  9.448818897637795E-002
   15.3000000000000       9.448818897637795E-002  0.440921643785613     
  0.102362204724409     
   15.3000000000000       9.448818897637795E-002  0.440921643785613     
  0.102362204724409     
   15.4000000000000       9.448818897637795E-002  0.442727911762167     
  0.102362204724409     
   15.4000000000000       9.448818897637795E-002  0.442727911762167     
  0.102362204724409     
   15.5000000000000       9.448818897637795E-002  0.443328957400605     
  0.102362204724409     
   15.5000000000000       9.448818897637795E-002  0.443328957400605     
  0.102362204724409     
   15.6000000000000       9.448818897637795E-002  0.442880738557438     
  0.102362204724409     
   15.6000000000000       9.448818897637795E-002  0.442880738557438     
  0.102362204724409     
   15.7000000000000       9.448818897637795E-002  0.441387221695456     
  0.102362204724409     
   15.7000000000000       9.448818897637795E-002  0.441387221695456     
  0.102362204724409     
   15.8000000000000       9.448818897637795E-002  0.438782626438002     
  0.102362204724409     
   15.8000000000000       9.448818897637795E-002  0.438782626438002     
  0.102362204724409     
   15.9000000000000       9.448818897637795E-002  0.435016184776968     
  0.102362204724409     
   15.9000000000000       9.448818897637795E-002  0.435016184776968     
  0.102362204724409     
   16.0000000000000       9.448818897637795E-002  0.430131978383937     
  0.102362204724409     
   16.0000000000000       9.448818897637795E-002  0.430131978383937     
  0.102362204724409     
   16.1000000000000       9.448818897637795E-002  0.424317374603003     
  0.102362204724409     
   16.1000000000000       9.448818897637795E-002  0.424317374603003     
  0.102362204724409     
   16.2000000000000       9.448818897637795E-002  0.417892716345311     
  0.102362204724409     
   16.2000000000000       9.448818897637795E-002  0.417892716345311     
  0.102362204724409     
   16.3000000000000       9.448818897637795E-002  0.411249778617201     
  0.102362204724409     
   16.3000000000000       9.448818897637795E-002  0.411249778617201     
  0.102362204724409     
   16.4000000000000       9.448818897637795E-002  0.404778334882332     
  0.102362204724409     
   16.4000000000000       9.448818897637795E-002  0.404778334882332     
  0.102362204724409     
   16.5000000000000       0.102362204724409       0.410872308170727     
  0.102362204724409     
   16.5000000000000       0.102362204724409       0.410872308170727     
  0.102362204724409     
   16.6000000000000       0.102362204724409       0.423159745448101     
  0.102362204724409     
   16.6000000000000       0.102362204724409       0.423159745448101     
  0.102362204724409     
   16.7000000000000       0.102362204724409       0.431780711953176     
  0.102362204724409     
   16.7000000000000       0.102362204724409       0.431780711953176     
  0.102362204724409     
   16.8000000000000       0.102362204724409       0.437384995642334     
  0.102362204724409     
   16.8000000000000       0.102362204724409       0.437384995642334     
  0.102362204724409     
   16.9000000000000       0.102362204724409       0.440763435755321     
  0.110236220472441     
   16.9000000000000       0.102362204724409       0.440763435755321     
  0.110236220472441     
   17.0000000000000       0.102362204724409       0.442553036878718     
  0.110236220472441     
   17.0000000000000       0.102362204724409       0.442553036878718     
  0.110236220472441     
   17.1000000000000       0.102362204724409       0.443134357792138     
  0.110236220472441     
   17.1000000000000       0.102362204724409       0.443134357792138     
  0.110236220472441     
   17.2000000000000       0.102362204724409       0.442662108994975     
  0.110236220472441     
   17.2000000000000       0.102362204724409       0.442662108994975     
  0.110236220472441     
   17.3000000000000       0.102362204724409       0.441140144020770     
  0.110236220472441     
   17.3000000000000       0.102362204724409       0.441140144020770     
  0.110236220472441     
   17.4000000000000       0.102362204724409       0.438503791239134     
  0.110236220472441     
   17.4000000000000       0.102362204724409       0.438503791239134     
  0.110236220472441     
   17.5000000000000       0.102362204724409       0.434704724958259     
  0.110236220472441     
   17.5000000000000       0.102362204724409       0.434704724958259     
  0.110236220472441     
   17.6000000000000       0.102362204724409       0.429790415012857     
  0.110236220472441     
   17.6000000000000       0.102362204724409       0.429790415012857     
  0.110236220472441     
   17.7000000000000       0.102362204724409       0.423951382026393     
  0.110236220472441     
   17.7000000000000       0.102362204724409       0.423951382026393     
  0.110236220472441     
   17.8000000000000       0.102362204724409       0.417509480990514     
  0.110236220472441     
   17.8000000000000       0.102362204724409       0.417509480990514     
  0.110236220472441     
   17.9000000000000       0.102362204724409       0.410855861425266     
  0.110236220472441     
   17.9000000000000       0.102362204724409       0.410855861425266     
  0.110236220472441     
   18.0000000000000       0.102362204724409       0.404378390574938     
  0.110236220472441     
   18.0000000000000       0.102362204724409       0.404378390574938     
  0.110236220472441     
   18.1000000000000       0.110236220472441       0.410490974779140     
  0.110236220472441     
   18.1000000000000       0.110236220472441       0.410490974779140     
  0.110236220472441     
   18.2000000000000       0.110236220472441       0.422846124424593     
  0.110236220472441     
   18.2000000000000       0.110236220472441       0.422846124424593     
  0.110236220472441     
   18.3000000000000       0.110236220472441       0.431532157254901     
  0.110236220472441     
   18.3000000000000       0.110236220472441       0.431532157254901     
  0.110236220472441     
   18.4000000000000       0.110236220472441       0.437188023910032     
  0.110236220472441     
   18.4000000000000       0.110236220472441       0.437188023910032     
  0.110236220472441     
   18.5000000000000       0.110236220472441       0.440602070237892     
  0.118110236220472     
   18.5000000000000       0.110236220472441       0.440602070237892     
  0.118110236220472     
   18.6000000000000       0.110236220472441       0.442414417782246     
  0.118110236220472     
   18.6000000000000       0.110236220472441       0.442414417782246     
  0.118110236220472     
   18.7000000000000       0.110236220472441       0.443010225740117     
  0.118110236220472     
   18.7000000000000       0.110236220472441       0.443010225740117     
  0.118110236220472     
   18.8000000000000       0.110236220472441       0.442548104705204     
  0.118110236220472     
   18.8000000000000       0.110236220472441       0.442548104705204     
  0.118110236220472     
   18.9000000000000       0.110236220472441       0.441034548453840     
  0.118110236220472     
   18.9000000000000       0.110236220472441       0.441034548453840     
  0.118110236220472     
   19.0000000000000       0.110236220472441       0.438406249647682     
  0.118110236220472     
   19.0000000000000       0.110236220472441       0.438406249647682     
  0.118110236220472     
   19.1000000000000       0.110236220472441       0.434615006360030     
  0.118110236220472     
   19.1000000000000       0.110236220472441       0.434615006360030     
  0.118110236220472     
   19.2000000000000       0.110236220472441       0.429707312828840     
  0.118110236220472     
   19.2000000000000       0.110236220472441       0.429707312828840     
  0.118110236220472     
   19.3000000000000       0.110236220472441       0.423872059365205     
  0.118110236220472     
   19.3000000000000       0.110236220472441       0.423872059365205     
  0.118110236220472     
   19.4000000000000       0.110236220472441       0.417429456960613     
  0.118110236220472     
   19.4000000000000       0.110236220472441       0.417429456960613     
  0.118110236220472     
   19.5000000000000       0.110236220472441       0.410769474342154     
  0.118110236220472     
   19.5000000000000       0.110236220472441       0.410769474342154     
  0.118110236220472     
   19.6000000000000       0.110236220472441       0.404279613992862     
  0.118110236220472     
   19.6000000000000       0.110236220472441       0.404279613992862     
  0.118110236220472     
   19.7000000000000       0.118110236220472       0.409897224292992     
  0.118110236220472     
   19.7000000000000       0.118110236220472       0.409897224292992     
  0.118110236220472     
   19.8000000000000       0.118110236220472       0.422389274570243     
  0.118110236220472     
   19.8000000000000       0.118110236220472       0.422389274570243     
  0.118110236220472     
   19.9000000000000       0.118110236220472       0.431200296131411     
  0.118110236220472     
   19.9000000000000       0.118110236220472       0.431200296131411     
  0.118110236220472     
   20.0000000000000       0.118110236220472       0.436953852995824     
  0.118110236220472     
   20.0000000000000       0.118110236220472       0.436953852995824     
  0.118110236220472     
   20.1000000000000       0.118110236220472       0.440437100451774     
  0.125984251968504     
   20.1000000000000       0.118110236220472       0.440437100451774     
  0.125984251968504     
   20.2000000000000       0.118110236220472       0.442297708414601     
  0.125984251968504     
   20.2000000000000       0.118110236220472       0.442297708414601     
  0.125984251968504     
   20.3000000000000       0.118110236220472       0.442929981045214     
  0.125984251968504     
   20.3000000000000       0.118110236220472       0.442929981045214     
  0.125984251968504     
   20.4000000000000       0.118110236220472       0.442499748992050     
  0.125984251968504     
   20.4000000000000       0.118110236220472       0.442499748992050     
  0.125984251968504     
   20.5000000000000       0.118110236220472       0.441017959206825     
  0.125984251968504     
   20.5000000000000       0.118110236220472       0.441017959206825     
  0.125984251968504     
   20.6000000000000       0.118110236220472       0.438422899363185     
  0.125984251968504     
   20.6000000000000       0.118110236220472       0.438422899363185     
  0.125984251968504     
   20.7000000000000       0.118110236220472       0.434665090961321     
  0.125984251968504     
   20.7000000000000       0.118110236220472       0.434665090961321     
  0.125984251968504     
   20.8000000000000       0.118110236220472       0.429787343772277     
  0.125984251968504     
   20.8000000000000       0.118110236220472       0.429787343772277     
  0.125984251968504     
   20.9000000000000       0.118110236220472       0.423973910279664     
  0.125984251968504     
   20.9000000000000       0.118110236220472       0.423973910279664     
  0.125984251968504     
   21.0000000000000       0.118110236220472       0.417541345395786     
  0.125984251968504     
   21.0000000000000       0.118110236220472       0.417541345395786     
  0.125984251968504     
   21.1000000000000       0.118110236220472       0.410878052155713     
  0.125984251968504     
   21.1000000000000       0.118110236220472       0.410878052155713     
  0.125984251968504     
   21.2000000000000       0.118110236220472       0.404372091490681     
  0.125984251968504     
   21.2000000000000       0.118110236220472       0.404372091490681     
  0.125984251968504     
   21.3000000000000       0.125984251968504       0.409163011536719     
  0.125984251968504     
   21.3000000000000       0.125984251968504       0.409163011536719     
  0.125984251968504     
   21.4000000000000       0.125984251968504       0.421835741995121     
  0.125984251968504     
   21.4000000000000       0.125984251968504       0.421835741995121     
  0.125984251968504     
   21.5000000000000       0.125984251968504       0.430810632849891     
  0.125984251968504     
   21.5000000000000       0.125984251968504       0.430810632849891     
  0.125984251968504     
   21.6000000000000       0.125984251968504       0.436692371052961     
  0.125984251968504     
   21.6000000000000       0.125984251968504       0.436692371052961     
  0.125984251968504     
   21.7000000000000       0.125984251968504       0.440267181786229     
  0.133858267716535     
   21.7000000000000       0.125984251968504       0.440267181786229     
  0.133858267716535     
   21.8000000000000       0.125984251968504       0.442192876713654     
  0.133858267716535     
   21.8000000000000       0.125984251968504       0.442192876713654     
  0.133858267716535     
   21.9000000000000       0.125984251968504       0.442875817798209     
  0.133858267716535     
   21.9000000000000       0.125984251968504       0.442875817798209     
  0.133858267716535     
   22.0000000000000       0.125984251968504       0.442491275165280     
  0.133858267716535     
   22.0000000000000       0.125984251968504       0.442491275165280     
  0.133858267716535     
   22.1000000000000       0.125984251968504       0.441055927098133     
  0.133858267716535     
   22.1000000000000       0.125984251968504       0.441055927098133     
  0.133858267716535     
   22.2000000000000       0.125984251968504       0.438509938421375     
  0.133858267716535     
   22.2000000000000       0.125984251968504       0.438509938421375     
  0.133858267716535     
   22.3000000000000       0.125984251968504       0.434801801294120     
  0.133858267716535     
   22.3000000000000       0.125984251968504       0.434801801294120     
  0.133858267716535     
   22.4000000000000       0.125984251968504       0.429969016328713     
  0.133858267716535     
   22.4000000000000       0.125984251968504       0.429969016328713     
  0.133858267716535     
   22.5000000000000       0.125984251968504       0.424189291479075     
  0.133858267716535     
   22.5000000000000       0.125984251968504       0.424189291479075     
  0.133858267716535     
   22.6000000000000       0.125984251968504       0.417774162833516     
  0.133858267716535     
   22.6000000000000       0.125984251968504       0.417774162833516     
  0.133858267716535     
   22.7000000000000       0.125984251968504       0.411110113842203     
  0.133858267716535     
   22.7000000000000       0.125984251968504       0.411110113842203     
  0.133858267716535     
   22.8000000000000       0.125984251968504       0.404586255533365     
  0.133858267716535     
   22.8000000000000       0.125984251968504       0.404586255533365     
  0.133858267716535     
   22.9000000000000       0.133858267716535       0.408333207366089     
  0.133858267716535     
   22.9000000000000       0.133858267716535       0.408333207366089     
  0.133858267716535     
   23.0000000000000       0.133858267716535       0.421214374736183     
  0.133858267716535     
   23.0000000000000       0.133858267716535       0.421214374736183     
  0.133858267716535     
   23.1000000000000       0.133858267716535       0.430378794120543     
  0.133858267716535     
   23.1000000000000       0.133858267716535       0.430378794120543     
  0.133858267716535     
   23.2000000000000       0.133858267716535       0.436409434589042     
  0.133858267716535     
   23.2000000000000       0.133858267716535       0.436409434589042     
  0.133858267716535     
   23.3000000000000       0.133858267716535       0.440091151231203     
  0.141732283464567     
   23.3000000000000       0.133858267716535       0.440091151231203     
  0.141732283464567     
   23.4000000000000       0.133858267716535       0.442093307418155     
  0.141732283464567     
   23.4000000000000       0.133858267716535       0.442093307418155     
  0.141732283464567     
   23.5000000000000       0.133858267716535       0.442836206748077     
  0.141732283464567     
   23.5000000000000       0.133858267716535       0.442836206748077     
  0.141732283464567     
   23.6000000000000       0.133858267716535       0.442506095136880     
  0.141732283464567     
   23.6000000000000       0.133858267716535       0.442506095136880     
  0.141732283464567     
   23.7000000000000       0.133858267716535       0.441126337473831     
  0.141732283464567     
   23.7000000000000       0.133858267716535       0.441126337473831     
  0.141732283464567     
   23.8000000000000       0.133858267716535       0.438639307531902     
  0.141732283464567     
   23.8000000000000       0.133858267716535       0.438639307531902     
  0.141732283464567     
   23.9000000000000       0.133858267716535       0.434991143188501     
  0.141732283464567     
   23.9000000000000       0.133858267716535       0.434991143188501     
  0.141732283464567     
   24.0000000000000       0.133858267716535       0.430213110232998     
  0.141732283464567     
   24.0000000000000       0.133858267716535       0.430213110232998     
  0.141732283464567     
   24.1000000000000       0.133858267716535       0.424475160275605     
  0.141732283464567     
   24.1000000000000       0.133858267716535       0.424475160275605     
  0.141732283464567     
   24.2000000000000       0.133858267716535       0.418082840378819     
  0.141732283464567     
   24.2000000000000       0.133858267716535       0.418082840378819     
  0.141732283464567     
   24.3000000000000       0.133858267716535       0.411420357662759     
  0.141732283464567     
   24.3000000000000       0.133858267716535       0.411420357662759     
  0.141732283464567     
   24.4000000000000       0.133858267716535       0.404878080375859     
  0.141732283464567     
   24.4000000000000       0.133858267716535       0.404878080375859     
  0.141732283464567     
   24.5000000000000       0.141732283464567       0.407436176867471     
  0.141732283464567     
   24.5000000000000       0.141732283464567       0.407436176867471     
  0.141732283464567     
   24.6000000000000       0.141732283464567       0.420543363144260     
  0.141732283464567     
   24.6000000000000       0.141732283464567       0.420543363144260     
  0.141732283464567     
   24.7000000000000       0.141732283464567       0.429914573398853     
  0.141732283464567     
   24.7000000000000       0.141732283464567       0.429914573398853     
  0.141732283464567     
   24.8000000000000       0.141732283464567       0.436108657358534     
  0.141732283464567     
   24.8000000000000       0.141732283464567       0.436108657358534     
  0.141732283464567     
   24.9000000000000       0.141732283464567       0.439908205222707     
  0.149606299212598     
   24.9000000000000       0.141732283464567       0.439908205222707     
  0.149606299212598     
   25.0000000000000       0.141732283464567       0.441994773145179     
  0.149606299212598     
   25.0000000000000       0.141732283464567       0.441994773145179     
  0.149606299212598     
   25.1000000000000       0.141732283464567       0.442803830056302     
  0.149606299212598     
   25.1000000000000       0.141732283464567       0.442803830056302     
  0.149606299212598     
   25.2000000000000       0.141732283464567       0.442533700659969     
  0.149606299212598     
   25.2000000000000       0.141732283464567       0.442533700659969     
  0.149606299212598     
   25.3000000000000       0.141732283464567       0.441215188092840     
  0.149606299212598     
   25.3000000000000       0.141732283464567       0.441215188092840     
  0.149606299212598     
   25.4000000000000       0.141732283464567       0.438793238836497     
  0.149606299212598     
   25.4000000000000       0.141732283464567       0.438793238836497     
  0.149606299212598     
   25.5000000000000       0.141732283464567       0.435211584261381     
  0.149606299212598     
   25.5000000000000       0.141732283464567       0.435211584261381     
  0.149606299212598     
   25.6000000000000       0.141732283464567       0.430494777261798     
  0.149606299212598     
   25.6000000000000       0.141732283464567       0.430494777261798     
  0.149606299212598     
   25.7000000000000       0.141732283464567       0.424804247148937     
  0.149606299212598     
   25.7000000000000       0.141732283464567       0.424804247148937     
  0.149606299212598     
   25.8000000000000       0.141732283464567       0.418438831464054     
  0.149606299212598     
   25.8000000000000       0.141732283464567       0.418438831464054     
  0.149606299212598     
   25.9000000000000       0.141732283464567       0.411780098440384     
  0.149606299212598     
   25.9000000000000       0.141732283464567       0.411780098440384     
  0.149606299212598     
   26.0000000000000       0.141732283464567       0.405219698132265     
  0.149606299212598     
   26.0000000000000       0.141732283464567       0.405219698132265     
  0.149606299212598     
   26.1000000000000       0.149606299212598       0.406490015066624     
  0.149606299212598     
   26.1000000000000       0.149606299212598       0.406490015066624     
  0.149606299212598     
   26.2000000000000       0.149606299212598       0.419834299676022     
  0.149606299212598     
   26.2000000000000       0.149606299212598       0.419834299676022     
  0.149606299212598     
   26.3000000000000       0.149606299212598       0.429424183242664     
  0.149606299212598     
   26.3000000000000       0.149606299212598       0.429424183242664     
  0.149606299212598     
   26.4000000000000       0.149606299212598       0.435792313570061     
  0.149606299212598     
   26.4000000000000       0.149606299212598       0.435792313570061     
  0.149606299212598     
   26.5000000000000       0.149606299212598       0.439717829947467     
  0.157480314960630     
   26.5000000000000       0.149606299212598       0.439717829947467     
  0.157480314960630     
   26.6000000000000       0.149606299212598       0.441894615338152     
  0.157480314960630     
   26.6000000000000       0.149606299212598       0.441894615338152     
  0.157480314960630     
   26.7000000000000       0.149606299212598       0.442774096931254     
  0.157480314960630     
   26.7000000000000       0.149606299212598       0.442774096931254     
  0.157480314960630     
   26.8000000000000       0.149606299212598       0.442567501844348     
  0.157480314960630     
   26.8000000000000       0.149606299212598       0.442567501844348     
  0.157480314960630     
   26.9000000000000       0.149606299212598       0.441313690986445     
  0.157480314960630     
   26.9000000000000       0.149606299212598       0.441313690986445     
  0.157480314960630     
   27.0000000000000       0.149606299212598       0.438960563695416     
  0.157480314960630     
   27.0000000000000       0.149606299212598       0.438960563695416     
  0.157480314960630     
   27.1000000000000       0.149606299212598       0.435449562723649     
  0.157480314960630     
   27.1000000000000       0.149606299212598       0.435449562723649     
  0.157480314960630     
   27.2000000000000       0.149606299212598       0.430798336101438     
  0.157480314960630     
   27.2000000000000       0.149606299212598       0.430798336101438     
  0.157480314960630     
   27.3000000000000       0.149606299212598       0.425159315266833     
  0.157480314960630     
   27.3000000000000       0.149606299212598       0.425159315266833     
  0.157480314960630     
   27.4000000000000       0.149606299212598       0.418824072974167     
  0.157480314960630     
   27.4000000000000       0.149606299212598       0.418824072974167     
  0.157480314960630     
   27.5000000000000       0.149606299212598       0.412171173948716     
  0.157480314960630     
   27.5000000000000       0.149606299212598       0.412171173948716     
  0.157480314960630     
   27.6000000000000       0.149606299212598       0.405593458938911     
  0.157480314960630     
   27.6000000000000       0.149606299212598       0.405593458938911     
  0.157480314960630     
   27.7000000000000       0.157480314960630       0.405506340209480     
  0.157480314960630     
   27.7000000000000       0.157480314960630       0.405506340209480     
  0.157480314960630     
   27.8000000000000       0.157480314960630       0.419094617060516     
  0.157480314960630     
   27.8000000000000       0.157480314960630       0.419094617060516     
  0.157480314960630     
   27.9000000000000       0.157480314960630       0.428911579203560     
  0.157480314960630     
   27.9000000000000       0.157480314960630       0.428911579203560     
  0.157480314960630     
   28.0000000000000       0.157480314960630       0.435461833766064     
  0.157480314960630     
   28.0000000000000       0.157480314960630       0.435461833766064     
  0.157480314960630     
   28.1000000000000       0.157480314960630       0.439519696832982     
  0.165354330708661     
   28.1000000000000       0.157480314960630       0.439519696832982     
  0.165354330708661     
   28.2000000000000       0.157480314960630       0.441791170181217     
  0.165354330708661     
   28.2000000000000       0.157480314960630       0.441791170181217     
  0.165354330708661     
   28.3000000000000       0.157480314960630       0.442744145316997     
  0.165354330708661     
   28.3000000000000       0.157480314960630       0.442744145316997     
  0.165354330708661     
   28.4000000000000       0.157480314960630       0.442603392707704     
  0.165354330708661     
   28.4000000000000       0.157480314960630       0.442603392707704     
  0.165354330708661     
   28.5000000000000       0.157480314960630       0.441416363367913     
  0.165354330708661     
   28.5000000000000       0.157480314960630       0.441416363367913     
  0.165354330708661     
   28.6000000000000       0.157480314960630       0.439134295853392     
  0.165354330708661     
   28.6000000000000       0.157480314960630       0.439134295853392     
  0.165354330708661     
   28.7000000000000       0.157480314960630       0.435696566817912     
  0.165354330708661     
   28.7000000000000       0.157480314960630       0.435696566817912     
  0.165354330708661     
   28.8000000000000       0.157480314960630       0.431113910783122     
  0.165354330708661     
   28.8000000000000       0.157480314960630       0.431113910783122     
  0.165354330708661     
   28.9000000000000       0.157480314960630       0.425529477863628     
  0.165354330708661     
   28.9000000000000       0.157480314960630       0.425529477863628     
  0.165354330708661     
   29.0000000000000       0.157480314960630       0.419227133701162     
  0.165354330708661     
   29.0000000000000       0.157480314960630       0.419227133701162     
  0.165354330708661     
   29.1000000000000       0.157480314960630       0.412582076431039     
  0.165354330708661     
   29.1000000000000       0.157480314960630       0.412582076431039     
  0.165354330708661     
   29.2000000000000       0.157480314960630       0.405988173153462     
  0.165354330708661     
   29.2000000000000       0.157480314960630       0.405988173153462     
  0.165354330708661     
   29.3000000000000       0.165354330708661       0.404492651804008     
  0.165354330708661     
   29.3000000000000       0.165354330708661       0.404492651804008     
  0.165354330708661     
   29.4000000000000       0.165354330708661       0.418329095603051     
  0.165354330708661     
   29.4000000000000       0.165354330708661       0.418329095603051     
  0.165354330708661     
   29.5000000000000       0.165354330708661       0.428379270237148     
  0.165354330708661     
   29.5000000000000       0.165354330708661       0.428379270237148     
  0.165354330708661     
   29.6000000000000       0.165354330708661       0.435118098260146     
  0.165354330708661     
   29.6000000000000       0.165354330708661       0.435118098260146     
  0.165354330708661     
   29.7000000000000       0.165354330708661       0.439313580189257     
  0.173228346456693     
   29.7000000000000       0.165354330708661       0.439313580189257     
  0.173228346456693     
   29.8000000000000       0.165354330708661       0.441683390363461     
  0.173228346456693     
   29.8000000000000       0.165354330708661       0.441683390363461     
  0.173228346456693     
   29.9000000000000       0.165354330708661       0.442712194373109     
  0.173228346456693     
   29.9000000000000       0.165354330708661       0.442712194373109     
  0.173228346456693     
   30.0000000000000       0.165354330708661       0.442638825632777     
  0.173228346456693     
   30.0000000000000       0.165354330708661       0.442638825632777     
  0.173228346456693     
   30.1000000000000       0.165354330708661       0.441519799461974     
  0.173228346456693     
   30.1000000000000       0.165354330708661       0.441519799461974     
  0.173228346456693     
   30.2000000000000       0.165354330708661       0.439310080547737     
  0.173228346456693     
   30.2000000000000       0.165354330708661       0.439310080547737     
  0.173228346456693     
   30.3000000000000       0.165354330708661       0.435947265691922     
  0.173228346456693     
   30.3000000000000       0.165354330708661       0.435947265691922     
  0.173228346456693     
   30.4000000000000       0.165354330708661       0.431435285522109     
  0.173228346456693     
   30.4000000000000       0.165354330708661       0.431435285522109     
  0.173228346456693     
   30.5000000000000       0.165354330708661       0.425907854936339     
  0.173228346456693     
   30.5000000000000       0.165354330708661       0.425907854936339     
  0.173228346456693     
   30.6000000000000       0.165354330708661       0.419640769768057     
  0.173228346456693     
   30.6000000000000       0.165354330708661       0.419640769768057     
  0.173228346456693     
   30.7000000000000       0.165354330708661       0.413005502217354     
  0.173228346456693     
   30.7000000000000       0.165354330708661       0.413005502217354     
  0.173228346456693     
   30.8000000000000       0.165354330708661       0.406396734628723     
  0.173228346456693     
   30.8000000000000       0.165354330708661       0.406396734628723     
  0.173228346456693     
   30.9000000000000       0.173228346456693       0.403453817476549     
  0.173228346456693     
   30.9000000000000       0.173228346456693       0.403453817476549     
  0.173228346456693     
   31.0000000000000       0.173228346456693       0.417540813376712     
  0.173228346456693     
   31.0000000000000       0.173228346456693       0.417540813376712     
  0.173228346456693     
   31.1000000000000       0.173228346456693       0.427828829044433     
  0.173228346456693     
   31.1000000000000       0.173228346456693       0.427828829044433     
  0.173228346456693     
   31.2000000000000       0.173228346456693       0.434761621046165     
  0.173228346456693     
   31.2000000000000       0.173228346456693       0.434761621046165     
  0.173228346456693     
   31.3000000000000       0.173228346456693       0.439099303668579     
  0.181102362204724     
   31.3000000000000       0.173228346456693       0.439099303668579     
  0.181102362204724     
   31.4000000000000       0.173228346456693       0.441570604407682     
  0.181102362204724     
   31.4000000000000       0.173228346456693       0.441570604407682     
  0.181102362204724     
   31.5000000000000       0.173228346456693       0.442677133324698     
  0.181102362204724     
   31.5000000000000       0.173228346456693       0.442677133324698     
  0.181102362204724     
   31.6000000000000       0.173228346456693       0.442672224104752     
  0.181102362204724     
   31.6000000000000       0.173228346456693       0.442672224104752     
  0.181102362204724     
   31.7000000000000       0.173228346456693       0.441621891531748     
  0.181102362204724     
   31.7000000000000       0.173228346456693       0.441621891531748     
  0.181102362204724     
   31.8000000000000       0.173228346456693       0.439485211184659     
  0.181102362204724     
   31.8000000000000       0.173228346456693       0.439485211184659     
  0.181102362204724     
   31.9000000000000       0.173228346456693       0.436198324781928     
  0.181102362204724     
   31.9000000000000       0.173228346456693       0.436198324781928     
  0.181102362204724     
   32.0000000000000       0.173228346456693       0.431758545851468     
  0.181102362204724     
   32.0000000000000       0.173228346456693       0.431758545851468     
  0.181102362204724     
   32.1000000000000       0.173228346456693       0.426290089715089     
  0.181102362204724     
   32.1000000000000       0.173228346456693       0.426290089715089     
  0.181102362204724     
   32.2000000000000       0.173228346456693       0.420060377796432     
  0.181102362204724     
   32.2000000000000       0.173228346456693       0.420060377796432     
  0.181102362204724     
   32.3000000000000       0.173228346456693       0.413436801815551     
  0.181102362204724     
   32.3000000000000       0.173228346456693       0.413436801815551     
  0.181102362204724     
   32.4000000000000       0.173228346456693       0.406814617768184     
  0.181102362204724     
   32.4000000000000       0.173228346456693       0.406814617768184     
  0.181102362204724     
   32.5000000000000       0.181102362204724       0.402393018974637     
  0.181102362204724     
   32.5000000000000       0.181102362204724       0.402393018974637     
  0.181102362204724     
   32.6000000000000       0.181102362204724       0.416731752796925     
  0.181102362204724     
   32.6000000000000       0.181102362204724       0.416731752796925     
  0.181102362204724     
   32.7000000000000       0.181102362204724       0.427261219494989     
  0.181102362204724     
   32.7000000000000       0.181102362204724       0.427261219494989     
  0.181102362204724     
   32.8000000000000       0.181102362204724       0.434392669594612     
  0.181102362204724     
   32.8000000000000       0.181102362204724       0.434392669594612     
  0.181102362204724     
   32.9000000000000       0.181102362204724       0.438876709057835     
  0.188976377952756     
   32.9000000000000       0.181102362204724       0.438876709057835     
  0.188976377952756     
   33.0000000000000       0.181102362204724       0.441452366774010     
  0.188976377952756     
   33.0000000000000       0.181102362204724       0.441452366774010     
  0.188976377952756     
   33.1000000000000       0.181102362204724       0.442638263787390     
  0.188976377952756     
   33.1000000000000       0.181102362204724       0.442638263787390     
  0.188976377952756     
   33.2000000000000       0.181102362204724       0.442702613904843     
  0.188976377952756     
   33.2000000000000       0.181102362204724       0.442702613904843     
  0.188976377952756     
   33.3000000000000       0.181102362204724       0.441721340118305     
  0.188976377952756     
   33.3000000000000       0.181102362204724       0.441721340118305     
  0.188976377952756     
   33.4000000000000       0.181102362204724       0.439658010506218     
  0.188976377952756     
   33.4000000000000       0.181102362204724       0.439658010506218     
  0.188976377952756     
   33.5000000000000       0.181102362204724       0.436447659592472     
  0.188976377952756     
   33.5000000000000       0.181102362204724       0.436447659592472     
  0.188976377952756     
   33.6000000000000       0.181102362204724       0.432081221849320     
  0.188976377952756     
   33.6000000000000       0.181102362204724       0.432081221849320     
  0.188976377952756     
   33.7000000000000       0.181102362204724       0.426673412507399     
  0.188976377952756     
   33.7000000000000       0.181102362204724       0.426673412507399     
  0.188976377952756     
   33.8000000000000       0.181102362204724       0.420483018086683     
  0.188976377952756     
   33.8000000000000       0.181102362204724       0.420483018086683     
  0.188976377952756     
   33.9000000000000       0.181102362204724       0.413873000515379     
  0.188976377952756     
   33.9000000000000       0.181102362204724       0.413873000515379     
  0.188976377952756     
   34.0000000000000       0.181102362204724       0.407238927288816     
  0.188976377952756     
   34.0000000000000       0.181102362204724       0.407238927288816     
  0.188976377952756     
   34.1000000000000       0.188976377952756       0.401312357354743     
  0.188976377952756     
   34.1000000000000       0.188976377952756       0.401312357354743     
  0.188976377952756     
   34.2000000000000       0.188976377952756       0.415903190878689     
  0.188976377952756     
   34.2000000000000       0.188976377952756       0.415903190878689     
  0.188976377952756     
   34.3000000000000       0.188976377952756       0.426677009176310     
  0.188976377952756     
   34.3000000000000       0.188976377952756       0.426677009176310     
  0.188976377952756     
   34.4000000000000       0.188976377952756       0.434011344726240     
  0.188976377952756     
   34.4000000000000       0.188976377952756       0.434011344726240     
  0.188976377952756     
   34.5000000000000       0.188976377952756       0.438645639682093     
  0.188976377952756     
   34.5000000000000       0.188976377952756       0.438645639682093     
  0.188976377952756     
   34.6000000000000       0.188976377952756       0.441328365806986     
  0.196850393700787     
   34.6000000000000       0.188976377952756       0.441328365806986     
  0.196850393700787     
   34.7000000000000       0.188976377952756       0.442595139610209     
  0.196850393700787     
   34.7000000000000       0.188976377952756       0.442595139610209     
  0.196850393700787     
   34.8000000000000       0.188976377952756       0.442729392986245     
  0.196850393700787     
   34.8000000000000       0.188976377952756       0.442729392986245     
  0.196850393700787     
   34.9000000000000       0.188976377952756       0.441817347800964     
  0.196850393700787     
   34.9000000000000       0.188976377952756       0.441817347800964     
  0.196850393700787     
   35.0000000000000       0.188976377952756       0.439827442967526     
  0.196850393700787     
   35.0000000000000       0.188976377952756       0.439827442967526     
  0.196850393700787     
   35.1000000000000       0.188976377952756       0.436693967457533     
  0.196850393700787     
   35.1000000000000       0.188976377952756       0.436693967457533     
  0.196850393700787     
   35.2000000000000       0.188976377952756       0.432401749569751     
  0.196850393700787     
   35.2000000000000       0.188976377952756       0.432401749569751     
  0.196850393700787     
   35.3000000000000       0.188976377952756       0.427056051224752     
  0.196850393700787     
   35.3000000000000       0.188976377952756       0.427056051224752     
  0.196850393700787     
   35.4000000000000       0.188976377952756       0.420906798595714     
  0.196850393700787     
   35.4000000000000       0.188976377952756       0.420906798595714     
  0.196850393700787     
   35.5000000000000       0.188976377952756       0.414312179929134     
  0.196850393700787     
   35.5000000000000       0.188976377952756       0.414312179929134     
  0.196850393700787     
   35.6000000000000       0.188976377952756       0.407667797536484     
  0.196850393700787     
   35.6000000000000       0.188976377952756       0.407667797536484     
  0.196850393700787     
   35.7000000000000       0.188976377952756       0.401340540049110     
  0.196850393700787     
   35.7000000000000       0.188976377952756       0.401340540049110     
  0.196850393700787     
   35.8000000000000       0.196850393700787       0.415055951493189     
  0.196850393700787     
   35.8000000000000       0.196850393700787       0.415055951493189     
  0.196850393700787     
   35.9000000000000       0.196850393700787       0.426076508368881     
  0.196850393700787     
   35.9000000000000       0.196850393700787       0.426076508368881     
  0.196850393700787     
   36.0000000000000       0.196850393700787       0.433617634560376     
  0.196850393700787     
   36.0000000000000       0.196850393700787       0.433617634560376     
  0.196850393700787     
   36.1000000000000       0.196850393700787       0.438405932507760     
  0.196850393700787     
   36.1000000000000       0.196850393700787       0.438405932507760     
  0.196850393700787     
   36.2000000000000       0.196850393700787       0.441198367762609     
  0.204724409448819     
   36.2000000000000       0.196850393700787       0.441198367762609     
  0.204724409448819     
   36.3000000000000       0.196850393700787       0.442547467864779     
  0.204724409448819     
   36.3000000000000       0.196850393700787       0.442547467864779     
  0.204724409448819     
   36.4000000000000       0.196850393700787       0.442752188470333     
  0.204724409448819     
   36.4000000000000       0.196850393700787       0.442752188470333     
  0.204724409448819     
   36.5000000000000       0.196850393700787       0.441909428373388     
  0.204724409448819     
   36.5000000000000       0.196850393700787       0.441909428373388     
  0.204724409448819     
   36.6000000000000       0.196850393700787       0.439992872663209     
  0.204724409448819     
   36.6000000000000       0.196850393700787       0.439992872663209     
  0.204724409448819     
   36.7000000000000       0.196850393700787       0.436936434465745     
  0.204724409448819     
   36.7000000000000       0.196850393700787       0.436936434465745     
  0.204724409448819     
   36.8000000000000       0.196850393700787       0.432719133173026     
  0.204724409448819     
   36.8000000000000       0.196850393700787       0.432719133173026     
  0.204724409448819     
   36.9000000000000       0.196850393700787       0.427436860751318     
  0.204724409448819     
   36.9000000000000       0.196850393700787       0.427436860751318     
  0.204724409448819     
   37.0000000000000       0.196850393700787       0.421330486821119     
  0.204724409448819     
   37.0000000000000       0.196850393700787       0.421330486821119     
  0.204724409448819     
   37.1000000000000       0.196850393700787       0.414753087655771     
  0.204724409448819     
   37.1000000000000       0.196850393700787       0.414753087655771     
  0.204724409448819     
   37.2000000000000       0.196850393700787       0.408100012834672     
  0.204724409448819     
   37.2000000000000       0.196850393700787       0.408100012834672     
  0.204724409448819     
   37.3000000000000       0.196850393700787       0.401741757566472     
  0.204724409448819     
   37.3000000000000       0.196850393700787       0.401741757566472     
  0.204724409448819     
   37.4000000000000       0.204724409448819       0.414190568850870     
  0.204724409448819     
   37.4000000000000       0.204724409448819       0.414190568850870     
  0.204724409448819     
   37.5000000000000       0.204724409448819       0.425459861314699     
  0.204724409448819     
   37.5000000000000       0.204724409448819       0.425459861314699     
  0.204724409448819     
   37.6000000000000       0.204724409448819       0.433211451200338     
  0.204724409448819     
   37.6000000000000       0.204724409448819       0.433211451200338     
  0.204724409448819     
   37.7000000000000       0.204724409448819       0.438157415063249     
  0.204724409448819     
   37.7000000000000       0.204724409448819       0.438157415063249     
  0.204724409448819     
   37.8000000000000       0.204724409448819       0.441062183028371     
  0.212598425196850     
   37.8000000000000       0.204724409448819       0.441062183028371     
  0.212598425196850     
   37.9000000000000       0.204724409448819       0.442495047853238     
  0.212598425196850     
   37.9000000000000       0.204724409448819       0.442495047853238     
  0.212598425196850     
   38.0000000000000       0.204724409448819       0.442770768011905     
  0.212598425196850     
   38.0000000000000       0.204724409448819       0.442770768011905     
  0.212598425196850     
   38.1000000000000       0.204724409448819       0.441997288197287     
  0.212598425196850     
   38.1000000000000       0.204724409448819       0.441997288197287     
  0.212598425196850     
   38.2000000000000       0.204724409448819       0.440153912437153     
  0.212598425196850     
   38.2000000000000       0.204724409448819       0.440153912437153     
  0.212598425196850     
   38.3000000000000       0.204724409448819       0.437174552320807     
  0.212598425196850     
   38.3000000000000       0.204724409448819       0.437174552320807     
  0.212598425196850     
   38.4000000000000       0.204724409448819       0.433032733249996     
  0.212598425196850     
   38.4000000000000       0.204724409448819       0.433032733249996     
  0.212598425196850     
   38.5000000000000       0.204724409448819       0.427815090153593     
  0.212598425196850     
   38.5000000000000       0.204724409448819       0.427815090153593     
  0.212598425196850     
   38.6000000000000       0.204724409448819       0.421753265451288     
  0.212598425196850     
   38.6000000000000       0.204724409448819       0.421753265451288     
  0.212598425196850     
   38.7000000000000       0.204724409448819       0.415194891026963     
  0.212598425196850     
   38.7000000000000       0.204724409448819       0.415194891026963     
  0.212598425196850     
   38.8000000000000       0.204724409448819       0.408534767577339     
  0.212598425196850     
   38.8000000000000       0.204724409448819       0.408534767577339     
  0.212598425196850     
   38.9000000000000       0.204724409448819       0.402146778117904     
  0.212598425196850     
   38.9000000000000       0.204724409448819       0.402146778117904     
  0.212598425196850     
   39.0000000000000       0.212598425196850       0.413307393588255     
  0.212598425196850     
   39.0000000000000       0.212598425196850       0.413307393588255     
  0.212598425196850     
   39.1000000000000       0.212598425196850       0.424827106322881     
  0.212598425196850     
   39.1000000000000       0.212598425196850       0.424827106322881     
  0.212598425196850     
   39.2000000000000       0.212598425196850       0.432792655771126     
  0.212598425196850     
   39.2000000000000       0.212598425196850       0.432792655771126     
  0.212598425196850     
   39.3000000000000       0.212598425196850       0.437899904835140     
  0.212598425196850     
   39.3000000000000       0.212598425196850       0.437899904835140     
  0.212598425196850     
   39.4000000000000       0.212598425196850       0.440919645862005     
  0.220472440944882     
   39.4000000000000       0.212598425196850       0.440919645862005     
  0.220472440944882     
   39.5000000000000       0.212598425196850       0.442437733624380     
  0.220472440944882     
   39.5000000000000       0.212598425196850       0.442437733624380     
  0.220472440944882     
   39.6000000000000       0.212598425196850       0.442784984950771     
  0.220472440944882     
   39.6000000000000       0.212598425196850       0.442784984950771     
  0.220472440944882     
   39.7000000000000       0.212598425196850       0.442080752531556     
  0.220472440944882     
   39.7000000000000       0.212598425196850       0.442080752531556     
  0.220472440944882     
   39.8000000000000       0.212598425196850       0.440310329939046     
  0.220472440944882     
   39.8000000000000       0.212598425196850       0.440310329939046     
  0.220472440944882     
   39.9000000000000       0.212598425196850       0.437408004018741     
  0.220472440944882     
   39.9000000000000       0.212598425196850       0.437408004018741     
  0.220472440944882     
   40.0000000000000       0.212598425196850       0.433342134330709     
  0.220472440944882     
   40.0000000000000       0.212598425196850       0.433342134330709     
  0.220472440944882     
