  3.000000000000000E-002  3.219426293080894E-003  0.999910484541136     
  6.000000000000000E-002  3.290287086081175E-003  0.999773802325774     
  9.000000000000000E-002  3.362665963021825E-003  0.999634177074355     
  0.120000000000000       3.436593278388784E-003  0.999491549144419     
  0.150000000000000       3.512099871508509E-003  0.999345857892732     
  0.180000000000000       3.589217066458979E-003  0.999197041671602     
  0.210000000000000       3.667976671314722E-003  0.999045037826234     
  0.240000000000000       3.748410976666299E-003  0.998889782693226     
  0.270000000000000       3.830552753350374E-003  0.998731211600322     
  0.300000000000000       3.914435249320984E-003  0.998569258867525     
  0.330000000000000       4.000092185587623E-003  0.998403857809697     
  0.360000000000000       4.087557751139383E-003  0.998234940740786     
  0.390000000000000       4.176866596768317E-003  0.998062438979815     
  0.420000000000000       4.268053827697926E-003  0.997886282858795     
  0.450000000000000       4.361154994915399E-003  0.997706401732726     
  0.480000000000000       4.456206085097541E-003  0.997522723991876     
  0.510000000000000       4.553243509011901E-003  0.997335177076525     
  0.540000000000000       4.652304088264451E-003  0.997143687494396     
  0.570000000000000       4.753425040254759E-003  0.996948180840998     
  0.600000000000000       4.856643961187993E-003  0.996748581823131     
  0.630000000000000       4.961998806980489E-003  0.996544814285835     
  0.660000000000000       5.069527871881847E-003  0.996336801243059     
  0.690000000000000       5.179269764621572E-003  0.996124464912381     
  0.720000000000000       5.291263381871822E-003  0.995907726754121     
  0.750000000000000       5.405547878799875E-003  0.995686507515227     
  0.780000000000000       5.522162636464364E-003  0.995460727278332     
  0.810000000000000       5.641147225787881E-003  0.995230305516435     
  0.840000000000000       5.762541367814707E-003  0.994995161153683     
  0.870000000000000       5.886384889937176E-003  0.994755212632781     
  0.900000000000000       6.012717677745093E-003  0.994510377989606     
  0.930000000000000       6.141579622122171E-003  0.994260574935633     
  0.960000000000000       6.273010561178725E-003  0.994005720948873     
  0.990000000000000       6.407050216572460E-003  0.993745733374052     
   1.02000000000000       6.543738123727588E-003  0.993480529532837     
   1.05000000000000       6.683113555416932E-003  0.993210026845011     
   1.08000000000000       6.825215438121159E-003  0.992934142961542     
   1.11000000000000       6.970082260523722E-003  0.992652795910621     
   1.14000000000000       7.117751973438805E-003  0.992365904257826     
   1.17000000000000       7.268261880401523E-003  0.992073387281676     
   1.20000000000000       7.421648518074756E-003  0.991775165165971     
   1.23000000000000       7.577947525543961E-003  0.991471159210450     
   1.26000000000000       7.737193501479411E-003  0.991161292061440     
   1.29000000000000       7.899419848043430E-003  0.990845487964346     
   1.32000000000000       8.064658600307851E-003  0.990523673040001     
   1.35000000000000       8.232940239821178E-003  0.990195775587120     
   1.38000000000000       8.404293490827337E-003  0.989861726413298     
   1.41000000000000       8.578745097483244E-003  0.989521459197264     
   1.44000000000000       8.756319580252961E-003  0.989174910885371     
   1.47000000000000       8.937038969466611E-003  0.988822022125596     
   1.50000000000000       9.120922513823513E-003  0.988462737742680     
   1.53000000000000       9.307986361386952E-003  0.988097007258385     
   1.56000000000000       9.498243210361761E-003  0.987724785461278     
   1.59000000000000       9.691701926662816E-003  0.987346033030876     
   1.62000000000000       9.888367124970753E-003  0.986960717221506     
   1.65000000000000       1.008823870962755E-002  0.986568812611759     
   1.68000000000000       1.029131137134990E-002  0.986170301925999     
   1.71000000000000       1.049757403532797E-002  0.985765176935054     
   1.74000000000000       1.070700925583513E-002  0.985353439443871     
   1.77000000000000       1.091959255199728E-002  0.984935102374679     
   1.80000000000000       1.113529167886829E-002  0.984510190954967     
   1.83000000000000       1.135406582743268E-002  0.984078744020395     
   1.86000000000000       1.157586474662483E-002  0.983640815443582     
   1.89000000000000       1.180062777993641E-002  0.983196475700530     
   1.92000000000000       1.202828280870728E-002  0.982745813587204     
   1.95000000000000       1.225874509381612E-002  0.982288938099473     
   1.98000000000000       1.249191600726025E-002  0.981825980490097     
   2.01000000000000       1.272768164514098E-002  0.981357096516685     
   2.04000000000000       1.296591131397427E-002  0.980882468894357     
   2.07000000000000       1.320645588318062E-002  0.980402309966034     
   2.10000000000000       1.344914599828368E-002  0.979916864601667     
   2.13000000000000       1.369379015200379E-002  0.979426413334841     
   2.16000000000000       1.394017261432586E-002  0.978931275740746     
   2.19000000000000       1.418805122811183E-002  0.978431814052888     
   2.22000000000000       1.443715508415076E-002  0.977928437006326     
   2.25000000000000       1.468718209918320E-002  0.977421603881968     
   2.28000000000000       1.493779653270675E-002  0.976911828708247     
   2.31000000000000       1.518862649386840E-002  0.976399684552200     
   2.34000000000000       1.543926150917652E-002  0.975885807800022     
   2.37000000000000       1.568925024597786E-002  0.975370902285933     
   2.40000000000000       1.593809851684183E-002  0.974855743076177     
   2.43000000000000       1.618526772703622E-002  0.974341179650696     
   2.46000000000000       1.643017397238712E-002  0.973828138148148     
   2.49000000000000       1.667218804702627E-002  0.973317622251384     
   2.52000000000000       1.691063667806533E-002  0.972810712194167     
   2.55000000000000       1.714480536187233E-002  0.972308561273831     
   2.58000000000000       1.737394322439607E-002  0.971812389173157     
   2.61000000000000       1.759727035109189E-002  0.971323471350149     
   2.64000000000000       1.781398800969241E-002  0.970843123778170     
   2.67000000000000       1.802329209561838E-002  0.970372682450297     
   2.70000000000000       1.822438993904649E-002  0.969913477343145     
   2.73000000000000       1.841652030518659E-002  0.969466801000528     
   2.76000000000000       1.859897599605582E-002  0.969033872551958     
   2.79000000000000       1.877112795349753E-002  0.968615798784526     
   2.82000000000000       1.893244923275253E-002  0.968213534747616     
   2.85000000000000       1.908253677583347E-002  0.967827847124196     
   2.88000000000000       1.922112876941219E-002  0.967459283947150     
   2.91000000000000       1.934811566877547E-002  0.967108153891040     
   2.94000000000000       1.946354346282507E-002  0.966774517600707     
   2.97000000000000       1.956760823240371E-002  0.966458192777707     
   3.00000000000000       1.966064231816077E-002  0.966158773032219     
   3.03000000000000       1.974309458401516E-002  0.965875657146485     
   3.06000000000000       1.981550780179032E-002  0.965608083805847     
   3.09000000000000       1.987849378105021E-002  0.965355170034969     
   3.12000000000000       1.993270640007774E-002  0.965115953468354     
   3.15000000000000       1.997881665464307E-002  0.964889432980340     
   3.18000000000000       2.001749425483878E-002  0.964674600000291     
   3.21000000000000       2.004939609679876E-002  0.964470458560933     
   3.24000000000000       2.007515602828279E-002  0.964276041506801     
   3.27000000000000       2.009537296018352E-002  0.964090429522193     
   3.30000000000000       2.011060249356923E-002  0.963912766100689     
   3.33000000000000       2.012135334256901E-002  0.963742264711810     
   3.36000000000000       2.012808741762835E-002  0.963578210022485     
   3.39000000000000       2.013122414595562E-002  0.963419952501256     
   3.42000000000000       2.013114639440653E-002  0.963266899204436     
   3.45000000000000       2.012820276698026E-002  0.963118509227093     
   3.48000000000000       2.012270760304443E-002  0.962974293711651     
   3.51000000000000       2.011494167960773E-002  0.962833815266162     
   3.54000000000000       2.010515428598393E-002  0.962696685318572     
   3.57000000000000       2.009356743999732E-002  0.962562558253400     
   3.60000000000000       2.008038145415550E-002  0.962431122855777     
   3.63000000000000       2.006577856196046E-002  0.962302095938836     
   3.66000000000000       2.004992400652421E-002  0.962175220212731     
   3.69000000000000       2.003296637763597E-002  0.962050263787301     
   3.72000000000000       2.001503812339541E-002  0.961927019576006     
   3.75000000000000       1.999625697491429E-002  0.961805303458995     
   3.78000000000000       1.997672873007077E-002  0.961684950287669     
   3.81000000000000       1.995655013003636E-002  0.961565809227565     
   3.84000000000000       1.993581024757211E-002  0.961447741179188     
   3.87000000000000       1.991459077668531E-002  0.961330618166192     
   3.90000000000000       1.989296595250734E-002  0.961214323451723     
   3.93000000000000       1.987100247833629E-002  0.961098751749409     
   3.96000000000000       1.984876001587114E-002  0.960983808701119     
   3.99000000000000       1.982629258261712E-002  0.960869408929976     
   4.02000000000000       1.980365011571412E-002  0.960755473521571     
   4.05000000000000       1.978087918575173E-002  0.960641928660183     
   4.08000000000000       1.975802305818434E-002  0.960528705437481     
   4.11000000000000       1.973512154112128E-002  0.960415740076079     
   4.14000000000000       1.971221072754803E-002  0.960302974349313     
   4.17000000000000       1.968932290557718E-002  0.960190355832873     
   4.20000000000000       1.966648703709622E-002  0.960077837346393     
   4.23000000000000       1.964372973354136E-002  0.959965375507017     
   4.26000000000000       1.962107594988713E-002  0.959852929495676     
   4.29000000000000       1.959854903754020E-002  0.959740460836707     
   4.32000000000000       1.957617056665022E-002  0.959627933667351     
   4.35000000000000       1.955396011286127E-002  0.959515315078678     
   4.38000000000000       1.953193500433268E-002  0.959402575529346     
   4.41000000000000       1.951011022038589E-002  0.959289689091075     
   4.44000000000000       1.948849873129334E-002  0.959176633059158     
   4.47000000000000       1.946711220192745E-002  0.959063386904200     
   4.50000000000000       1.944596144253884E-002  0.958949931440040     
   4.53000000000000       1.942505631170833E-002  0.958836248856363     
   4.56000000000000       1.940440543535667E-002  0.958722323159803     
   4.59000000000000       1.938401595488593E-002  0.958608140590830     
   4.62000000000000       1.936389326639805E-002  0.958493690046278     
   4.65000000000000       1.934404083452911E-002  0.958378963426147     
   4.68000000000000       1.932446031775652E-002  0.958263955551902     
   4.71000000000000       1.930515208263702E-002  0.958148663448799     
   4.74000000000000       1.928611569400248E-002  0.958033085514417     
   4.77000000000000       1.926734992653526E-002  0.957917221368773     
   4.80000000000000       1.924885247597455E-002  0.957801072278156     
   4.83000000000000       1.923061970071942E-002  0.957684641594811     
   4.86000000000000       1.921264640933160E-002  0.957567935110285     
   4.89000000000000       1.919492566322778E-002  0.957450961389845     
   4.92000000000000       1.917744872572613E-002  0.957333731923877     
   4.95000000000000       1.916020533717159E-002  0.957216260797736     
   4.98000000000000       1.914318419897287E-002  0.957098563953745     
   5.01000000000000       1.912637318280802E-002  0.956980658751966     
   5.04000000000000       1.910975908669708E-002  0.956862564263029     
   5.07000000000000       1.909332728796900E-002  0.956744301835757     
   5.10000000000000       1.907706153040401E-002  0.956625895485989     
   5.13000000000000       1.906094383116547E-002  0.956507372085501     
   5.16000000000000       1.904495453013666E-002  0.956388761343526     
   5.19000000000000       1.902907263269327E-002  0.956270095367852     
   5.22000000000000       1.901327654620540E-002  0.956151407602262     
   5.25000000000000       1.899754494319048E-002  0.956032731446307     
   5.28000000000000       1.898185726008789E-002  0.955914099333143     
   5.31000000000000       1.896619378827983E-002  0.955795542496441     
   5.34000000000000       1.895053568145742E-002  0.955677090953237     
   5.37000000000000       1.893486499826857E-002  0.955558773436039     
   5.40000000000000       1.891916473472986E-002  0.955440617329603     
   5.43000000000000       1.890341888946658E-002  0.955322648579931     
   5.46000000000000       1.888761272112086E-002  0.955204891342863     
   5.49000000000000       1.887173326177467E-002  0.955087367215156     
   5.52000000000000       1.885576978388349E-002  0.954970094422586     
   5.55000000000000       1.883971381803214E-002  0.954853087639484     
   5.58000000000000       1.882355880341863E-002  0.954736358461064     
   5.61000000000000       1.880729969476307E-002  0.954619916022036     
   5.64000000000000       1.879093261689506E-002  0.954503767544840     
   5.67000000000000       1.877445454287799E-002  0.954387918850154     
   5.70000000000000       1.875786306761170E-002  0.954272374748732     
   5.73000000000000       1.874115643863873E-002  0.954157139069172     
   5.76000000000000       1.872433388092481E-002  0.954042214200953     
   5.79000000000000       1.870739590111021E-002  0.953927600556169     
   5.82000000000000       1.869034420876563E-002  0.953813296571625     
   5.85000000000000       1.867318135359090E-002  0.953699299230092     
   5.88000000000000       1.865591036202271E-002  0.953585604647237     
   5.91000000000000       1.863853443595029E-002  0.953472208560454     
   5.94000000000000       1.862105668469514E-002  0.953359106763555     
   5.97000000000000       1.860347995533508E-002  0.953246295415144     
   6.00000000000000       1.858580690959736E-002  0.953133770995948     
   6.03000000000000       1.856804038643086E-002  0.953021529797871     
   6.06000000000000       1.855018376974056E-002  0.952909567300964     
   6.09000000000000       1.853224101222498E-002  0.952797878026185     
   6.12000000000000       1.851421637657696E-002  0.952686455892749     
   6.15000000000000       1.849611415674827E-002  0.952575294669570     
   6.18000000000000       1.847793845044264E-002  0.952464388347834     
   6.21000000000000       1.845969295213601E-002  0.952353731476857     
   6.24000000000000       1.844138081339806E-002  0.952243319416916     
   6.27000000000000       1.842300470536858E-002  0.952133148310249     
   6.30000000000000       1.840456715665783E-002  0.952023214615362     
   6.33000000000000       1.838607096514426E-002  0.951913514439996     
   6.36000000000000       1.836751933346506E-002  0.951804043229040     
   6.39000000000000       1.834891569531891E-002  0.951694795973993     
   6.42000000000000       1.833026347399064E-002  0.951585767596318     
   6.45000000000000       1.831156588409836E-002  0.951476953274094     
   6.48000000000000       1.829282574988731E-002  0.951368348734766     
   6.51000000000000       1.827404535626383E-002  0.951259950510301     
   6.54000000000000       1.825522644236922E-002  0.951151756001782     
   6.57000000000000       1.823637044862319E-002  0.951043763161166     
   6.60000000000000       1.821747893008379E-002  0.950935969857323     
   6.63000000000000       1.819855381608607E-002  0.950828373392252     
   6.66000000000000       1.817959734552606E-002  0.950720970520241     
   6.69000000000000       1.816061185104974E-002  0.950613757770703     
   6.72000000000000       1.814159956454281E-002  0.950506731768043     
   6.75000000000000       1.812256244726625E-002  0.950399889505733     
   6.78000000000000       1.810350202840359E-002  0.950293228609719     
   6.81000000000000       1.808441931957282E-002  0.950186747508016     
   6.84000000000000       1.806531492786896E-002  0.950080445317104     
   6.87000000000000       1.804618939944179E-002  0.949974321351152     
   6.90000000000000       1.802704358227663E-002  0.949868374521254     
   6.93000000000000       1.800787872519023E-002  0.949762603091794     
   6.96000000000000       1.798869632489606E-002  0.949657004871082     
   6.99000000000000       1.796949792549208E-002  0.949551577530331     
   7.02000000000000       1.795028495005641E-002  0.949446318878819     
   7.05000000000000       1.793105853895690E-002  0.949341227121980     
   7.08000000000000       1.791181940940542E-002  0.949236301098169     
   7.11000000000000       1.789256783027391E-002  0.949131540363374     
   7.14000000000000       1.787330381626798E-002  0.949026944948627     
   7.17000000000000       1.785402749566079E-002  0.948922514806455     
   7.20000000000000       1.783473939107230E-002  0.948818249313403     
   7.23000000000000       1.781544041822975E-002  0.948714147192555     
   7.26000000000000       1.779613170918517E-002  0.948610206764020     
   7.29000000000000       1.777681443127523E-002  0.948506426238323     
   7.32000000000000       1.775748962954113E-002  0.948402803970437     
   7.35000000000000       1.773815806934255E-002  0.948299338711188     
   7.38000000000000       1.771882011530708E-002  0.948196029818723     
   7.41000000000000       1.769947574811216E-002  0.948092877281552     
   7.44000000000000       1.768012479835786E-002  0.947989881407700     
   7.47000000000000       1.766076730398889E-002  0.947887042270120     
   7.50000000000000       1.764140372901354E-002  0.947784359297872     
   7.53000000000000       1.762203491574734E-002  0.947681831282577     
   7.56000000000000       1.760266190775758E-002  0.947579456640140     
   7.59000000000000       1.758328578180082E-002  0.947477233683823     
   7.62000000000000       1.756390749540305E-002  0.947375160867908     
   7.65000000000000       1.754452773326684E-002  0.947273237033725     
   7.68000000000000       1.752514679777623E-002  0.947171461605120     
   7.71000000000000       1.750576464321588E-002  0.947069834584280     
   7.74000000000000       1.748638111729356E-002  0.946968356224025     
   7.77000000000000       1.746699630136495E-002  0.946867026493426     
   7.80000000000000       1.744761070070665E-002  0.946765844713837     
   7.83000000000000       1.742822518587476E-002  0.946664809588862     
   7.86000000000000       1.740884082257513E-002  0.946563919458371     
   7.89000000000000       1.738945871176978E-002  0.946463172557936     
   7.92000000000000       1.737007984186592E-002  0.946362567254375     
   7.95000000000000       1.735070493871102E-002  0.946262102285892     
   7.98000000000000       1.733133435767297E-002  0.946161776954055     
   8.01000000000000       1.731196811191310E-002  0.946061591126472     
   8.04000000000000       1.729260609822341E-002  0.945961544931808     
   8.07000000000000       1.727324842323861E-002  0.945861638249859     
   8.10000000000000       1.725389559691277E-002  0.945761870347820     
   8.13000000000000       1.723454848867119E-002  0.945662239888350     
   8.16000000000000       1.721520816802765E-002  0.945562745164703     
   8.19000000000000       1.719587575031146E-002  0.945463384350365     
   8.22000000000000       1.717655225462573E-002  0.945364155725570     
   8.25000000000000       1.715723845788042E-002  0.945265057909849     
   8.28000000000000       1.713793478045834E-002  0.945166090060378     
   8.31000000000000       1.711864128952756E-002  0.945067251909091     
   8.34000000000000       1.709935788909651E-002  0.944968543513854     
   8.37000000000000       1.708008463162965E-002  0.944869964781047     
   8.40000000000000       1.706082193841401E-002  0.944771515069749     
   8.43000000000000       1.704157059401884E-002  0.944673193137997     
   8.46000000000000       1.702233160383068E-002  0.944574997344580     
   8.49000000000000       1.700310604364301E-002  0.944476925890765     
   8.52000000000000       1.698389492394451E-002  0.944378977037707     
   8.55000000000000       1.696469904955651E-002  0.944281149328578     
   8.58000000000000       1.694551889557919E-002  0.944183441796608     
   8.61000000000000       1.692635457329396E-002  0.944085854053778     
   8.64000000000000       1.690720596499450E-002  0.943988386127960     
   8.67000000000000       1.688807300831841E-002  0.943891038041826     
   8.70000000000000       1.686895595365633E-002  0.943793809375693     
   8.73000000000000       1.684985542119152E-002  0.943696699114971     
   8.76000000000000       1.683077228880089E-002  0.943599705792849     
   8.79000000000000       1.681170754517921E-002  0.943502827721905     
   8.82000000000000       1.679266215897458E-002  0.943406063205216     
   8.85000000000000       1.677363694638465E-002  0.943309410745174     
   8.88000000000000       1.675463244003851E-002  0.943212869256433     
   8.91000000000000       1.673564881434034E-002  0.943116438208897     
   8.94000000000000       1.671668594950079E-002  0.943020117571769     
   8.97000000000000       1.669774366302703E-002  0.942923907488076     
   9.00000000000000       1.667882199277315E-002  0.942827807821018     
   9.03000000000000       1.665992133661696E-002  0.942731817878622     
   9.06000000000000       1.664104239607789E-002  0.942635936455065     
   9.09000000000000       1.662218603884179E-002  0.942540162037386     
   9.12000000000000       1.660335316914376E-002  0.942444493015072     
   9.15000000000000       1.658454460442050E-002  0.942348927875550     
   9.18000000000000       1.656576094460867E-002  0.942253465411460     
   9.21000000000000       1.654700246461674E-002  0.942158104904750     
   9.24000000000000       1.652826910292516E-002  0.942062846180112     
   9.27000000000000       1.650956061060165E-002  0.941967689415207     
   9.30000000000000       1.649087682230158E-002  0.941872634732201     
   9.33000000000000       1.647221787843684E-002  0.941777681813087     
   9.36000000000000       1.645358425943541E-002  0.941682829789709     
   9.39000000000000       1.643497667896230E-002  0.941588077384942     
   9.42000000000000       1.641639595353853E-002  0.941493423119346     
   9.45000000000000       1.639784288525175E-002  0.941398865499545     
   9.48000000000000       1.637931813941132E-002  0.941304403210248     
   9.51000000000000       1.636082212052975E-002  0.941210035314816     
   9.54000000000000       1.634235489706229E-002  0.941115761396343     
   9.57000000000000       1.632391625053478E-002  0.941021581521092     
   9.60000000000000       1.630550588048312E-002  0.940927495953282     
   9.63000000000000       1.628712366980771E-002  0.940833504734402     
   9.66000000000000       1.626876983347045E-002  0.940739607401067     
   9.69000000000000       1.625044488568766E-002  0.940645802990673     
   9.72000000000000       1.623214952030245E-002  0.940552090217386     
   9.75000000000000       1.621388449282195E-002  0.940458467662110     
   9.78000000000000       1.619565050861148E-002  0.940364933949566     
   9.81000000000000       1.617744810066152E-002  0.940271487940241     
   9.84000000000000       1.615927751627596E-002  0.940178128918395     
   9.87000000000000       1.614113867437840E-002  0.940084856687643     
   9.90000000000000       1.612303126192133E-002  0.939991671461007     
   9.93000000000000       1.610495496651394E-002  0.939898573522045     
   9.96000000000000       1.608690971504759E-002  0.939805562830661     
   9.99000000000000       1.606889576286818E-002  0.939712638831709     
   10.0200000000000       1.605091362677097E-002  0.939619800525535     
   10.0500000000000       1.603296396782236E-002  0.939527046648004     
   10.0800000000000       1.601504748300374E-002  0.939434375844908     
   10.1100000000000       1.599716479527516E-002  0.939341786844240     
   10.1400000000000       1.597931633222403E-002  0.939249278647720     
   10.1700000000000       1.596150222405225E-002  0.939156850704585     
   10.2000000000000       1.594372228734287E-002  0.939064502968985     
   10.2300000000000       1.592597615245239E-002  0.938972235739905     
   10.2600000000000       1.590826350472718E-002  0.938880049299791     
   10.2900000000000       1.589058429434038E-002  0.938787943556575     
   10.3200000000000       1.587293878675534E-002  0.938695917914978     
   10.3500000000000       1.585532748185640E-002  0.938603971377089     
   10.3800000000000       1.583775100323386E-002  0.938512102715708     
   10.4100000000000       1.582020999611020E-002  0.938420310637664     
   10.4400000000000       1.580270501806353E-002  0.938328593953963     
   10.4700000000000       1.578523641901572E-002  0.938236951770183     
   10.5000000000000       1.576780424796522E-002  0.938145383648792     
   10.5300000000000       1.575040825383715E-002  0.938053889641236     
   10.5600000000000       1.573304802904323E-002  0.937962470100425     
   10.5900000000000       1.571572324968892E-002  0.937871125314978     
   10.6200000000000       1.569843386433854E-002  0.937779855180348     
   10.6500000000000       1.568118012437677E-002  0.937688659104606     
   10.6800000000000       1.566396250013270E-002  0.937597536118525     
   10.7100000000000       1.564678157649568E-002  0.937506485040155     
   10.7400000000000       1.562963795498099E-002  0.937415504630519     
   10.7700000000000       1.561253214512537E-002  0.937324593762091     
   10.8000000000000       1.559546444555641E-002  0.937233751607966     
   10.8300000000000       1.557843485510112E-002  0.937142977798220     
   10.8600000000000       1.556144308051804E-002  0.937052272441399     
   10.8900000000000       1.554448868415806E-002  0.936961635929056     
   10.9200000000000       1.552757131970118E-002  0.936871068574525     
   10.9500000000000       1.551069091067691E-002  0.936780570299581     
   10.9800000000000       1.549384767531833E-002  0.936690140551065     
   11.0100000000000       1.547704204544954E-002  0.936599778408527     
   11.0400000000000       1.546027456725778E-002  0.936509482740664     
   11.0700000000000       1.544354580647310E-002  0.936419252355402     
   11.1000000000000       1.542685624100141E-002  0.936329086166012     
   11.1300000000000       1.541020614249873E-002  0.936238983379302     
   11.1600000000000       1.539359548706862E-002  0.936148943652252     
   11.1900000000000       1.537702396020026E-002  0.936058967117142     
   11.2200000000000       1.536049109862241E-002  0.935969054194622     
   11.2500000000000       1.534399652044689E-002  0.935879205241971     
   11.2800000000000       1.532754010384826E-002  0.935789420241456     
   11.3100000000000       1.531112201805587E-002  0.935699698708467     
   11.3400000000000       1.529474264884151E-002  0.935610039788322     
   11.3700000000000       1.527840250339236E-002  0.935520442405510     
   11.4000000000000       1.526210211820540E-002  0.935430905409177     
   11.4300000000000       1.524584195384887E-002  0.935341427735582     
   11.4600000000000       1.522962227672358E-002  0.935252008595184     
   11.4900000000000       1.521344306524194E-002  0.935162647634862     
   11.5200000000000       1.519730400357685E-002  0.935073344979017     
   11.5500000000000       1.518120460885176E-002  0.934984101065770     
   11.5800000000000       1.516514445394853E-002  0.934894916310112     
   11.6100000000000       1.514912335453051E-002  0.934805790783352     
   11.6400000000000       1.513314141628177E-002  0.934716724096251     
   11.6700000000000       1.511719897095645E-002  0.934627715476823     
   11.7000000000000       1.510129648483469E-002  0.934538763912435     
   11.7300000000000       1.508543446913297E-002  0.934449868291326     
   11.7600000000000       1.506961337797241E-002  0.934361027559877     
   11.7900000000000       1.505383349071911E-002  0.934272240907498     
   11.8200000000000       1.503809481104190E-002  0.934183507937575     
   11.8500000000000       1.502239704286505E-002  0.934094828733979     
   11.8800000000000       1.500673969444676E-002  0.934006203733779     
   11.9100000000000       1.499112228956589E-002  0.933917633413889     
   11.9400000000000       1.497554456750560E-002  0.933829117956779     
   11.9700000000000       1.496000655584310E-002  0.933740657094318     
   12.0000000000000       1.494450852253571E-002  0.933652250156338     
   12.0300000000000       1.492905088839752E-002  0.933563896203861     
   12.0600000000000       1.491363413971675E-002  0.933475594167231     
   12.0900000000000       1.489825873048571E-002  0.933387342996846     
   12.1200000000000       1.488292496660593E-002  0.933299141843640     
   12.1500000000000       1.486763289721598E-002  0.933210990238970     
   12.1800000000000       1.485238226862394E-002  0.933122888192162     
   12.2100000000000       1.483717259739058E-002  0.933034836111429     
   12.2400000000000       1.482200336225701E-002  0.932946834526869     
   12.2700000000000       1.480687421669240E-002  0.932858883745607     
   12.3000000000000       1.479178509524685E-002  0.932770983645440     
   12.3300000000000       1.477673618958284E-002  0.932683133680745     
   12.3600000000000       1.476172786712411E-002  0.932595333001862     
   12.3900000000000       1.474676058539670E-002  0.932507580590348     
   12.4200000000000       1.473183479919901E-002  0.932419875402506     
   12.4500000000000       1.471695084868591E-002  0.932332216542457     
   12.4800000000000       1.470210884450274E-002  0.932244603448158     
   12.5100000000000       1.468730859842073E-002  0.932157036020976     
   12.5400000000000       1.467254965912219E-002  0.932069514603334     
   12.5700000000000       1.465783147437041E-002  0.931982039754046     
   12.6000000000000       1.464315360935220E-002  0.931894611905697     
   12.6300000000000       1.462851589138330E-002  0.931807231103759     
   12.6600000000000       1.461391842030465E-002  0.931719896953708     
   12.6900000000000       1.459936149841502E-002  0.931632608716536     
   12.7200000000000       1.458484554628800E-002  0.931545365440540     
   12.7500000000000       1.457037101477552E-002  0.931458166098222     
   12.7800000000000       1.455593827918856E-002  0.931371009748988     
   12.8100000000000       1.454154752165310E-002  0.931283895725953     
   12.8400000000000       1.452719864045917E-002  0.931196823793619     
   12.8700000000000       1.451289124526444E-002  0.931109794185592     
   12.9000000000000       1.449862477810032E-002  0.931022807448237     
   12.9300000000000       1.448439872400665E-002  0.930935864122401     
   12.9600000000000       1.447021279248221E-002  0.930848964434835     
   12.9900000000000       1.445606697360698E-002  0.930762108170975     
   13.0200000000000       1.444196148873989E-002  0.930675294729820     
   13.0500000000000       1.442789670903368E-002  0.930588523248379     
   13.0800000000000       1.441387307118518E-002  0.930501792733657     
   13.1100000000000       1.439989097933010E-002  0.930415102213300     
   13.1400000000000       1.438595068917961E-002  0.930328450916546     
   13.1700000000000       1.437205220121836E-002  0.930241838451612     
   13.2000000000000       1.435819521633494E-002  0.930155264900139     
   13.2300000000000       1.434437920637585E-002  0.930068730740678     
   13.2600000000000       1.433060359859221E-002  0.929982236582593     
   13.2900000000000       1.431686798266019E-002  0.929895782831431     
   13.3200000000000       1.430317222080764E-002  0.929809369479316     
   13.3500000000000       1.428951643358831E-002  0.929722996096218     
   13.3800000000000       1.427590092604759E-002  0.929636661936298     
   13.4100000000000       1.426232610569451E-002  0.929550366066494     
   13.4400000000000       1.424879239225296E-002  0.929464107505789     
   13.4700000000000       1.423530010813448E-002  0.929377885394207     
   13.5000000000000       1.422184936290686E-002  0.929291699178534     
   13.5300000000000       1.420843997511450E-002  0.929205548753192     
   13.5600000000000       1.419507148831763E-002  0.929119434466462     
   13.5900000000000       1.418174331015995E-002  0.929033356933172     
   13.6200000000000       1.416845492337851E-002  0.928947316709937     
   13.6500000000000       1.415520604896691E-002  0.928861314011582     
   13.6800000000000       1.414199668378467E-002  0.928775348615096     
   13.7100000000000       1.412882704574340E-002  0.928689419926872     
   13.7400000000000       1.411569749399398E-002  0.928603527105479     
   13.7700000000000       1.410260844477764E-002  0.928517669192757     
   13.8000000000000       1.408956027135868E-002  0.928431845267392     
   13.8300000000000       1.407655318803530E-002  0.928346054626984     
   13.8600000000000       1.406358714793918E-002  0.928260296959560     
   13.8900000000000       1.405066180762500E-002  0.928174572424732     
   13.9200000000000       1.403777660652261E-002  0.928088881562418     
   13.9500000000000       1.402493095359019E-002  0.928003225020862     
   13.9800000000000       1.401212442778262E-002  0.927917603230296     
   14.0100000000000       1.399935687981810E-002  0.927832016206968     
   14.0400000000000       1.398662841513485E-002  0.927746463550612     
   14.0700000000000       1.397393932150930E-002  0.927660944549200     
   14.1000000000000       1.396128998824963E-002  0.927575458305280     
   14.1300000000000       1.394868081599058E-002  0.927490003874972     
   14.1600000000000       1.393611210747764E-002  0.927404580436666     
   14.1900000000000       1.392358395336887E-002  0.927319187474885     
   14.2200000000000       1.391109615538213E-002  0.927233824918863     
   14.2500000000000       1.389864824151176E-002  0.927148493149314     
   14.2800000000000       1.388623960121105E-002  0.927063192816566     
   14.3100000000000       1.387386969241225E-002  0.926977924522590     
   14.3400000000000       1.386153820526826E-002  0.926892688538022     
   14.3700000000000       1.384924510467362E-002  0.926807484699144     
   14.4000000000000       1.383699057988075E-002  0.926722312467565     
   14.4300000000000       1.382477496658931E-002  0.926637171049342     
   14.4600000000000       1.381259866395385E-002  0.926552059524200     
   14.4900000000000       1.380046203634187E-002  0.926466976996347     
   14.5200000000000       1.378836529893632E-002  0.926381922773694     
   14.5500000000000       1.377630841419114E-002  0.926296896540370     
   14.5800000000000       1.376429104924052E-002  0.926211898447522     
   14.6100000000000       1.375231264264316E-002  0.926126929041119     
   14.6400000000000       1.374037258017180E-002  0.926041989008821     
   14.6700000000000       1.372847039672280E-002  0.925957078855406     
   14.7000000000000       1.371660589156249E-002  0.925872198687848     
   14.7300000000000       1.370477912416845E-002  0.925787348191030     
   14.7600000000000       1.369299034687016E-002  0.925702526722433     
   14.7900000000000       1.368123992544179E-002  0.925617733435799     
   14.8200000000000       1.366952825160268E-002  0.925532967416256     
   14.8500000000000       1.365785563730762E-002  0.925448227843257     
   14.8800000000000       1.364622220063048E-002  0.925363514172811     
   14.9100000000000       1.363462778060509E-002  0.925278826286543     
   14.9400000000000       1.362307193380674E-002  0.925194164525468     
   14.9700000000000       1.361155404753087E-002  0.925109529543509     
   15.0000000000000       1.360007353806628E-002  0.925024922008751     
   15.0300000000000       1.358863002891938E-002  0.924940342303642     
   15.0600000000000       1.357722341758597E-002  0.924855790384088     
   15.0900000000000       1.356585383943804E-002  0.924771265812830     
   15.1200000000000       1.355452159310167E-002  0.924686767871124     
   15.1500000000000       1.354322705963816E-002  0.924602295684805     
   15.1800000000000       1.353197060918378E-002  0.924517848367777     
   15.2100000000000       1.352075249010757E-002  0.924433425194475     
   15.2400000000000       1.350957272073173E-002  0.924349025776889     
   15.2700000000000       1.349843102826100E-002  0.924264650180712     
   15.3000000000000       1.348732688547928E-002  0.924180298898693     
   15.3300000000000       1.347625966122962E-002  0.924095972641328     
   15.3600000000000       1.346522882403854E-002  0.924011672018480     
   15.3900000000000       1.345423408646327E-002  0.923927397284062     
   15.4200000000000       1.344327543024282E-002  0.923843148262702     
   15.4500000000000       1.343235305058036E-002  0.923758924421062     
   15.4800000000000       1.342146727882762E-002  0.923674724986816     
   15.5100000000000       1.341061849915198E-002  0.923590549078013     
   15.5400000000000       1.339980704928758E-002  0.923506395855662     
   15.5700000000000       1.338903310769575E-002  0.923422264701500     
   15.6000000000000       1.337829659591906E-002  0.923338155382367     
   15.6300000000000       1.336759714498895E-002  0.923254068127267     
   15.6600000000000       1.335693416989644E-002  0.923170003542005     
   15.6900000000000       1.334630704642703E-002  0.923085962352157     
   15.7200000000000       1.333571530653761E-002  0.923001945087108     
   15.7500000000000       1.332515874581565E-002  0.922917951877858     
   15.7800000000000       1.331463741629293E-002  0.922833982439010     
   15.8100000000000       1.330415155975555E-002  0.922750036163052     
   15.8400000000000       1.329370152927438E-002  0.922666112242445     
   15.8700000000000       1.328328770239073E-002  0.922582209803694     
   15.9000000000000       1.327291037694056E-002  0.922498328068156     
   15.9300000000000       1.326256965942286E-002  0.922414466530494     
   15.9600000000000       1.325226538161270E-002  0.922330625104485     
   15.9900000000000       1.324199709565749E-002  0.922246804158065     
   16.0200000000000       1.323176418169456E-002  0.922163004374720     
   16.0500000000000       1.322156604022075E-002  0.922079226464620     
   16.0800000000000       1.321140227007531E-002  0.921995470867138     
   16.1100000000000       1.320127274086770E-002  0.921911737602166     
   16.1400000000000       1.319117756238480E-002  0.921828026294161     
   16.1700000000000       1.318111701223407E-002  0.921744336279406     
   16.2000000000000       1.317109145634097E-002  0.921660666729981     
   16.2300000000000       1.316110125823388E-002  0.921577016793415     
   16.2600000000000       1.315114667143121E-002  0.921493385759891     
   16.2900000000000       1.314122773183932E-002  0.921409773237079     
   16.3200000000000       1.313134419097591E-002  0.921326179273289     
   16.3500000000000       1.312149553915879E-002  0.921242604350344     
   16.3800000000000       1.311168114041938E-002  0.921159049199507     
   16.4100000000000       1.310190043101282E-002  0.921075514495263     
   16.4400000000000       1.309215307504824E-002  0.920992000586268     
   16.4700000000000       1.308243900633071E-002  0.920908507395510     
   16.5000000000000       1.307275838168451E-002  0.920825034474706     
   16.5300000000000       1.306311150585259E-002  0.920741581118518     
   16.5600000000000       1.305349875061868E-002  0.920658146490438     
   16.5900000000000       1.304392046029911E-002  0.920574729768176     
   16.6200000000000       1.303437684232634E-002  0.920491330315016     
   16.6500000000000       1.302486786589542E-002  0.920407947847502     
   16.6800000000000       1.301539321295579E-002  0.920324582533598     
   16.7100000000000       1.300595232757331E-002  0.920241234945404     
   16.7400000000000       1.299654457198147E-002  0.920157905838289     
   16.7700000000000       1.298716942390428E-002  0.920074595839255     
   16.8000000000000       1.297782660817360E-002  0.919991305211013     
   16.8300000000000       1.296851611332142E-002  0.919908033794042     
   16.8600000000000       1.295923813427432E-002  0.919824781082055     
   16.8900000000000       1.294999299594704E-002  0.919741546339835     
   16.9200000000000       1.294078107064282E-002  0.919658328731416     
   16.9500000000000       1.293160268021984E-002  0.919575127470774     
   16.9800000000000       1.292245798639586E-002  0.919491941995097     
   17.0100000000000       1.291334689719237E-002  0.919408772122735     
   17.0400000000000       1.290426903584776E-002  0.919325618125571     
   17.0700000000000       1.289522381359610E-002  0.919242480645042     
   17.1000000000000       1.288621060106099E-002  0.919159360443035     
   17.1300000000000       1.287722891924008E-002  0.919076258093722     
   17.1600000000000       1.286827854770764E-002  0.918993173781658     
   17.1900000000000       1.285935952114957E-002  0.918910107278247     
   17.2200000000000       1.285047206524044E-002  0.918827058031445     
   17.2500000000000       1.284161651954450E-002  0.918744025285531     
   17.2800000000000       1.283279325300594E-002  0.918661008211873     
   17.3100000000000       1.282400256344356E-002  0.918578006064138     
   17.3400000000000       1.281524456885199E-002  0.918495018351520     
   17.3700000000000       1.280651912255167E-002  0.918412044985289     
   17.4000000000000       1.279782579939523E-002  0.918329086325810     
   17.4300000000000       1.278916398880338E-002  0.918246143066172     
   17.4600000000000       1.278053307646610E-002  0.918163215962556     
   17.4900000000000       1.277193262579990E-002  0.918080305535560     
   17.5200000000000       1.276336246467172E-002  0.917997411900697     
   17.5500000000000       1.275482266641886E-002  0.917914534772291     
   17.5800000000000       1.274631348145413E-002  0.917831673562623     
   17.6100000000000       1.273783525968225E-002  0.917748827502842     
   17.6400000000000       1.272938836407067E-002  0.917665995776428     
   17.6700000000000       1.272097306817299E-002  0.917583177677960     
   17.7000000000000       1.271258944939478E-002  0.917500372784763     
   17.7300000000000       1.270423731320251E-002  0.917417581091206     
   17.7600000000000       1.269591619543549E-002  0.917334803031763     
   17.7900000000000       1.268762547236422E-002  0.917252039336831     
   17.8200000000000       1.267936454861294E-002  0.917169290749089     
   17.8500000000000       1.267113302748283E-002  0.917086557737886     
   17.8800000000000       1.266293077877684E-002  0.917003840359078     
   17.9100000000000       1.265475790804071E-002  0.916921138280358     
   17.9400000000000       1.264661468553801E-002  0.916838450886575     
   17.9700000000000       1.263850146822602E-002  0.916755777401454     
   18.0000000000000       1.263041861153676E-002  0.916673117023644     
   18.0300000000000       1.262236636558759E-002  0.916590469088121     
   18.0600000000000       1.261434477106824E-002  0.916507833235106     
   18.0900000000000       1.260635359240432E-002  0.916425209531994     
   18.1200000000000       1.259839233463591E-002  0.916342598474457     
   18.1500000000000       1.259046036741769E-002  0.916260000818983     
   18.1800000000000       1.258255711604004E-002  0.916177417290440     
   18.2100000000000       1.257468222018802E-002  0.916094848311139     
   18.2400000000000       1.256683558563705E-002  0.916012293886340     
   18.2700000000000       1.255901734466049E-002  0.915929753646075     
   18.3000000000000       1.255122778341517E-002  0.915847226954474     
   18.3300000000000       1.254346726347379E-002  0.915764713032142     
   18.3600000000000       1.253573613203665E-002  0.915682211094557     
   18.3900000000000       1.252803461739518E-002  0.915599720515241     
   18.4200000000000       1.252036272781104E-002  0.915517240991236     
   18.4500000000000       1.251272019318229E-002  0.915434772653098     
   18.4800000000000       1.250510649475609E-002  0.915352316046416     
   18.5100000000000       1.249752100028417E-002  0.915269871945310     
   18.5400000000000       1.248996315589935E-002  0.915187441055123     
   18.5700000000000       1.248243263369932E-002  0.915105023756405     
   18.6000000000000       1.247492936998777E-002  0.915022620012242     
   18.6300000000000       1.246745351912413E-002  0.914940229422659     
   18.6600000000000       1.246000537996430E-002  0.914857851336505     
   18.6900000000000       1.245258531695950E-002  0.914775484974420     
   18.7200000000000       1.244519366906084E-002  0.914693129569245     
   18.7500000000000       1.243783064489037E-002  0.914610784530235     
   18.7800000000000       1.243049622473999E-002  0.914528449604744     
   18.8100000000000       1.242319011003419E-002  0.914446124977120     
   18.8400000000000       1.241591176407900E-002  0.914363811233213     
   18.8700000000000       1.240866055594409E-002  0.914281509158618     
   18.9000000000000       1.240143595169867E-002  0.914199219439328     
   18.9300000000000       1.239423765173037E-002  0.914116942419878     
   18.9600000000000       1.238706561798094E-002  0.914034678028856     
   18.9900000000000       1.237992002296508E-002  0.913952425842784     
   19.0200000000000       1.237280117566786E-002  0.913870185199630     
   19.0500000000000       1.236570944224530E-002  0.913787955322291     
   19.0800000000000       1.235864515389807E-002  0.913705735460633     
   19.1100000000000       1.235160850208510E-002  0.913623525056180     
   19.1400000000000       1.234459944358046E-002  0.913541323899945     
   19.1700000000000       1.233761765685580E-002  0.913459132221366     
   19.2000000000000       1.233066259208667E-002  0.913376950638399     
   19.2300000000000       1.232373362170197E-002  0.913294779943829     
   19.2600000000000       1.231683023008607E-002  0.913212620805755     
   19.2900000000000       1.230995214184019E-002  0.913130473538569     
   19.3200000000000       1.230309934018619E-002  0.913048338043258     
   19.3500000000000       1.229627201245597E-002  0.912966213878374     
   19.3800000000000       1.228947047569910E-002  0.912884100374561     
   19.4100000000000       1.228269509704568E-002  0.912801996758449     
   19.4400000000000       1.227594620081578E-002  0.912719902295947     
   19.4700000000000       1.226922396401115E-002  0.912637816456983     
   19.5000000000000       1.226252832421284E-002  0.912555739069643     
   19.5300000000000       1.225585894190931E-002  0.912473670400485     
   19.5600000000000       1.224921525805773E-002  0.912391611092752     
   19.5900000000000       1.224259664958587E-002  0.912309561943579     
   19.6200000000000       1.223600261712808E-002  0.912227523605485     
   19.6500000000000       1.222943290558538E-002  0.912145496368463     
   19.6800000000000       1.222288751558548E-002  0.912063480112066     
   19.7100000000000       1.221636664642947E-002  0.911981474381609     
   19.7400000000000       1.220987062156891E-002  0.911899478503279     
   19.7700000000000       1.220339980871617E-002  0.911817491708340     
   19.8000000000000       1.219695452643340E-002  0.911735513277312     
   19.8300000000000       1.219053494004819E-002  0.911653542704450     
   19.8600000000000       1.218414097207169E-002  0.911571579848547     
   19.8900000000000       1.217777226944980E-002  0.911489625006039     
   19.9200000000000       1.217142826708194E-002  0.911407678839769     
   19.9500000000000       1.216510834687202E-002  0.911325742149486     
   19.9800000000000       1.215881202339348E-002  0.911243815574949     
   20.0100000000000       1.215253905815243E-002  0.911161899387247     
   20.0400000000000       1.214628946573588E-002  0.911079993450009     
   20.0700000000000       1.214006345496436E-002  0.910998097299370     
   20.1000000000000       1.213386135434684E-002  0.910916210259390     
   20.1300000000000       1.212768353203399E-002  0.910834331566440     
   20.1600000000000       1.212153030210701E-002  0.910752460513918     
   20.1900000000000       1.211540182099170E-002  0.910670596616276     
   20.2200000000000       1.210929800000749E-002  0.910588739756950     
   20.2500000000000       1.210321847651222E-002  0.910506890255705     
   20.2800000000000       1.209716268190318E-002  0.910425048790231     
   20.3100000000000       1.209113000306535E-002  0.910343216161957     
   20.3400000000000       1.208511996609672E-002  0.910261393000963     
   20.3700000000000       1.207913234565820E-002  0.910179579564615     
   20.4000000000000       1.207316716721643E-002  0.910097775705542     
   20.4300000000000       1.206722464698513E-002  0.910015980954213     
   20.4600000000000       1.206130511743046E-002  0.909934194634472     
   20.4900000000000       1.205540894717102E-002  0.909852415987952     
   20.5200000000000       1.204953644715787E-002  0.909770644319033     
   20.5500000000000       1.204368776761138E-002  0.909688879158294     
   20.5800000000000       1.203786281227325E-002  0.909607120408097     
   20.6100000000000       1.203206121243673E-002  0.909525368405624     
   20.6400000000000       1.202628239807741E-002  0.909443623839408     
   20.6700000000000       1.202052576075303E-002  0.909361887512171     
   20.7000000000000       1.201479083566495E-002  0.909280160047492     
   20.7300000000000       1.200907740742299E-002  0.909198441693843     
   20.7600000000000       1.200338550960694E-002  0.909116732297278     
   20.7900000000000       1.199771536395579E-002  0.909035031385678     
   20.8200000000000       1.199206730597700E-002  0.908953338284247     
   20.8500000000000       1.198644170489747E-002  0.908871652239831     
   20.8800000000000       1.198083886990061E-002  0.908789972565833     
   20.9100000000000       1.197525894757673E-002  0.908708298805029     
   20.9400000000000       1.196970183743513E-002  0.908626630873365     
   20.9700000000000       1.196416716785460E-002  0.908544969120091     
   21.0000000000000       1.195865436910954E-002  0.908463314241158     
   21.0300000000000       1.195316283693108E-002  0.908381667040551     
   21.0600000000000       1.194769211326365E-002  0.908300028138486     
   21.0900000000000       1.194224198969625E-002  0.908218397779032     
   21.1200000000000       1.193681250541767E-002  0.908136775805658     
   21.1500000000000       1.193140388602855E-002  0.908055161746380     
   21.1800000000000       1.192601646929667E-002  0.907973554929104     
   21.2100000000000       1.192065062525580E-002  0.907891954605706     
   21.2400000000000       1.191530666265042E-002  0.907810360096671     
   21.2700000000000       1.190998472686237E-002  0.907728770953240     
   21.3000000000000       1.190468471625113E-002  0.907647187099987     
   21.3300000000000       1.189940625911510E-002  0.907565608893365     
   21.3600000000000       1.189414878748481E-002  0.907484037033760     
   21.3900000000000       1.188891170067099E-002  0.907402472326584     
   21.4200000000000       1.188369454510709E-002  0.907320915391711     
   21.4500000000000       1.187849711661187E-002  0.907239366472954     
   21.4800000000000       1.187331945769713E-002  0.907157825414833     
   21.5100000000000       1.186816179632252E-002  0.907076291747937     
   21.5400000000000       1.186302447182807E-002  0.906994764804040     
   21.5700000000000       1.185790785527342E-002  0.906913243839808     
   21.6000000000000       1.185281225621886E-002  0.906831728180945     
   21.6300000000000       1.184773782108756E-002  0.906750217383666     
   21.6600000000000       1.184268444991959E-002  0.906668711376591     
   21.6900000000000       1.183765177350145E-002  0.906587210518933     
   21.7200000000000       1.183263922689546E-002  0.906505715512843     
   21.7500000000000       1.182764621237928E-002  0.906424227165407     
   21.7800000000000       1.182267227875679E-002  0.906342746098984     
   21.8100000000000       1.181771722352999E-002  0.906261272560969     
   21.8400000000000       1.181278109042901E-002  0.906179806400258     
   21.8700000000000       1.180786410839324E-002  0.906098347152242     
   21.9000000000000       1.180296661770770E-002  0.906016894153598     
   21.9300000000000       1.179808899066453E-002  0.905935446665538     
   21.9600000000000       1.179323153879591E-002  0.905854004017248     
   21.9900000000000       1.178839441163069E-002  0.905772565766690     
   22.0200000000000       1.178357751348229E-002  0.905691131842314     
   22.0500000000000       1.177878047997181E-002  0.905609702602009     
   22.0800000000000       1.177400275035360E-002  0.905528278747244     
   22.1100000000000       1.176924372929701E-002  0.905446861086995     
   22.1400000000000       1.176450296601445E-002  0.905365450248719     
   22.1700000000000       1.175978025733044E-002  0.905284046486928     
   22.2000000000000       1.175507564623821E-002  0.905202649657966     
   22.2300000000000       1.175038936137138E-002  0.905121259304077     
   22.2600000000000       1.174572174336682E-002  0.905039874767814     
   22.2900000000000       1.174107316591954E-002  0.904958495314713     
   22.3200000000000       1.173644394357189E-002  0.904877120275865     
   22.3500000000000       1.173183423083158E-002  0.904795749208038     
   22.3800000000000       1.172724393865279E-002  0.904714382035643     
   22.4100000000000       1.172267270965528E-002  0.904633019111477     
   22.4400000000000       1.171811998838109E-002  0.904551661134007     
   22.4700000000000       1.171358518139732E-002  0.904470308914234     
   22.5000000000000       1.170906783653323E-002  0.904388963087065     
   22.5300000000000       1.170456774774585E-002  0.904307623917380     
   22.5600000000000       1.170008495545870E-002  0.904226291271835     
   22.5900000000000       1.169561968678382E-002  0.904144964701455     
   22.6200000000000       1.169117228213062E-002  0.904063643555589     
   22.6500000000000       1.168674311671346E-002  0.903982327103944     
   22.6800000000000       1.168233250899269E-002  0.903901014678121     
   22.7100000000000       1.167794062013375E-002  0.903819705831045     
   22.7400000000000       1.167356736988787E-002  0.903738400479555     
   22.7700000000000       1.166921240988433E-002  0.903657098967848     
   22.8000000000000       1.166487519102404E-002  0.903575801989158     
   22.8300000000000       1.166055512139208E-002  0.903494510356490     
   22.8600000000000       1.165625174582273E-002  0.903413224714276     
   22.8900000000000       1.165196485337283E-002  0.903331945340761     
   22.9200000000000       1.164769448016552E-002  0.903250672115590     
   22.9500000000000       1.164344085062472E-002  0.903169404600401     
   22.9800000000000       1.163920430435115E-002  0.903088142152249     
   23.0100000000000       1.163498521812869E-002  0.903006884044941     
   23.0400000000000       1.163078391510599E-002  0.902925629609393     
   23.0700000000000       1.162660056459140E-002  0.902844378392325     
   23.1000000000000       1.162243509708928E-002  0.902763130299802     
   23.1300000000000       1.161828717511810E-002  0.902681885664144     
   23.1600000000000       1.161415625701540E-002  0.902600645171150     
   23.1900000000000       1.161004175214258E-002  0.902519409635627     
   23.2200000000000       1.160594320091387E-002  0.902438179713311     
   23.2500000000000       1.160186038560127E-002  0.902356955698555     
   23.2800000000000       1.159779333638039E-002  0.902275737486527     
   23.3100000000000       1.159374227385482E-002  0.902194524651234     
   23.3400000000000       1.158970753622177E-002  0.902113316558358     
   23.3700000000000       1.158568950180973E-002  0.902032112485829     
   23.4000000000000       1.158168849908480E-002  0.901950911762890     
   23.4300000000000       1.157770470679184E-002  0.901869713927996     
   23.4600000000000       1.157373806795437E-002  0.901788518873534     
   23.4900000000000       1.156978825774775E-002  0.901707326916889     
   23.5200000000000       1.156585474304922E-002  0.901626138734220     
   23.5500000000000       1.156193693441001E-002  0.901544955141717     
   23.5800000000000       1.155803436659236E-002  0.901463776807898     
   23.6100000000000       1.155414681333875E-002  0.901382604045723     
   23.6400000000000       1.155027429730078E-002  0.901301436768283     
   23.6700000000000       1.154641703415125E-002  0.901220274563673     
   23.7000000000000       1.154257536006675E-002  0.901139116807133     
   23.7300000000000       1.153874965481745E-002  0.901057962780857     
   23.7600000000000       1.153494025267240E-002  0.900976811811633     
   23.7900000000000       1.153114734291878E-002  0.900895663427878     
   23.8200000000000       1.152737088268378E-002  0.900814517505701     
   23.8500000000000       1.152361056146559E-002  0.900733374344682     
   23.8800000000000       1.151986585582393E-002  0.900652234609120     
   23.9100000000000       1.151613617758014E-002  0.900571099115932     
   23.9400000000000       1.151242105480996E-002  0.900489968547584     
   23.9700000000000       1.150872025111784E-002  0.900408843237905     
   24.0000000000000       1.150503378011509E-002  0.900327723120197     
   24.0300000000000       1.150136185144528E-002  0.900246607798328     
   24.0600000000000       1.149770479861928E-002  0.900165496658066     
   24.0900000000000       1.149406300266504E-002  0.900084388986113     
   24.1200000000000       1.149043680399965E-002  0.900003284106234     
   24.1500000000000       1.148682640337517E-002  0.899922181535318     
   24.1800000000000       1.148323177343134E-002  0.899841081130890     
   24.2100000000000       1.147965261956142E-002  0.899759983172032     
   24.2400000000000       1.147608842919607E-002  0.899678888308936     
   24.2700000000000       1.147253861568032E-002  0.899597797358349     
   24.3000000000000       1.146900269957088E-002  0.899516711017524     
   24.3300000000000       1.146548043285995E-002  0.899435629643192     
   24.3600000000000       1.146197181865538E-002  0.899354553191047     
   24.3900000000000       1.145847705947745E-002  0.899273481282396     
   24.4200000000000       1.145499648549447E-002  0.899192413314546     
   24.4500000000000       1.145153047872780E-002  0.899111348579072     
   24.4800000000000       1.144807938595050E-002  0.899030286396345     
   24.5100000000000       1.144464342012549E-002  0.898949226270519     
   24.5400000000000       1.144122257064350E-002  0.898868168038500     
   24.5700000000000       1.143781656027279E-002  0.898787111956365     
   24.6000000000000       1.143442488855113E-002  0.898706058657921     
   24.6300000000000       1.143104697077697E-002  0.898625008958595     
   24.6600000000000       1.142768231936109E-002  0.898543963570947     
   24.6900000000000       1.142433067334408E-002  0.898462922876399     
   24.7200000000000       1.142099202391579E-002  0.898381886855128     
   24.7500000000000       1.141766656537830E-002  0.898300855147538     
   24.7800000000000       1.141435462384648E-002  0.898219827163528     
   24.8100000000000       1.141105658199227E-002  0.898138802200022     
   24.8400000000000       1.140777279302088E-002  0.898057779573827     
   24.8700000000000       1.140450348267992E-002  0.897976758775416     
   24.9000000000000       1.140124865818398E-002  0.897895739619328     
   24.9300000000000       1.139800806106543E-002  0.897814722336295     
   24.9600000000000       1.139478120425043E-002  0.897733707541432     
   24.9900000000000       1.139156750559391E-002  0.897652696047464     
   25.0200000000000       1.138836646894319E-002  0.897571688582439     
   25.0500000000000       1.138517781918544E-002  0.897490685554024     
   25.0800000000000       1.138200153422461E-002  0.897409686968868     
   25.1100000000000       1.137883779904477E-002  0.897328692488131     
   25.1400000000000       1.137568693496124E-002  0.897247701535412     
   25.1700000000000       1.137254932487897E-002  0.897166713413561     
   25.2000000000000       1.136942532838580E-002  0.897085727435845     
   25.2300000000000       1.136631518442326E-002  0.897004743078367     
   25.2600000000000       1.136321891894044E-002  0.896923760131809     
   25.2900000000000       1.136013629352976E-002  0.896842778799409     
   25.3200000000000       1.135706683582315E-002  0.896761799675265     
   25.3500000000000       1.135400996700583E-002  0.896680823567781     
   25.3800000000000       1.135096518215530E-002  0.896599851220343     
   25.4100000000000       1.134793219094625E-002  0.896518883068166     
   25.4400000000000       1.134491095667551E-002  0.896437919146271     
   25.4700000000000       1.134190165390190E-002  0.896356959138232     
   25.5000000000000       1.133890459835986E-002  0.896276002482501     
   25.5300000000000       1.133592017269894E-002  0.896195048488546     
   25.5600000000000       1.133294874272180E-002  0.896114096466285     
   25.5900000000000       1.132999056081570E-002  0.896033145877013     
   25.6200000000000       1.132704567241545E-002  0.895952196486330     
   25.6500000000000       1.132411386037202E-002  0.895871248468005     
   25.6800000000000       1.132119466836852E-002  0.895790302392803     
   25.7100000000000       1.131828752185623E-002  0.895709359062959     
   25.7400000000000       1.131539190714947E-002  0.895628419236723     
   25.7700000000000       1.131250751779976E-002  0.895547483377903     
   25.8000000000000       1.130963430122500E-002  0.895466551551686     
   25.8300000000000       1.130677242044276E-002  0.895385623465727     
   25.8600000000000       1.130392218479047E-002  0.895304698574537     
   25.8900000000000       1.130108397610787E-002  0.895223776194985     
   25.9200000000000       1.129825816613421E-002  0.895142855634004     
   25.9500000000000       1.129544502080405E-002  0.895061936337869     
   25.9800000000000       1.129264460563338E-002  0.894981018046134     
   26.0100000000000       1.128985672582743E-002  0.894900100901314     
   26.0400000000000       1.128708094248230E-002  0.894819185448536     
   26.0700000000000       1.128431668640232E-002  0.894738272481824     
   26.1000000000000       1.128156343535827E-002  0.894657362773487     
   26.1300000000000       1.127882086602394E-002  0.894576456816698     
   26.1600000000000       1.127608890871991E-002  0.894495554708503     
   26.1900000000000       1.127336771379757E-002  0.894414656182307     
   26.2200000000000       1.127065758334739E-002  0.894333760709935     
   26.2500000000000       1.126795889778407E-002  0.894252867616531     
   26.2800000000000       1.126527203440290E-002  0.894171976206560     
   26.3100000000000       1.126259727264594E-002  0.894091085911291     
   26.3400000000000       1.125993469855288E-002  0.894010196443511     
   26.3700000000000       1.125728414067068E-002  0.893929307912892     
   26.4000000000000       1.125464517887119E-002  0.893848420836658     
   26.4300000000000       1.125201725053823E-002  0.893767535998401     
   26.4600000000000       1.124939982533042E-002  0.893686654183356     
   26.4900000000000       1.124679256245317E-002  0.893605775914566     
   26.5200000000000       1.124419537397144E-002  0.893524901322499     
   26.5500000000000       1.124160839643740E-002  0.893444030167982     
   26.5800000000000       1.123903192381184E-002  0.893363161941461     
   26.6100000000000       1.123646633441340E-002  0.893282295977317     
   26.6400000000000       1.123391201061948E-002  0.893201431578200     
   26.6700000000000       1.123136924520578E-002  0.893120568160592     
   26.7000000000000       1.122883814502896E-002  0.893039705410036     
   26.7300000000000       1.122631856285156E-002  0.892958843401977     
   26.7600000000000       1.122381009867218E-002  0.892877982623528     
   26.7900000000000       1.122131219780327E-002  0.892797123845471     
   26.8200000000000       1.121882432243103E-002  0.892716267864528     
   26.8500000000000       1.121634611387467E-002  0.892635415233816     
   26.8800000000000       1.121387746485233E-002  0.892554566118666     
   26.9100000000000       1.121141849697824E-002  0.892473720308994     
   26.9400000000000       1.120896949516932E-002  0.892392877315224     
   26.9700000000000       1.120653083492655E-002  0.892312036482004     
   27.0000000000000       1.120410290315069E-002  0.892231197110958     
   27.0300000000000       1.120168600565257E-002  0.892150358604193     
   27.0600000000000       1.119928027025363E-002  0.892069520619762     
   27.0900000000000       1.119688557468702E-002  0.891988683197705     
   27.1200000000000       1.119450154039959E-002  0.891907846792898     
   27.1500000000000       1.119212762208889E-002  0.891827012160814     
   27.1800000000000       1.118976327531145E-002  0.891746180107918     
   27.2100000000000       1.118740812326329E-002  0.891665351217310     
   27.2400000000000       1.118506203830177E-002  0.891584525690471     
   27.2700000000000       1.118272512596167E-002  0.891503703348068     
   27.3000000000000       1.118039766117170E-002  0.891422883721900     
   27.3300000000000       1.117808001584866E-002  0.891342066167993     
   27.3600000000000       1.117577258078001E-002  0.891261249987842     
   27.3900000000000       1.117347567439840E-002  0.891180434569770     
   27.4200000000000       1.117118944549686E-002  0.891099619544319     
   27.4500000000000       1.116891379740998E-002  0.891018804915160     
   27.4800000000000       1.116664837431115E-002  0.890937991102911     
   27.5100000000000       1.116439264182678E-002  0.890857178845135     
   27.5400000000000       1.116214604992237E-002  0.890776368956017     
   27.5700000000000       1.115990820362246E-002  0.890695562048239     
   27.6000000000000       1.115767895399750E-002  0.890614758360554     
   27.6300000000000       1.115545838936272E-002  0.890533957746021     
   27.6600000000000       1.115324677368580E-002  0.890453159759263     
   27.6900000000000       1.115104447449115E-002  0.890372363768851     
   27.7200000000000       1.114885188575029E-002  0.890291569077156     
   27.7500000000000       1.114666933799598E-002  0.890210775059467     
   27.7800000000000       1.114449700086476E-002  0.890129981319013     
   27.8100000000000       1.114233480379525E-002  0.890049187822345     
   27.8400000000000       1.114018241490572E-002  0.889968394953929     
   27.8700000000000       1.113803931236399E-002  0.889887603430753     
   27.9000000000000       1.113590494176873E-002  0.889806814072435     
   27.9300000000000       1.113377889012058E-002  0.889726027520521     
   27.9600000000000       1.113166098637668E-002  0.889645244051972     
   27.9900000000000       1.112955130049951E-002  0.889564463553858     
   28.0200000000000       1.112745008449617E-002  0.889483685605109     
   28.0500000000000       1.112535770065389E-002  0.889402909588070     
   28.0800000000000       1.112327454536472E-002  0.889322134807083     
   28.1100000000000       1.112120096064321E-002  0.889241360625304     
   28.1400000000000       1.111913713671106E-002  0.889160586619047     
   28.1700000000000       1.111708302948248E-002  0.889079812717215     
   28.2000000000000       1.111503833216612E-002  0.888999039266367     
   28.2300000000000       1.111300253713034E-002  0.888918266960227     
   28.2600000000000       1.111097508700497E-002  0.888837496621311     
   28.2900000000000       1.110895555111564E-002  0.888756728918993     
   28.3200000000000       1.110694373559207E-002  0.888675964169177     
   28.3500000000000       1.110493969092480E-002  0.888595202294520     
   28.3800000000000       1.110294365613567E-002  0.888514442899777     
   28.4100000000000       1.110095598739665E-002  0.888433685382356     
   28.4400000000000       1.109897708270483E-002  0.888352929049738     
   28.4700000000000       1.109700729485036E-002  0.888272173253984     
   28.5000000000000       1.109504683425769E-002  0.888191417545086     
   28.5300000000000       1.109309568355576E-002  0.888110661813983     
   28.5600000000000       1.109115356210113E-002  0.888029906367744     
   28.5900000000000       1.108921997814804E-002  0.887949151874129     
   28.6200000000000       1.108729437291460E-002  0.887868399155813     
   28.6500000000000       1.108537629860554E-002  0.887787648908640     
   28.6800000000000       1.108346553793559E-002  0.887706901487964     
   28.7100000000000       1.108156212082518E-002  0.887626156853547     
   28.7400000000000       1.107966627226356E-002  0.887545414637529     
   28.7700000000000       1.107777834139945E-002  0.887464674253709     
   28.8000000000000       1.107589872697439E-002  0.887383935013954     
   28.8300000000000       1.107402779176896E-002  0.887303196260382     
   28.8600000000000       1.107216576591189E-002  0.887222457517436     
   28.8900000000000       1.107031265885203E-002  0.887141718637994     
   28.9200000000000       1.106846821705180E-002  0.887060979888227     
   28.9500000000000       1.106663196634053E-002  0.886980241907276     
   28.9800000000000       1.106480334822554E-002  0.886899505515038     
   29.0100000000000       1.106298189855176E-002  0.886818771432154     
   29.0400000000000       1.106116737616968E-002  0.886738040053692     
   29.0700000000000       1.105935978936350E-002  0.886657311377967     
   29.1000000000000       1.105755934802195E-002  0.886576585066088     
   29.1300000000000       1.105576639333524E-002  0.886495860549623     
   29.1600000000000       1.105398132389071E-002  0.886415137146129     
   29.1900000000000       1.105220451160387E-002  0.886334414189035     
   29.2200000000000       1.105043620570041E-002  0.886253691178180     
   29.2500000000000       1.104867644242137E-002  0.886172967928496     
   29.2800000000000       1.104692499618183E-002  0.886092244664044     
   29.3100000000000       1.104518141205972E-002  0.886011521992747     
   29.3400000000000       1.104344513367552E-002  0.885930800728645     
   29.3700000000000       1.104171568148219E-002  0.885850081615187     
   29.4000000000000       1.103999279017041E-002  0.885769365087155     
   29.4300000000000       1.103827644536359E-002  0.885688651182773     
   29.4600000000000       1.103656684076448E-002  0.885607939593725     
   29.4900000000000       1.103486430864485E-002  0.885527229770768     
   29.5200000000000       1.103316924650498E-002  0.885446521038502     
   29.5500000000000       1.103148203448173E-002  0.885365812723021     
   29.5800000000000       1.102980294018803E-002  0.885285104300651     
   29.6100000000000       1.102813202649800E-002  0.885204395548706     
   29.6400000000000       1.102646909650632E-002  0.885123686648124     
   29.6700000000000       1.102481371617521E-002  0.885042978173114     
   29.7000000000000       1.102316533316710E-002  0.884962270928654     
   29.7300000000000       1.102152345371367E-002  0.884881565678713     
   29.7600000000000       1.101988778821662E-002  0.884800862897503     
   29.7900000000000       1.101825829866726E-002  0.884720162664407     
   29.8200000000000       1.101663516148352E-002  0.884639464703298     
   29.8500000000000       1.101501869903479E-002  0.884558768485589     
   29.8800000000000       1.101340930677765E-002  0.884478073344317     
   29.9100000000000       1.101180737210015E-002  0.884397378599667     
   29.9400000000000       1.101021318020131E-002  0.884316683705691     
   29.9700000000000       1.100862682030128E-002  0.884235988402606     
   30.0000000000000       1.100704812477363E-002  0.884155292827440     
   30.0300000000000       1.100547668204292E-002  0.884074597518305     
   30.0600000000000       1.100391194582503E-002  0.883993903267834     
   30.0900000000000       1.100235340949882E-002  0.883913210857936     
   30.1200000000000       1.100080075922571E-002  0.883832520801680     
   30.1500000000000       1.099925393246081E-002  0.883751833220717     
   30.1800000000000       1.099771308722900E-002  0.883671147872733     
   30.2100000000000       1.099617853499195E-002  0.883590464251294     
   30.2400000000000       1.099465066818135E-002  0.883509781699311     
   30.2700000000000       1.099312988042520E-002  0.883429099532553     
   30.3000000000000       1.099161647362194E-002  0.883348417184159     
   30.3300000000000       1.099011056292606E-002  0.883267734357971     
   30.3600000000000       1.098861201045511E-002  0.883187051146528     
   30.3900000000000       1.098712042859987E-002  0.883106368049622     
   30.4200000000000       1.098563527920056E-002  0.883025685844201     
   30.4500000000000       1.098415604434004E-002  0.882945005327277     
   30.4800000000000       1.098268238617764E-002  0.882864327049884     
   30.5100000000000       1.098121421680892E-002  0.882783651176897     
   30.5400000000000       1.097975167475376E-002  0.882702977501432     
   30.5700000000000       1.097829505954017E-002  0.882622305540742     
   30.6000000000000       1.097684475957576E-002  0.882541634649079     
   30.6300000000000       1.097540117367992E-002  0.882460964139344     
   30.6600000000000       1.097396461948830E-002  0.882380293425238     
   30.6900000000000       1.097253523755900E-002  0.882299622175128     
   30.7200000000000       1.097111292008075E-002  0.882218950436716     
   30.7500000000000       1.096969730482197E-002  0.882138278669418     
   30.7800000000000       1.096828786385462E-002  0.882057607631150     
   30.8100000000000       1.096688406969970E-002  0.881976938130939     
   30.8400000000000       1.096548556095083E-002  0.881896270756579     
   30.8700000000000       1.096409222361676E-002  0.881815605716945     
   30.9000000000000       1.096270417560305E-002  0.881734942842175     
   30.9300000000000       1.096132170345868E-002  0.881654281674781     
   30.9600000000000       1.095994519055263E-002  0.881573621581848     
   30.9900000000000       1.095857503981782E-002  0.881492961875000     
   31.0200000000000       1.095721158359785E-002  0.881412301950075     
   31.0500000000000       1.095585498721026E-002  0.881331641441039     
   31.0800000000000       1.095450517310216E-002  0.881250980350630     
   31.1100000000000       1.095316180572291E-002  0.881170319096026     
   31.1400000000000       1.095182436949698E-002  0.881089658412789     
   31.1700000000000       1.095049232928040E-002  0.881008999118660     
   31.2000000000000       1.094916530074293E-002  0.880928341836659     
   31.2300000000000       1.094784314319065E-002  0.880847686820230     
   31.2600000000000       1.094652595281602E-002  0.880767033938099     
   31.2900000000000       1.094521400212530E-002  0.880686382759626     
   31.3200000000000       1.094390766842136E-002  0.880605732666255     
   31.3500000000000       1.094260735765022E-002  0.880525082969959     
   31.3800000000000       1.094131341577553E-002  0.880444433050367     
   31.4100000000000       1.094002603212350E-002  0.880363782508281     
   31.4400000000000       1.093874515944522E-002  0.880283131301573     
   31.4700000000000       1.093747049005432E-002  0.880202479803530     
   31.5000000000000       1.093620152283772E-002  0.880121828724099     
   31.5300000000000       1.093493771702925E-002  0.880041178886244     
   31.5600000000000       1.093367866622690E-002  0.879960530946355     
   31.5900000000000       1.093242420254544E-002  0.879879885202785     
   31.6200000000000       1.093117439938499E-002  0.879799241564353     
   31.6500000000000       1.092992951412850E-002  0.879718599628898     
   31.6800000000000       1.092868991697409E-002  0.879637958793761     
   31.7100000000000       1.092745601576344E-002  0.879557318372914     
   31.7400000000000       1.092622816894245E-002  0.879476677731512     
   31.7700000000000       1.092500658899594E-002  0.879396036438572     
   31.8000000000000       1.092379125888450E-002  0.879315394407417     
   31.8300000000000       1.092258189983654E-002  0.879234751966016     
   31.8600000000000       1.092137802727837E-002  0.879154109795534     
   31.8900000000000       1.092017909699167E-002  0.879073468720514     
   31.9200000000000       1.091898468156617E-002  0.878992829428536     
   31.9500000000000       1.091779458558017E-002  0.878912192262948     
   31.9800000000000       1.091660885859191E-002  0.878831557174104     
   32.0100000000000       1.091542774176516E-002  0.878750923789965     
   32.0400000000000       1.091425159714493E-002  0.878670291525333     
   32.0700000000000       1.091308083333918E-002  0.878589659697850     
   32.1000000000000       1.091191582009663E-002  0.878509027659984     
   32.1300000000000       1.091075679211904E-002  0.878428394950487     
   32.1600000000000       1.090960376234411E-002  0.878347761438661     
   32.1900000000000       1.090845648182426E-002  0.878267127405967     
   32.2200000000000       1.090731448454671E-002  0.878186493501743     
   32.2500000000000       1.090617722511624E-002  0.878105860548351     
   32.2800000000000       1.090504425638888E-002  0.878025229262070     
   32.3100000000000       1.090391535522039E-002  0.877944600031055     
   32.3400000000000       1.090279054631859E-002  0.877863972848540     
   32.3700000000000       1.090167005351954E-002  0.877783347374269     
   32.4000000000000       1.090055422965727E-002  0.877702723042090     
   32.4300000000000       1.089944348296929E-002  0.877622099174997     
   32.4600000000000       1.089833819329428E-002  0.877541475114611     
   32.4900000000000       1.089723861652605E-002  0.877460850371054     
   32.5200000000000       1.089614479521232E-002  0.877380224770342     
   32.5500000000000       1.089505651098999E-002  0.877299598546479     
   32.5800000000000       1.089397331835257E-002  0.877218972314092     
   32.6100000000000       1.089289467308651E-002  0.877138346889523     
   32.6400000000000       1.089182010979579E-002  0.877057723014949     
   32.6700000000000       1.089074937759934E-002  0.876977101122853     
   32.7000000000000       1.088968247540152E-002  0.876896481250581     
   32.7300000000000       1.088861960859188E-002  0.876815863091333     
   32.7600000000000       1.088756111972666E-002  0.876735246099605     
   32.7900000000000       1.088650741553278E-002  0.876654629605435     
   32.8200000000000       1.088545888469918E-002  0.876574012941466     
   32.8500000000000       1.088441580321221E-002  0.876493395590936     
   32.8800000000000       1.088337824273317E-002  0.876412777337511     
   32.9100000000000       1.088234601608963E-002  0.876332158367033     
   32.9400000000000       1.088131870013184E-002  0.876251539256716     
   32.9700000000000       1.088029575424555E-002  0.876170920812998     
   33.0000000000000       1.087927669646289E-002  0.876090303800876     
   33.0300000000000       1.087826124833916E-002  0.876009688696369     
   33.0600000000000       1.087724938209033E-002  0.875929075582030     
   33.0900000000000       1.087624128353469E-002  0.875848464186181     
   33.1200000000000       1.087523728387494E-002  0.875767853985594     
   33.1500000000000       1.087423778718663E-002  0.875687244319044     
   33.1800000000000       1.087324318974917E-002  0.875606634512094     
   33.2100000000000       1.087225378647629E-002  0.875526024022940     
   33.2400000000000       1.087126967752284E-002  0.875445412594008     
   33.2700000000000       1.087029070735581E-002  0.875364800362533     
   33.3000000000000       1.086931647692009E-002  0.875284187865814     
   33.3300000000000       1.086834645165282E-002  0.875203575896505     
   33.3600000000000       1.086738013488296E-002  0.875122965239078     
   33.3900000000000       1.086641722097357E-002  0.875042356411974     
   33.4200000000000       1.086545765465085E-002  0.874961749543880     
   33.4500000000000       1.086450160103641E-002  0.874881144399904     
   33.4800000000000       1.086354937889354E-002  0.874800540480735     
   33.5100000000000       1.086260138850728E-002  0.874719937135581     
   33.5400000000000       1.086165803247603E-002  0.874639333684840     
   33.5700000000000       1.086071962341764E-002  0.874558729563584     
   33.6000000000000       1.085978628924348E-002  0.874478124474288     
   33.6300000000000       1.085885790635078E-002  0.874397518505379     
   33.6600000000000       1.085793410138746E-002  0.874316912151972     
   33.6900000000000       1.085701434830409E-002  0.874236306189084     
   33.7200000000000       1.085609813777064E-002  0.874155701417088     
   33.7500000000000       1.085518513753588E-002  0.874075098395397     
   33.7800000000000       1.085427526413544E-002  0.873994497299575     
   33.8100000000000       1.085336866087372E-002  0.873913897933149     
   33.8400000000000       1.085246563297939E-002  0.873833299822386     
   33.8700000000000       1.085156657581018E-002  0.873752702328627     
   33.9000000000000       1.085067189700490E-002  0.873672104769025     
   33.9300000000000       1.084978192561419E-002  0.873591506557514     
   33.9600000000000       1.084889681645917E-002  0.873510907358068     
   33.9900000000000       1.084801647799932E-002  0.873430307210350     
   34.0200000000000       1.084714056405325E-002  0.873349706565261     
   34.0500000000000       1.084626855953177E-002  0.873269106176406     
   34.0800000000000       1.084539994464773E-002  0.873188506856279     
   34.1100000000000       1.084453436132858E-002  0.873107909203479     
   34.1400000000000       1.084367169733486E-002  0.873027313440971     
   34.1700000000000       1.084281207304597E-002  0.872946719412296     
   34.2000000000000       1.084195577905087E-002  0.872866126670984     
   34.2300000000000       1.084110320464754E-002  0.872785534592200     
   34.2600000000000       1.084025476123405E-002  0.872704942491777     
   34.2900000000000       1.083941079298147E-002  0.872624349764550     
   34.3200000000000       1.083857148067337E-002  0.872543756037587     
   34.3500000000000       1.083773676480751E-002  0.872463161302071     
   34.3800000000000       1.083690632768785E-002  0.872382565962920     
   34.4100000000000       1.083607966759251E-002  0.872301970748657     
   34.4400000000000       1.083525625661849E-002  0.872221376479947     
   34.4700000000000       1.083443571188330E-002  0.872140783792453     
   34.5000000000000       1.083361789192111E-002  0.872060192956822     
   34.5300000000000       1.083280289310070E-002  0.871979603858150     
   34.5600000000000       1.083199099025604E-002  0.871899016078923     
   34.5900000000000       1.083118256549614E-002  0.871818429009833     
   34.6200000000000       1.083037803270142E-002  0.871737841967307     
   34.6500000000000       1.082957774981791E-002  0.871657254329160     
   34.6800000000000       1.082878192255183E-002  0.871576665687283     
   34.7100000000000       1.082799052326261E-002  0.871496075984896     
   34.7400000000000       1.082720326389262E-002  0.871415485579428     
   34.7700000000000       1.082641965843110E-002  0.871334895170796     
   34.8000000000000       1.082563917331847E-002  0.871254305583752     
   34.8300000000000       1.082486140209320E-002  0.871173717488565     
   34.8600000000000       1.082408617376189E-002  0.871093131203584     
   34.8900000000000       1.082331355962909E-002  0.871012546656923     
   34.9200000000000       1.082254381764953E-002  0.870931963461736     
   34.9500000000000       1.082177732161762E-002  0.870851381025937     
   34.9800000000000       1.082101448662452E-002  0.870770798668452     
   35.0100000000000       1.082025568302290E-002  0.870690215752190     
   35.0400000000000       1.081950114031740E-002  0.870609631835707     
   35.0700000000000       1.081875086240480E-002  0.870529046815002     
   35.1000000000000       1.081800459184989E-002  0.870448460998783     
   35.1300000000000       1.081726186061321E-002  0.870367875055005     
   35.1600000000000       1.081652213203160E-002  0.870287289808335     
   35.1900000000000       1.081578497751281E-002  0.870206705960868     
   35.2200000000000       1.081505019640047E-002  0.870126123878382     
   35.2500000000000       1.081431783392578E-002  0.870045543533379     
   35.2800000000000       1.081358813003204E-002  0.869964964571396     
   35.3100000000000       1.081286144907579E-002  0.869884386419271     
   35.3400000000000       1.081213820609740E-002  0.869803808400322     
   35.3700000000000       1.081141878247001E-002  0.869723229864678     
   35.4000000000000       1.081070343029810E-002  0.869642650339513     
   35.4300000000000       1.080999218454992E-002  0.869562069674550     
   35.4600000000000       1.080928481922366E-002  0.869481488128825     
   35.4900000000000       1.080858088640589E-002  0.869400906335182     
   35.5200000000000       1.080787984895292E-002  0.869320325113967     
   35.5500000000000       1.080718125780138E-002  0.869239745196017     
   35.5800000000000       1.080648488267807E-002  0.869159166993965     
   35.6100000000000       1.080579074178882E-002  0.869078590525942     
   35.6400000000000       1.080509905592773E-002  0.868998015471589     
   35.6700000000000       1.080441017889165E-002  0.868917441278373     
   35.7000000000000       1.080372452442041E-002  0.868836867275880     
   35.7300000000000       1.080304248351101E-002  0.868756292803597     
   35.7600000000000       1.080236432960402E-002  0.868675717359354     
   35.7900000000000       1.080169012813856E-002  0.868595140747745     
   35.8200000000000       1.080101968518138E-002  0.868514563177460     
   35.8500000000000       1.080035257497666E-002  0.868433985243303     
   35.8800000000000       1.079968826256703E-002  0.868353407757058     
   35.9100000000000       1.079902628028049E-002  0.868272831474930     
   35.9400000000000       1.079836636846694E-002  0.868192256855506     
   35.9700000000000       1.079770851742760E-002  0.868111683963644     
   36.0000000000000       1.079705292766711E-002  0.868031112514806     
   36.0300000000000       1.079639994130062E-002  0.867950541978797     
   36.0600000000000       1.079574996953047E-002  0.867869971693330     
   36.0900000000000       1.079510341157819E-002  0.867789400989386     
   36.1200000000000       1.079446056089955E-002  0.867708829337564     
   36.1500000000000       1.079382151267746E-002  0.867628256498665     
   36.1800000000000       1.079318610550589E-002  0.867547682630626     
   36.2100000000000       1.079255393767883E-002  0.867467108287537     
   36.2400000000000       1.079192447910989E-002  0.867386534268399     
   36.2700000000000       1.079129724557099E-002  0.867305961351157     
   36.3000000000000       1.079067194848131E-002  0.867225390039112     
   36.3300000000000       1.079004854944582E-002  0.867144820444776     
   36.3600000000000       1.078942722754171E-002  0.867064252321128     
   36.3900000000000       1.078880831207885E-002  0.866983685162033     
   36.4200000000000       1.078819221050062E-002  0.866903118315166     
   36.4500000000000       1.078757932885261E-002  0.866822551105136     
   36.4800000000000       1.078696997923908E-002  0.866741982977482     
   36.5100000000000       1.078636428574147E-002  0.866661413650714     
   36.5400000000000       1.078576211976475E-002  0.866580843231890     
   36.5700000000000       1.078516310539111E-002  0.866500272231968     
   36.6000000000000       1.078456672008152E-002  0.866419701433015     
   36.6300000000000       1.078397246527879E-002  0.866339131630856     
   36.6600000000000       1.078338002413301E-002  0.866258563371921     
   36.6900000000000       1.078278932886567E-002  0.866177996817103     
   36.7200000000000       1.078220053599656E-002  0.866097431758568     
   36.7500000000000       1.078161396090313E-002  0.866016867715967     
   36.7800000000000       1.078103000606251E-002  0.865936304048762     
   36.8100000000000       1.078044908295237E-002  0.865855740077302     
   36.8400000000000       1.077987152091896E-002  0.865775175224289     
   36.8700000000000       1.077929747198814E-002  0.865694609167601     
   36.9000000000000       1.077872684048749E-002  0.865614041963545     
   36.9300000000000       1.077815927786010E-002  0.865533474077813     
   36.9600000000000       1.077759427175723E-002  0.865452906271495     
   36.9900000000000       1.077703131167563E-002  0.865372339354234     
   37.0200000000000       1.077647005337935E-002  0.865291773913656     
   37.0500000000000       1.077591039914088E-002  0.865211210159540     
   37.0800000000000       1.077535248180791E-002  0.865130647924861     
   37.1100000000000       1.077479660169430E-002  0.865050086756796     
   37.1400000000000       1.077424315511753E-002  0.864969526028395     
   37.1700000000000       1.077369255760584E-002  0.864888965057845     
   37.2000000000000       1.077314515431137E-002  0.864808403247267     
   37.2300000000000       1.077260112415059E-002  0.864727840235703     
   37.2600000000000       1.077206040431769E-002  0.864647276029097     
   37.2900000000000       1.077152267501487E-002  0.864566711046028     
   37.3200000000000       1.077098743666738E-002  0.864486146022700     
   37.3500000000000       1.077045416934423E-002  0.864405581778358     
   37.3800000000000       1.076992250253184E-002  0.864325018939545     
   37.4100000000000       1.076939230812651E-002  0.864244457765175     
   37.4400000000000       1.076886369421376E-002  0.864163898130596     
   37.4700000000000       1.076833694490762E-002  0.864083339612254     
   37.5000000000000       1.076781244918515E-002  0.864002781598583     
   37.5300000000000       1.076729062525861E-002  0.863922223407675     
   37.5600000000000       1.076677183262787E-002  0.863841664423350     
   37.5900000000000       1.076625627595623E-002  0.863761104247736     
   37.6200000000000       1.076574392508664E-002  0.863680542837042     
   37.6500000000000       1.076523449019658E-002  0.863599980561184     
   37.6800000000000       1.076472748698734E-002  0.863519418127744     
   37.7100000000000       1.076422238873016E-002  0.863438856361234     
   37.7400000000000       1.076371879996731E-002  0.863358295924491     
   37.7700000000000       1.076321656194766E-002  0.863277737125539     
   37.8000000000000       1.076271575693919E-002  0.863197179883583     
   37.8300000000000       1.076221665171472E-002  0.863116623806091     
   37.8600000000000       1.076171962674232E-002  0.863036068298657     
   37.8900000000000       1.076122510156851E-002  0.862955512681321     
   37.9200000000000       1.076073344856731E-002  0.862874956321894     
   37.9500000000000       1.076024489692593E-002  0.862794398787624     
   37.9800000000000       1.075975944876319E-002  0.862713839985839     
   38.0100000000000       1.075927684526131E-002  0.862633280236536     
   38.0400000000000       1.075879661979602E-002  0.862552720215153     
   38.0700000000000       1.075831824155794E-002  0.862472160747049     
   38.1000000000000       1.075784129170028E-002  0.862391602528406     
   38.1300000000000       1.075736558072500E-002  0.862311045916037     
   38.1600000000000       1.075689116407445E-002  0.862230490874378     
   38.1900000000000       1.075641829003410E-002  0.862149937043676     
   38.2200000000000       1.075594732940345E-002  0.862069383848457     
   38.2500000000000       1.075547870173343E-002  0.861988830612721     
   38.2800000000000       1.075501279079257E-002  0.861908276690564     
   38.3100000000000       1.075454984899785E-002  0.861827721616476     
   38.3400000000000       1.075408991022415E-002  0.861747165249977     
   38.3700000000000       1.075363274749863E-002  0.861666607860196     
   38.4000000000000       1.075317791414631E-002  0.861586050087124     
   38.4300000000000       1.075272487805459E-002  0.861505492752511     
   38.4600000000000       1.075227319875804E-002  0.861424936582633     
   38.4900000000000       1.075182265609942E-002  0.861344381982443     
   38.5200000000000       1.075137327774741E-002  0.861263828962862     
   38.5500000000000       1.075092529235162E-002  0.861183277198671     
   38.5800000000000       1.075047905989098E-002  0.861102726135090     
   38.6100000000000       1.075003499861221E-002  0.861022175102060     
   38.6400000000000       1.074959350219626E-002  0.860941623442251     
   38.6700000000000       1.074915484493628E-002  0.860861070659595     
   38.7000000000000       1.074871909180494E-002  0.860780516567081     
   38.7300000000000       1.074828604832521E-002  0.860699961382310     
   38.7600000000000       1.074785528990411E-002  0.860619405706780     
   38.7900000000000       1.074742628593777E-002  0.860538850354187     
   38.8200000000000       1.074699857631694E-002  0.860458296077350     
   38.8500000000000       1.074657191051290E-002  0.860377743328392     
   38.8800000000000       1.074614628754848E-002  0.860297192165816     
   38.9100000000000       1.074572191528902E-002  0.860216642300675     
   38.9400000000000       1.074529914174582E-002  0.860136093200650     
   38.9700000000000       1.074487838257431E-002  0.860055544203573     
   39.0000000000000       1.074446003989110E-002  0.859974994642956     
   39.0300000000000       1.074404440846074E-002  0.859894443994446     
   39.0600000000000       1.074363158356649E-002  0.859813892025952     
   39.0900000000000       1.074322140368877E-002  0.859733338903185     
   39.1200000000000       1.074281346829410E-002  0.859652785186379     
   39.1500000000000       1.074240725110534E-002  0.859572231676771     
   39.1800000000000       1.074200227453506E-002  0.859491679149918     
   39.2100000000000       1.074159825818249E-002  0.859411128103793     
   39.2400000000000       1.074119517164398E-002  0.859330578645398     
   39.2700000000000       1.074079320085630E-002  0.859250030523781     
   39.3000000000000       1.074039268071940E-002  0.859169483230849     
   39.3300000000000       1.073999402303104E-002  0.859088936114242     
   39.3600000000000       1.073959763687756E-002  0.859008388500567     
   39.3900000000000       1.073920383604825E-002  0.858927839839497     
   39.4200000000000       1.073881274523072E-002  0.858847289855495     
   39.4500000000000       1.073842423613961E-002  0.858766738662294     
   39.4800000000000       1.073803793410789E-002  0.858686186776381     
   39.5100000000000       1.073765331998344E-002  0.858605634982217     
   39.5400000000000       1.073726990104004E-002  0.858525084074071     
   39.5700000000000       1.073688736772508E-002  0.858444534594086     
   39.6000000000000       1.073650565953560E-002  0.858363986698476     
   39.6300000000000       1.073612493934610E-002  0.858283440175974     
   39.6600000000000       1.073574552780122E-002  0.858202894544478     
   39.6900000000000       1.073536783159795E-002  0.858122349163329     
   39.7200000000000       1.073499226533855E-002  0.858041803354448     
   39.7500000000000       1.073461916035859E-002  0.857961256543891     
   39.7800000000000       1.073424866973483E-002  0.857880708414451     
   39.8100000000000       1.073388069851245E-002  0.857800159028075     
   39.8400000000000       1.073351489951713E-002  0.857719608855320     
   39.8700000000000       1.073315076347420E-002  0.857639058659678     
   39.9000000000000       1.073278778501187E-002  0.857558509249907     
   39.9300000000000       1.073242562637236E-002  0.857477961210293     
   39.9600000000000       1.073206419640632E-002  0.857397414746738     
   39.9900000000000       1.073170363380959E-002  0.857316869689301     
