  3.000000000000000E-002  3.514414159071979E-003  0.999902282838542     
  6.000000000000000E-002  3.591766232647865E-003  0.999753078847030     
  9.000000000000000E-002  3.670774231615053E-003  0.999600664133808     
  0.120000000000000       3.751471172266238E-003  0.999444973788574     
  0.150000000000000       3.833890591748654E-003  0.999285941822647     
  0.180000000000000       3.918066547417786E-003  0.999123501165860     
  0.210000000000000       4.004033615427391E-003  0.998957583664650     
  0.240000000000000       4.091826888488334E-003  0.998788120081474     
  0.270000000000000       4.181481972723390E-003  0.998615040095643     
  0.300000000000000       4.273034983539508E-003  0.998438272305732     
  0.330000000000000       4.366522540432675E-003  0.998257744233693     
  0.360000000000000       4.461981760633885E-003  0.998073382330817     
  0.390000000000000       4.559450251497281E-003  0.997885111985726     
  0.420000000000000       4.658966101523675E-003  0.997692857534555     
  0.450000000000000       4.760567869903981E-003  0.997496542273525     
  0.480000000000000       4.864294574457633E-003  0.997296088474113     
  0.510000000000000       4.970185677830958E-003  0.997091417401035     
  0.540000000000000       5.078281071809258E-003  0.996882449333296     
  0.570000000000000       5.188621059584313E-003  0.996669103588562     
  0.600000000000000       5.301246335805739E-003  0.996451298551135     
  0.630000000000000       5.416197964230274E-003  0.996228951703852     
  0.660000000000000       5.533517352767343E-003  0.996001979664219     
  0.690000000000000       5.653246225702044E-003  0.995770298225170     
  0.720000000000000       5.775426592857887E-003  0.995533822400818     
  0.750000000000000       5.900100715441153E-003  0.995292466477640     
  0.780000000000000       6.027311068286078E-003  0.995046144071559     
  0.810000000000000       6.157100298195487E-003  0.994794768191411     
  0.840000000000000       6.289511178044419E-003  0.994538251309372     
  0.870000000000000       6.424586556284440E-003  0.994276505438919     
  0.900000000000000       6.562369301453812E-003  0.994009442220978     
  0.930000000000000       6.702902241262592E-003  0.993736973018984     
  0.960000000000000       6.846228095782263E-003  0.993459009023605     
  0.990000000000000       6.992389404225766E-003  0.993175461367985     
   1.02000000000000       7.141428444755816E-003  0.992886241254423     
   1.05000000000000       7.293387146706064E-003  0.992591260093501     
   1.08000000000000       7.448306994541160E-003  0.992290429656750     
   1.11000000000000       7.606228922816573E-003  0.991983662244075     
   1.14000000000000       7.767193201327219E-003  0.991670870867240     
   1.17000000000000       7.931239309554137E-003  0.991351969450882     
   1.20000000000000       8.098405799429820E-003  0.991026873052618     
   1.23000000000000       8.268730145344676E-003  0.990695498104011     
   1.26000000000000       8.442248580207413E-003  0.990357762674282     
   1.29000000000000       8.618995916250748E-003  0.990013586758895     
   1.32000000000000       8.799005349137870E-003  0.989662892595309     
   1.35000000000000       8.982308243773926E-003  0.989305605008456     
   1.38000000000000       9.168933900057831E-003  0.988941651788734     
   1.41000000000000       9.358909296620923E-003  0.988570964105611     
   1.44000000000000       9.552258810387791E-003  0.988193476960238     
   1.47000000000000       9.749003909558608E-003  0.987809129680820     
   1.50000000000000       9.949162817347727E-003  0.987417866464881     
   1.53000000000000       1.015275014351736E-002  0.987019636972986     
   1.56000000000000       1.035977648041390E-002  0.986614396978945     
   1.59000000000000       1.057024795984402E-002  0.986202109082050     
   1.62000000000000       1.078416576671390E-002  0.985782743487457     
   1.65000000000000       1.100152560489396E-002  0.985356278861450     
   1.68000000000000       1.122231711026026E-002  0.984922703268992     
   1.71000000000000       1.144652320529821E-002  0.984482015201709     
   1.74000000000000       1.167411938903591E-002  0.984034224705246     
   1.77000000000000       1.190507295540327E-002  0.983579354615764     
   1.80000000000000       1.213934213239692E-002  0.983117441916234     
   1.83000000000000       1.237687513368480E-002  0.982648539224119     
   1.86000000000000       1.261760911353131E-002  0.982172716422933     
   1.89000000000000       1.286146901520601E-002  0.981690062451096     
   1.92000000000000       1.310836630241898E-002  0.981200687262320     
   1.95000000000000       1.335819756289515E-002  0.980704723972469     
   1.98000000000000       1.361084297309380E-002  0.980202331208278     
   2.01000000000000       1.386616461348050E-002  0.979693695673427     
   2.04000000000000       1.412400462491831E-002  0.979179034946983     
   2.07000000000000       1.438418319898394E-002  0.978658600527991     
   2.10000000000000       1.464649639873682E-002  0.978132681137615     
   2.13000000000000       1.491071381215014E-002  0.977601606286302     
   2.16000000000000       1.517657604857693E-002  0.977065750107469     
   2.19000000000000       1.544379209979741E-002  0.976525535450368     
   2.22000000000000       1.571203660181319E-002  0.975981438212394     
   2.25000000000000       1.598094705186053E-002  0.975433991873873     
   2.28000000000000       1.625012105701492E-002  0.974883792175259     
   2.31000000000000       1.651911371571817E-002  0.974331501846060     
   2.34000000000000       1.678743526056807E-002  0.973777855255213     
   2.37000000000000       1.705454911842326E-002  0.973223662802287     
   2.40000000000000       1.731987057096274E-002  0.972669814806384     
   2.43000000000000       1.758276622452243E-002  0.972117284573788     
   2.46000000000000       1.784255452265154E-002  0.971567130236286     
   2.49000000000000       1.809850756001246E-002  0.971020494851506     
   2.52000000000000       1.834985448417058E-002  0.970478604149644     
   2.55000000000000       1.859578680318369E-002  0.969942761207850     
   2.58000000000000       1.883546594758040E-002  0.969414337251697     
   2.61000000000000       1.906803345265367E-002  0.968894757749776     
   2.64000000000000       1.929262410736819E-002  0.968385483020259     
   2.67000000000000       1.950838232614323E-002  0.967887982754098     
   2.70000000000000       1.971448180253375E-002  0.967403704227204     
   2.73000000000000       1.991014817169971E-002  0.966934034560128     
   2.76000000000000       2.009468393979725E-002  0.966480258189954     
   2.79000000000000       2.026749437432673E-002  0.966043511685804     
   2.82000000000000       2.042811248427221E-002  0.965624739024877     
   2.85000000000000       2.057622079332659E-002  0.965224651228799     
   2.88000000000000       2.071166748074785E-002  0.964843694579416     
   2.91000000000000       2.083447475343123E-002  0.964482031269571     
   2.94000000000000       2.094483804580566E-002  0.964139535221279     
   2.97000000000000       2.104311571660274E-002  0.963815804058517     
   3.00000000000000       2.112981010207873E-002  0.963510186200998     
   3.03000000000000       2.120554182464088E-002  0.963221820201503     
   3.06000000000000       2.127101992257302E-002  0.962949682182637     
   3.09000000000000       2.132701056200939E-002  0.962692636747930     
   3.12000000000000       2.137430685795556E-002  0.962449487015755     
   3.15000000000000       2.141370180648287E-002  0.962219020237670     
   3.18000000000000       2.144596568234823E-002  0.962000046532311     
   3.21000000000000       2.147182862100573E-002  0.961791429347038     
   3.24000000000000       2.149196856055414E-002  0.961592107199807     
   3.27000000000000       2.150700429627652E-002  0.961401106991516     
   3.30000000000000       2.151749309620394E-002  0.961217549711818     
   3.33000000000000       2.152393212647090E-002  0.961040649712906     
   3.36000000000000       2.152676282391948E-002  0.960869708925778     
   3.39000000000000       2.152637731543107E-002  0.960704107469667     
   3.42000000000000       2.152312600554274E-002  0.960543292081662     
   3.45000000000000       2.151732552469676E-002  0.960386763689938     
   3.48000000000000       2.150926634067794E-002  0.960234065286376     
   3.51000000000000       2.149921947748690E-002  0.960084771035434     
   3.54000000000000       2.148744195078760E-002  0.959938477298657     
   3.57000000000000       2.147418070646291E-002  0.959794795973858     
   3.60000000000000       2.145967502454323E-002  0.959653350266099     
   3.63000000000000       2.144415750814392E-002  0.959513772749872     
   3.66000000000000       2.142785389981217E-002  0.959375705374582     
   3.69000000000000       2.141098204401868E-002  0.959238800928901     
   3.72000000000000       2.139375034024935E-002  0.959102725422913     
   3.75000000000000       2.137635601074766E-002  0.958967160865586     
   3.78000000000000       2.135898345204641E-002  0.958831807992373     
   3.81000000000000       2.134180286532300E-002  0.958696388610224     
   3.84000000000000       2.132496928240742E-002  0.958560647350596     
   3.87000000000000       2.130862203379694E-002  0.958424352735416     
   3.90000000000000       2.129288464935265E-002  0.958287297553650     
   3.93000000000000       2.127786514387999E-002  0.958149298612182     
   3.96000000000000       2.126365661742647E-002  0.958010195964796     
   3.99000000000000       2.125033809079456E-002  0.957869851741673     
   4.02000000000000       2.123797549682910E-002  0.957728148704576     
   4.05000000000000       2.122662275421259E-002  0.957584988645051     
   4.08000000000000       2.121632286027120E-002  0.957440290728820     
   4.11000000000000       2.120710895091496E-002  0.957293989871908     
   4.14000000000000       2.119900528810120E-002  0.957146035215024     
   4.17000000000000       2.119202814724631E-002  0.956996388743738     
   4.20000000000000       2.118618658809986E-002  0.956845024084275     
   4.23000000000000       2.118148310216578E-002  0.956691925489189     
   4.26000000000000       2.117791413742546E-002  0.956537087014497     
   4.29000000000000       2.117547050673723E-002  0.956380511880371     
   4.32000000000000       2.117413768995002E-002  0.956222212001112     
   4.35000000000000       2.117389604176660E-002  0.956062207666424     
   4.38000000000000       2.117472091812899E-002  0.955900527354509     
   4.41000000000000       2.117658273380526E-002  0.955737207657303     
   4.44000000000000       2.117944696333564E-002  0.955572293298867     
   4.47000000000000       2.118327409687465E-002  0.955405837228829     
   4.50000000000000       2.118801956198428E-002  0.955237900773487     
   4.53000000000000       2.119363362226492E-002  0.955068553827497     
   4.56000000000000       2.120006126396168E-002  0.954897875068669     
   4.59000000000000       2.120724208242068E-002  0.954725952177304     
   4.62000000000000       2.121511018152431E-002  0.954552882039536     
   4.65000000000000       2.122359410101705E-002  0.954378770911350     
   4.68000000000000       2.123261678892293E-002  0.954203734516351     
   4.71000000000000       2.124209563899903E-002  0.954027898045932     
   4.74000000000000       2.125194261626094E-002  0.953851396025549     
   4.77000000000000       2.126206449686995E-002  0.953674372005447     
   4.80000000000000       2.127236325179989E-002  0.953496978028961     
   4.83000000000000       2.128273660627275E-002  0.953319373827003     
   4.86000000000000       2.129307880835566E-002  0.953141725684499     
   4.89000000000000       2.130328163955096E-002  0.952964204924580     
   4.92000000000000       2.131323569668492E-002  0.952786985960825     
   4.95000000000000       2.132283196678093E-002  0.952610243878529     
   4.98000000000000       2.133196370374174E-002  0.952434151524846     
   5.01000000000000       2.134052859663722E-002  0.952258876116102     
   5.04000000000000       2.134843119381722E-002  0.952084575409674     
   5.07000000000000       2.135558551554628E-002  0.951911393536755     
   5.10000000000000       2.136191775240095E-002  0.951739456648496     
   5.13000000000000       2.136736891103701E-002  0.951568868585838     
   5.16000000000000       2.137189723860202E-002  0.951399706834634     
   5.19000000000000       2.137548023872307E-002  0.951232019061919     
   5.22000000000000       2.137811609233661E-002  0.951065820535540     
   5.25000000000000       2.137982432063143E-002  0.950901092699175     
   5.28000000000000       2.138064557642167E-002  0.950737783104457     
   5.31000000000000       2.138064052070138E-002  0.950575806795822     
   5.34000000000000       2.137988782406125E-002  0.950415049114357     
   5.37000000000000       2.137848141531902E-002  0.950255369753793     
   5.40000000000000       2.137652716835103E-002  0.950096607786797     
   5.43000000000000       2.137413926136888E-002  0.949938587301907     
   5.46000000000000       2.137143645474575E-002  0.949781123262318     
   5.49000000000000       2.136853851456638E-002  0.949624027218174     
   5.52000000000000       2.136556296589291E-002  0.949467112565386     
   5.55000000000000       2.136262230248985E-002  0.949310199130959     
   5.58000000000000       2.135982171933720E-002  0.949153116960034     
   5.61000000000000       2.135725737977978E-002  0.948995709268273     
   5.64000000000000       2.135501518643083E-002  0.948837834594553     
   5.67000000000000       2.135316999626104E-002  0.948679368238591     
   5.70000000000000       2.135178520507854E-002  0.948520203096205     
   5.73000000000000       2.135091262246148E-002  0.948360250014741     
   5.76000000000000       2.135059256204509E-002  0.948199437787528     
   5.79000000000000       2.135085408086338E-002  0.948037712893868     
   5.82000000000000       2.135171531270660E-002  0.947875039074091     
   5.85000000000000       2.135318385238065E-002  0.947711396810735     
   5.88000000000000       2.135525715919801E-002  0.947546782768796     
   5.91000000000000       2.135792295839215E-002  0.947381209231443     
   5.94000000000000       2.136115962820408E-002  0.947214703552995     
   5.97000000000000       2.136493656816979E-002  0.947047307638342     
   6.00000000000000       2.136921455080438E-002  0.946879077447115     
   6.03000000000000       2.137394606465258E-002  0.946710082511549     
   6.06000000000000       2.137907566177883E-002  0.946540405448574     
   6.09000000000000       2.138454032738542E-002  0.946370141439162     
   6.12000000000000       2.139026989348841E-002  0.946199397640959     
   6.15000000000000       2.139618752246170E-002  0.946028292493800     
   6.18000000000000       2.140221028967590E-002  0.945856954871923     
   6.21000000000000       2.140824989714836E-002  0.945685523031996     
   6.24000000000000       2.141421355165363E-002  0.945514143303002     
   6.27000000000000       2.142000504048872E-002  0.945342968463688     
   6.30000000000000       2.142552603523231E-002  0.945172155756751     
   6.33000000000000       2.143067764741727E-002  0.945001864497932     
   6.36000000000000       2.143536224904373E-002  0.944832253254178     
   6.39000000000000       2.143948555442371E-002  0.944663476589564     
   6.42000000000000       2.144295893751392E-002  0.944495681411707     
   6.45000000000000       2.144570193097276E-002  0.944329002994552     
   6.48000000000000       2.144764482115840E-002  0.944163560803946     
   6.51000000000000       2.144873122012815E-002  0.943999454305799     
   6.54000000000000       2.144892046593655E-002  0.943836758986300     
   6.57000000000000       2.144818968192733E-002  0.943675522850505     
   6.60000000000000       2.144653532039873E-002  0.943515763679947     
   6.63000000000000       2.144397403108847E-002  0.943357467312983     
   6.66000000000000       2.144054273278366E-002  0.943200587158676     
   6.69000000000000       2.143629782530249E-002  0.943045045067314     
   6.72000000000000       2.143131355271436E-002  0.942890733567138     
   6.75000000000000       2.142567960656836E-002  0.942737519352889     
   6.78000000000000       2.141949812775241E-002  0.942585247796728     
   6.81000000000000       2.141288031601511E-002  0.942433748164703     
   6.84000000000000       2.140594287949604E-002  0.942282839175595     
   6.87000000000000       2.139880455067465E-002  0.942132334539060     
   6.90000000000000       2.139158286348291E-002  0.941982048152379     
   6.93000000000000       2.138439133677245E-002  0.941831798708565     
   6.96000000000000       2.137733715172771E-002  0.941681413557914     
   6.99000000000000       2.137051935463211E-002  0.941530731754927     
   7.02000000000000       2.136402756885518E-002  0.941379606300707     
   7.05000000000000       2.135794116516179E-002  0.941227905649994     
   7.08000000000000       2.135232881849944E-002  0.941075514589300     
   7.11000000000000       2.134724837096630E-002  0.940922334609738     
   7.14000000000000       2.134274692195108E-002  0.940768283898982     
   7.17000000000000       2.133886107425115E-002  0.940613297066410     
   7.20000000000000       2.133561727632902E-002  0.940457324698649     
   7.23000000000000       2.133303221340832E-002  0.940300332823408     
   7.26000000000000       2.133111321224713E-002  0.940142302340281     
   7.29000000000000       2.132985863525980E-002  0.939983228459876     
   7.32000000000000       2.132925824883931E-002  0.939823120177725     
   7.35000000000000       2.132929355826164E-002  0.939661999797156     
   7.38000000000000       2.132993810764714E-002  0.939499902505301     
   7.41000000000000       2.133115774840999E-002  0.939336875998285     
   7.44000000000000       2.133291088376099E-002  0.939172980144823     
   7.47000000000000       2.133514870042621E-002  0.939008286671574     
   7.50000000000000       2.133781540203372E-002  0.938842878848203     
   7.53000000000000       2.134084846176914E-002  0.938676851144959     
   7.56000000000000       2.134417891499428E-002  0.938510308830527     
   7.59000000000000       2.134773171556345E-002  0.938343367472870     
   7.62000000000000       2.135142618245440E-002  0.938176152300979     
   7.65000000000000       2.135517656583024E-002  0.938008797381137     
   7.68000000000000       2.135889276339136E-002  0.937841444558064     
   7.71000000000000       2.136248121832663E-002  0.937674242109960     
   7.74000000000000       2.136584602862089E-002  0.937507343068109     
   7.77000000000000       2.136889029306192E-002  0.937340903157645     
   7.80000000000000       2.137151771106509E-002  0.937175078327891     
   7.83000000000000       2.137363444049325E-002  0.937010021859822     
   7.86000000000000       2.137515119933813E-002  0.936845881065850     
   7.89000000000000       2.137598557334663E-002  0.936682793633627     
   7.92000000000000       2.137606446321368E-002  0.936520883710064     
   7.95000000000000       2.137532657386145E-002  0.936360257871265     
   7.98000000000000       2.137372481805639E-002  0.936201001173584     
   8.01000000000000       2.137122848200805E-002  0.936043173523116     
   8.04000000000000       2.136782498728449E-002  0.935886806626754     
   8.07000000000000       2.136352108678639E-002  0.935731901788643     
   8.10000000000000       2.135834335640109E-002  0.935578428784711     
   8.13000000000000       2.135233788894434E-002  0.935426325982887     
   8.16000000000000       2.134556915957236E-002  0.935275501781902     
   8.19000000000000       2.133811810432454E-002  0.935125837328248     
   8.22000000000000       2.133007952518371E-002  0.934977190355208     
   8.25000000000000       2.132155899467678E-002  0.934829399887990     
   8.28000000000000       2.131266947123603E-002  0.934682291490567     
   8.31000000000000       2.130352784815742E-002  0.934535682702504     
   8.34000000000000       2.129425164410089E-002  0.934389388329304     
   8.37000000000000       2.128495600653156E-002  0.934243225301237     
   8.40000000000000       2.127575114928762E-002  0.934097016891402     
   8.43000000000000       2.126674029059478E-002  0.933950596169691     
   8.46000000000000       2.125801810637379E-002  0.933803808652226     
   8.49000000000000       2.124966967141664E-002  0.933656514175819     
   8.52000000000000       2.124176983099007E-002  0.933508588078342     
   8.55000000000000       2.123438292817637E-002  0.933359921797116     
   8.58000000000000       2.122756280636242E-002  0.933210423010160     
   8.61000000000000       2.122135300919699E-002  0.933060015443249     
   8.64000000000000       2.121578710911737E-002  0.932908638453588     
   8.67000000000000       2.121088910745524E-002  0.932756246483143     
   8.70000000000000       2.120667386195769E-002  0.932602808454746     
   8.73000000000000       2.120314750977199E-002  0.932448307164722     
   8.76000000000000       2.120030786466439E-002  0.932292738708560     
   8.79000000000000       2.119814477613029E-002  0.932136111961622     
   8.82000000000000       2.119664044513066E-002  0.931978448125314     
   8.85000000000000       2.119576969670647E-002  0.931819780339955     
   8.88000000000000       2.119550021401972E-002  0.931660153358508     
   8.91000000000000       2.119579274180547E-002  0.931499623269594     
   8.94000000000000       2.119660127011553E-002  0.931338257253453     
   8.97000000000000       2.119787321185268E-002  0.931176133350199     
   9.00000000000000       2.119954959012779E-002  0.931013340215575     
   9.03000000000000       2.120156525403736E-002  0.930849976835243     
   9.06000000000000       2.120384914409545E-002  0.930686152164292     
   9.09000000000000       2.120632463120858E-002  0.930521984654304     
   9.12000000000000       2.120890995560704E-002  0.930357601626021     
   9.15000000000000       2.121151879426191E-002  0.930193138441989     
   9.18000000000000       2.121406098661326E-002  0.930028737430987     
   9.21000000000000       2.121644344833580E-002  0.929864546515572     
   9.24000000000000       2.121857130064551E-002  0.929700717496734     
   9.27000000000000       2.122034923744424E-002  0.929537403956872     
   9.30000000000000       2.122168314349780E-002  0.929374758755499     
   9.33000000000000       2.122248196302573E-002  0.929212931112643     
   9.36000000000000       2.122265979903821E-002  0.929052063303832     
   9.39000000000000       2.122213819958741E-002  0.928892287027837     
   9.42000000000000       2.122084855885341E-002  0.928733719552662     
   9.45000000000000       2.121873453094547E-002  0.928576459793460     
   9.48000000000000       2.121575432613059E-002  0.928420584522470     
   9.51000000000000       2.121188273775466E-002  0.928266144948485     
   9.54000000000000       2.120711273881614E-002  0.928113163922951     
   9.57000000000000       2.120145649487930E-002  0.927961634023666     
   9.60000000000000       2.119494566775550E-002  0.927811516729427     
   9.63000000000000       2.118763093186337E-002  0.927662742829440     
   9.66000000000000       2.117958068811792E-002  0.927515214115258     
   9.69000000000000       2.117087903052771E-002  0.927368806292318     
   9.72000000000000       2.116162308795241E-002  0.927223372938923     
   9.75000000000000       2.115191991716030E-002  0.927078750249715     
   9.78000000000000       2.114188315528771E-002  0.926934762242198     
   9.81000000000000       2.113162964617083E-002  0.926791226086292     
   9.84000000000000       2.112127623683624E-002  0.926647957238021     
   9.87000000000000       2.111093690294703E-002  0.926504774112087     
   9.90000000000000       2.110072031299031E-002  0.926361502102590     
   9.93000000000000       2.109072788877859E-002  0.926217976843221     
   9.96000000000000       2.108105237158182E-002  0.926074046676187     
   9.99000000000000       2.107177686389767E-002  0.925929574364332     
   10.0200000000000       2.106297428902386E-002  0.925784438128513     
   10.0500000000000       2.105470719454928E-002  0.925638532121426     
   10.0800000000000       2.104702782034547E-002  0.925491766460961     
   10.1100000000000       2.103997835437431E-002  0.925344066944455     
   10.1400000000000       2.103359130803606E-002  0.925195374553652     
   10.1700000000000       2.102788995436785E-002  0.925045644842901     
   10.2000000000000       2.102288878507795E-002  0.924894847283529     
   10.2300000000000       2.101859395463808E-002  0.924742964617941     
   10.2600000000000       2.101500369050418E-002  0.924589992259592     
   10.2900000000000       2.101210865755807E-002  0.924435937760240     
   10.3200000000000       2.100989227200791E-002  0.924280820354136     
   10.3500000000000       2.100833096545668E-002  0.924124670579737     
   10.3800000000000       2.100739440397699E-002  0.923967529972597     
   10.4100000000000       2.100704567018856E-002  0.923809450817840     
   10.4400000000000       2.100724141887254E-002  0.923650495946354     
   10.4700000000000       2.100793201886657E-002  0.923490738555200     
   10.5000000000000       2.100906169609499E-002  0.923330262029274     
   10.5300000000000       2.101056869474916E-002  0.923169159737715     
   10.5600000000000       2.101238547592149E-002  0.923007534774828     
   10.5900000000000       2.101443897540935E-002  0.922845499611338     
   10.6200000000000       2.101665094484732E-002  0.922683175617732     
   10.6500000000000       2.101893840260578E-002  0.922520692417562     
   10.6800000000000       2.102121422268709E-002  0.922358187025391     
   10.7100000000000       2.102338789070339E-002  0.922195802722157     
   10.7400000000000       2.102536645531618E-002  0.922033687621197     
   10.7700000000000       2.102705570050434E-002  0.921871992882039     
   10.8000000000000       2.102836155783828E-002  0.921710870537816     
   10.8300000000000       2.102919176770153E-002  0.921550470917146     
   10.8600000000000       2.102945778338870E-002  0.921390939663838     
   10.8900000000000       2.102907689187813E-002  0.921232414388480     
   10.9200000000000       2.102797450017736E-002  0.921075021024606     
   10.9500000000000       2.102608650782092E-002  0.920918870006855     
   10.9800000000000       2.102336165698308E-002  0.920764052435540     
   11.0100000000000       2.101976372567301E-002  0.920610636435466     
   11.0400000000000       2.101527341154942E-002  0.920458663948985     
   11.0700000000000       2.100988974923566E-002  0.920308148215798     
   11.1000000000000       2.100363091697039E-002  0.920159072177535     
   11.1300000000000       2.099653432107847E-002  0.920011387999584     
   11.1600000000000       2.098865589775618E-002  0.919865017826817     
   11.1900000000000       2.098006863579235E-002  0.919719855791171     
   11.2200000000000       2.097086039247627E-002  0.919575771180101     
   11.2500000000000       2.096113113773283E-002  0.919432612572011     
   11.2800000000000       2.095098980873284E-002  0.919290212663739     
   11.3100000000000       2.094055098199647E-002  0.919148393468051     
   11.3400000000000       2.092993156989322E-002  0.919006971551131     
   11.3700000000000       2.091924772563880E-002  0.918865763009138     
   11.4000000000000       2.090861210125639E-002  0.918724587940785     
   11.4300000000000       2.089813155426403E-002  0.918583274247577     
   11.4600000000000       2.088790534884181E-002  0.918441660672498     
   11.4900000000000       2.087802385225004E-002  0.918299599060935     
   11.5200000000000       2.086856769144722E-002  0.918156955887312     
   11.5500000000000       2.085960731004616E-002  0.918013613133615     
   11.5800000000000       2.085120285190528E-002  0.917869468631306     
   11.6100000000000       2.084340429341304E-002  0.917724435987792     
   11.6400000000000       2.083625174978579E-002  0.917578444215811     
   11.6700000000000       2.082977588911668E-002  0.917431437172411     
   11.7000000000000       2.082399839924836E-002  0.917283372897277     
   11.7300000000000       2.081893246490478E-002  0.917134222921015     
   11.7600000000000       2.081458322448844E-002  0.916983971595072     
   11.7900000000000       2.081094818661118E-002  0.916832615477857     
   11.8200000000000       2.080801759532282E-002  0.916680162797098     
   11.8500000000000       2.080577474004600E-002  0.916526632996898     
   11.8800000000000       2.080419621158178E-002  0.916372056369015     
   11.9100000000000       2.080325210953205E-002  0.916216473761222     
   11.9400000000000       2.080290620945615E-002  0.916059936350595     
   11.9700000000000       2.080311610039137E-002  0.915902505465687     
   12.0000000000000       2.080383330533142E-002  0.915744252438291     
   12.0300000000000       2.080500339911012E-002  0.915585258462406     
   12.0600000000000       2.080656614004738E-002  0.915425614434933     
   12.0900000000000       2.080845563377690E-002  0.915265420749246     
   12.1200000000000       2.081060054990339E-002  0.915104787009142     
   12.1500000000000       2.081292441446647E-002  0.914943831626844     
   12.1800000000000       2.081534600345614E-002  0.914782681264889     
   12.2100000000000       2.081777986455487E-002  0.914621470078375     
   12.2400000000000       2.082013699546948E-002  0.914460338711677     
   12.2700000000000       2.082232570710958E-002  0.914299433003345     
   12.3000000000000       2.082425269777061E-002  0.914138902355362     
   12.3300000000000       2.082582435957223E-002  0.913978897729785     
   12.3600000000000       2.082694832981718E-002  0.913819569248213     
   12.3900000000000       2.082753528689043E-002  0.913661063388954     
   12.4200000000000       2.082750097231337E-002  0.913503519804065     
   12.4500000000000       2.082676839767153E-002  0.913347067813781     
   12.4800000000000       2.082527016829012E-002  0.913191822677925     
   12.5100000000000       2.082295082684169E-002  0.913037881789855     
   12.5400000000000       2.081976909292919E-002  0.912885320983155     
   12.5700000000000       2.081569985362728E-002  0.912734191177806     
   12.6000000000000       2.081073575009777E-002  0.912584515612764     
   12.6300000000000       2.080488821141796E-002  0.912436287908048     
   12.6600000000000       2.079818781166426E-002  0.912289471166071     
   12.6900000000000       2.079068387010219E-002  0.912143998258010     
   12.7200000000000       2.078244327332423E-002  0.911999773351293     
   12.7500000000000       2.077354856501908E-002  0.911856674629337     
   12.7800000000000       2.076409541403643E-002  0.911714558049577     
   12.8100000000000       2.075418962451421E-002  0.911573261896469     
   12.8400000000000       2.074394388508848E-002  0.911432611826272     
   12.8700000000000       2.073347446350405E-002  0.911292426077578     
   12.9000000000000       2.072289803877439E-002  0.911152520536640     
   12.9300000000000       2.071232882993378E-002  0.911012713393252     
   12.9600000000000       2.070187613545447E-002  0.910872829190887     
   12.9900000000000       2.069164234830474E-002  0.910732702151546     
   13.0200000000000       2.068172146518818E-002  0.910592178730468     
   13.0500000000000       2.067219806956680E-002  0.910451119419883     
   13.0800000000000       2.066314673923440E-002  0.910309399869898     
   13.1100000000000       2.065463181108105E-002  0.910166911426583     
   13.1400000000000       2.064670742742535E-002  0.910023561203495     
   13.1700000000000       2.063941778815926E-002  0.909879271805625     
   13.2000000000000       2.063279753882843E-002  0.909733980817367     
   13.2300000000000       2.062687223451543E-002  0.909587640151998     
   13.2600000000000       2.062165883106863E-002  0.909440215342365     
   13.2900000000000       2.061716616725856E-002  0.909291684833679     
   13.3200000000000       2.061339541270619E-002  0.909142039321391     
   13.3500000000000       2.061034046621580E-002  0.908991281161294     
   13.3800000000000       2.060798829715391E-002  0.908839423865906     
   13.4100000000000       2.060631922874649E-002  0.908686491690850     
   13.4400000000000       2.060530716683358E-002  0.908532519307165     
   13.4700000000000       2.060491978104498E-002  0.908377551549683     
   13.5000000000000       2.060511864790522E-002  0.908221643227327     
   13.5300000000000       2.060585936737522E-002  0.908064858977806     
   13.5600000000000       2.060709166608145E-002  0.907907273146266     
   13.5900000000000       2.060875950218728E-002  0.907748969664671     
   13.6200000000000       2.061080118867466E-002  0.907590041905712     
   13.6500000000000       2.061314955379905E-002  0.907430592481803     
   13.6800000000000       2.061573215965333E-002  0.907270732956145     
   13.7100000000000       2.061847160204009E-002  0.907110583429139     
   13.7400000000000       2.062128591701958E-002  0.906950271959685     
   13.7700000000000       2.062408912127589E-002  0.906789933777834     
   13.8000000000000       2.062679191439207E-002  0.906629710243200     
   13.8300000000000       2.062930257067410E-002  0.906469747503689     
   13.8600000000000       2.063152804559291E-002  0.906310194812288     
   13.8900000000000       2.063337531640267E-002  0.906151202467430     
   13.9200000000000       2.063475296718829E-002  0.905992919355999     
   13.9500000000000       2.063557301476033E-002  0.905835490098736     
   13.9800000000000       2.063575295304892E-002  0.905679051826363     
   14.0100000000000       2.063521797015894E-002  0.905523730651106     
   14.0400000000000       2.063390326517313E-002  0.905369637940913     
   14.0700000000000       2.063175636344081E-002  0.905216866549264     
   14.1000000000000       2.062873930305116E-002  0.905065487196638     
   14.1300000000000       2.062483054609311E-002  0.904915545233353     
   14.1600000000000       2.062002646119018E-002  0.904767058029511     
   14.1900000000000       2.061434223308504E-002  0.904620013228844     
   14.2200000000000       2.060781208321277E-002  0.904474368064617     
   14.2500000000000       2.060048873162282E-002  0.904330049867376     
   14.2800000000000       2.059244209091663E-002  0.904186957801994     
   14.3100000000000       2.058375724929617E-002  0.904044965766671     
   14.3400000000000       2.057453186257665E-002  0.903903926284380     
   14.3700000000000       2.056487312444727E-002  0.903763675133394     
   14.4000000000000       2.055489451309872E-002  0.903624036410445     
   14.4300000000000       2.054471251733798E-002  0.903484827704238     
   14.4600000000000       2.053444352774039E-002  0.903345865077785     
   14.4900000000000       2.052420104328459E-002  0.903206967608428     
   14.5200000000000       2.051409329847115E-002  0.903067961303514     
   14.5500000000000       2.050422136767732E-002  0.902928682285546     
   14.5800000000000       2.049467775880389E-002  0.902788979212744     
   14.6100000000000       2.048554547146894E-002  0.902648714961757     
   14.6400000000000       2.047689746825225E-002  0.902507767644807     
   14.6700000000000       2.046879649109467E-002  0.902366031062687     
   14.7000000000000       2.046129514790828E-002  0.902223414709138     
   14.7300000000000       2.045443619501345E-002  0.902079843443629     
   14.7600000000000       2.044825294715554E-002  0.901935256941678     
   14.7900000000000       2.044276975655700E-002  0.901789609017670     
   14.8200000000000       2.043800251393290E-002  0.901642866897700     
   14.8500000000000       2.043395913617990E-002  0.901495010501474     
   14.8800000000000       2.043064001647061E-002  0.901346031774837     
   14.9100000000000       2.042803842207987E-002  0.901195934098927     
   14.9400000000000       2.042614083313033E-002  0.901044731789123     
   14.9700000000000       2.042492722156607E-002  0.900892449686829     
   15.0000000000000       2.042437127423751E-002  0.900739122839415     
   15.0300000000000       2.042444056732235E-002  0.900584796258090     
   15.0600000000000       2.042509670176374E-002  0.900429524739205     
   15.0900000000000       2.042629541131728E-002  0.900273372731364     
   15.1200000000000       2.042798665644568E-002  0.900116414227870     
   15.1500000000000       2.043011471890991E-002  0.899958732661441     
   15.1800000000000       2.043261831362675E-002  0.899800420775292     
   15.2100000000000       2.043543073627359E-002  0.899641580441576     
   15.2400000000000       2.043848006722507E-002  0.899482322394728     
   15.2700000000000       2.044168945462187E-002  0.899322765843607     
   15.3000000000000       2.044497750152584E-002  0.899163037922678     
   15.3300000000000       2.044825878392011E-002  0.899003272939315     
   15.3600000000000       2.045144452735645E-002  0.898843611372169     
   15.3900000000000       2.045444346977444E-002  0.898684198575397     
   15.4200000000000       2.045716293572434E-002  0.898525183146373     
   15.4500000000000       2.045951014210762E-002  0.898366714921623     
   15.4800000000000       2.046139374675903E-002  0.898208942578536     
   15.5100000000000       2.046272563798304E-002  0.898052010840079     
   15.5400000000000       2.046342294507707E-002  0.897896057307247     
   15.5700000000000       2.046341022705196E-002  0.897741208979223     
   15.6000000000000       2.046262177020496E-002  0.897587578562933     
   15.6300000000000       2.046100389706805E-002  0.897435260718842     
   15.6600000000000       2.045851716295234E-002  0.897284328433216     
   15.6900000000000       2.045513829633398E-002  0.897134829741959     
   15.7200000000000       2.045086173066647E-002  0.896986785049386     
   15.7500000000000       2.044570058236293E-002  0.896840185279636     
   15.7800000000000       2.043968695541495E-002  0.896694991063570     
   15.8100000000000       2.043287149718088E-002  0.896551133099533     
   15.8400000000000       2.042532218840368E-002  0.896408513737042     
   15.8700000000000       2.041712241616002E-002  0.896267009729308     
   15.9000000000000       2.040836844164355E-002  0.896126475997993     
   15.9300000000000       2.039916642575244E-002  0.895986750167523     
   15.9600000000000       2.038962920680440E-002  0.895847657569433     
   15.9900000000000       2.037987303261030E-002  0.895709016396827     
   16.0200000000000       2.037001443432782E-002  0.895570642705344     
   16.0500000000000       2.036016739659681E-002  0.895432355003722     
   16.0800000000000       2.035044093437993E-002  0.895293978243721     
   16.1100000000000       2.034093713919581E-002  0.895155347093970     
   16.1400000000000       2.033174971250920E-002  0.895016308454519     
   16.1700000000000       2.032296296647362E-002  0.894876723230760     
   16.2000000000000       2.031465124437375E-002  0.894736467432542     
   16.2300000000000       2.030687869546694E-002  0.894595432695393     
   16.2600000000000       2.029969933062256E-002  0.894453526336841     
   16.2900000000000       2.029315728457317E-002  0.894310671064171     
   16.3200000000000       2.028728721577323E-002  0.894166804443640     
   16.3500000000000       2.028211478386376E-002  0.894021878228214     
   16.3800000000000       2.027765715579222E-002  0.893875857624143     
   16.4100000000000       2.027392350327162E-002  0.893728720558628     
   16.4400000000000       2.027091546536407E-002  0.893580456993185     
   16.4700000000000       2.026862755980879E-002  0.893431068311524     
   16.5000000000000       2.026704753489757E-002  0.893280566797368     
   16.5300000000000       2.026615666015272E-002  0.893128975207016     
   16.5600000000000       2.026592995892833E-002  0.892976326433299     
   16.5900000000000       2.026633638961251E-002  0.892822663251588     
   16.6200000000000       2.026733898469646E-002  0.892668038134121     
   16.6500000000000       2.026889495893629E-002  0.892512513115582     
   16.6800000000000       2.027095579946443E-002  0.892356159690130     
   16.7100000000000       2.027346735225035E-002  0.892199058717507     
   16.7400000000000       2.027636992093450E-002  0.892041300313207     
   16.7700000000000       2.027959839586621E-002  0.891882983694742     
   16.8000000000000       2.028308243318842E-002  0.891724216952746     
   16.8300000000000       2.028674670597701E-002  0.891565116712114     
   16.8600000000000       2.029051125161534E-002  0.891405807644724     
   16.8900000000000       2.029429194151582E-002  0.891246421791927     
   16.9200000000000       2.029800110062010E-002  0.891087097652540     
   16.9500000000000       2.030154830430664E-002  0.890927978991136     
   16.9800000000000       2.030484137875890E-002  0.890769213323257     
   17.0100000000000       2.030778762672335E-002  0.890610950039741     
   17.0400000000000       2.031029529307485E-002  0.890453338143198     
   17.0700000000000       2.031227527291066E-002  0.890296523586987     
   17.1000000000000       2.031364304845067E-002  0.890140646231898     
   17.1300000000000       2.031432081974527E-002  0.889985836468443     
   17.1600000000000       2.031423976877577E-002  0.889832211592386     
   17.1900000000000       2.031334236873839E-002  0.889679872065399     
   17.2200000000000       2.031158462312610E-002  0.889528897837113     
   17.2500000000000       2.030893809682863E-002  0.889379344943059     
   17.2800000000000       2.030539158874867E-002  0.889231242617239     
   17.3100000000000       2.030095229713824E-002  0.889084591160718     
   17.3400000000000       2.029564634841466E-002  0.888939360782574     
   17.3700000000000       2.028951859845116E-002  0.888795491574508     
   17.4000000000000       2.028263166958484E-002  0.888652894698662     
   17.4300000000000       2.027506425055942E-002  0.888511454768519     
   17.4600000000000       2.026690875134286E-002  0.888371033298908     
   17.4900000000000       2.025826846039608E-002  0.888231473008664     
   17.5200000000000       2.024925439009004E-002  0.888092602692509     
   17.5500000000000       2.023998201151269E-002  0.887954242346313     
   17.5800000000000       2.023056807218303E-002  0.887816208234678     
   17.6100000000000       2.022112766266017E-002  0.887678317627361     
   17.6400000000000       2.021177165705121E-002  0.887540392992056     
   17.6700000000000       2.020260460544114E-002  0.887402265503958     
   17.7000000000000       2.019372311017561E-002  0.887263777806018     
   17.7300000000000       2.018521467789413E-002  0.887124786019252     
   17.7600000000000       2.017715700825663E-002  0.886985161054306     
   17.7900000000000       2.016961765945110E-002  0.886844789311678     
   17.8200000000000       2.016265401932352E-002  0.886703572878762     
   17.8500000000000       2.015631350792032E-002  0.886561429339328     
   17.8800000000000       2.015063394052979E-002  0.886418291307829     
   17.9100000000000       2.014564398802573E-002  0.886274105790245     
   17.9400000000000       2.014136368165999E-002  0.886128833457699     
   17.9700000000000       2.013780492087822E-002  0.885982447901492     
   18.0000000000000       2.013497195402804E-002  0.885834934920395     
   18.0300000000000       2.013286181212794E-002  0.885686291874581     
   18.0600000000000       2.013146468465463E-002  0.885536527126302     
   18.0900000000000       2.013076423339221E-002  0.885385659575761     
   18.1200000000000       2.013073784582252E-002  0.885233718291611     
   18.1500000000000       2.013135683354921E-002  0.885080742228740     
   18.1800000000000       2.013258658415527E-002  0.884926780021094     
   18.2100000000000       2.013438667703581E-002  0.884771889833627     
   18.2400000000000       2.013671097544520E-002  0.884616139254593     
   18.2700000000000       2.013950770851323E-002  0.884459605206900     
   18.3000000000000       2.014271955852254E-002  0.884302373854646     
   18.3300000000000       2.014628377042834E-002  0.884144540478291     
   18.3600000000000       2.015013230249743E-002  0.883986209288737     
   18.3900000000000       2.015419203903220E-002  0.883827493147258     
   18.4200000000000       2.015838508831994E-002  0.883668513154528     
   18.4500000000000       2.016262919101161E-002  0.883509398068563     
   18.4800000000000       2.016683826577260E-002  0.883350283508379     
   18.5100000000000       2.017092311981561E-002  0.883191310898516     
   18.5400000000000       2.017479235123816E-002  0.883032626110002     
   18.5700000000000       2.017835346722097E-002  0.882874377757029     
   18.6000000000000       2.018151423628312E-002  0.882716715116909     
   18.6300000000000       2.018418428310314E-002  0.882559785655049     
   18.6600000000000       2.018627692021027E-002  0.882403732157994     
   18.6900000000000       2.018771119179268E-002  0.882248689506639     
   18.7200000000000       2.018841408125952E-002  0.882094781158348     
   18.7500000000000       2.018832280727753E-002  0.881942115449190     
   18.7800000000000       2.018738710519354E-002  0.881790781872332     
   18.8100000000000       2.018557136570507E-002  0.881640847530434     
   18.8400000000000       2.018285648497149E-002  0.881492353991287     
   18.8700000000000       2.017924127499710E-002  0.881345314789330     
   18.9000000000000       2.017474329423361E-002  0.881199713803735     
   18.9300000000000       2.016939898808568E-002  0.881055504702512     
   18.9600000000000       2.016326307635821E-002  0.880912611571968     
   18.9900000000000       2.015640718498991E-002  0.880770930758236     
   19.0200000000000       2.014891778477763E-002  0.880630333844107     
   19.0500000000000       2.014089356053810E-002  0.880490671585229     
   19.0800000000000       2.013244238097310E-002  0.880351778549832     
   19.1100000000000       2.012367806563930E-002  0.880213478157426     
   19.1400000000000       2.011471714815160E-002  0.880075587799818     
   19.1700000000000       2.010567581573485E-002  0.879937923751167     
   19.2000000000000       2.009666716968979E-002  0.879800305625163     
   19.2300000000000       2.008779890640692E-002  0.879662560206007     
   19.2600000000000       2.007917147153229E-002  0.879524524554003     
   19.2900000000000       2.007087669678372E-002  0.879386048356206     
   19.3200000000000       2.006299689371942E-002  0.879246995550868     
   19.3500000000000       2.005560435334292E-002  0.879107245297724     
   19.3800000000000       2.004876118491195E-002  0.878966692393762     
   19.4100000000000       2.004251942064873E-002  0.878825247247522     
   19.4400000000000       2.003692131354169E-002  0.878682835526394     
   19.4700000000000       2.003199976119015E-002  0.878539397584060     
   19.5000000000000       2.002777879782988E-002  0.878394887761840     
   19.5300000000000       2.002427410764871E-002  0.878249273641015     
   19.5600000000000       2.002149352390330E-002  0.878102535305454     
   19.5900000000000       2.001943748915683E-002  0.877954664656685     
   19.6200000000000       2.001809946149418E-002  0.877805664808190     
   19.6500000000000       2.001746625948765E-002  0.877655549572790     
   19.6800000000000       2.001751834491277E-002  0.877504343046666     
   19.7100000000000       2.001823004689611E-002  0.877352079285755     
   19.7400000000000       2.001956973458704E-002  0.877198802064486     
   19.7700000000000       2.002149994791831E-002  0.877044564702610     
   19.8000000000000       2.002397749788579E-002  0.876889429942719     
   19.8300000000000       2.002695354933520E-002  0.876733469858409     
   19.8600000000000       2.003037370072377E-002  0.876576765770607     
   19.8900000000000       2.003417807689986E-002  0.876419408146975     
   19.9200000000000       2.003830145270742E-002  0.876261496456461     
   19.9500000000000       2.004267342719851E-002  0.876103138947822     
   19.9800000000000       2.004721867037110E-002  0.875944452317436     
   20.0100000000000       2.005185726649326E-002  0.875785561228141     
   20.0400000000000       2.005650517998197E-002  0.875626597637512     
   20.0700000000000       2.006107487110191E-002  0.875467699891536     
   20.1000000000000       2.006547608892966E-002  0.875309011538810     
   20.1300000000000       2.006961686744311E-002  0.875150679822162     
   20.1600000000000       2.007340474647316E-002  0.874992853810216     
   20.1900000000000       2.007674823176048E-002  0.874835682142205     
   20.2200000000000       2.007955849670568E-002  0.874679310376636     
   20.2500000000000       2.008175131202754E-002  0.874523877959120     
   20.2800000000000       2.008324916836987E-002  0.874369514857262     
   20.3100000000000       2.008398353161867E-002  0.874216337949988     
   20.3400000000000       2.008389714305599E-002  0.874064447302727     
   20.3700000000000       2.008294624946940E-002  0.873913922503949     
   20.4000000000000       2.008110262608893E-002  0.873764819276565     
   20.4300000000000       2.007835524259476E-002  0.873617166601732     
   20.4600000000000       2.007471142414611E-002  0.873470964595282     
   20.4900000000000       2.007019737882173E-002  0.873326183352004     
   20.5200000000000       2.006485800085640E-002  0.873182762918407     
   20.5500000000000       2.005875591296025E-002  0.873040614473291     
   20.5800000000000       2.005196977458205E-002  0.872899622696436     
   20.6100000000000       2.004459194731560E-002  0.872759649202507     
   20.6400000000000       2.003672566398742E-002  0.872620536825278     
   20.6700000000000       2.002848188593550E-002  0.872482114470600     
   20.7000000000000       2.001997604855606E-002  0.872344202224140     
   20.7300000000000       2.001132488765949E-002  0.872206616404479     
   20.7600000000000       2.000264351196456E-002  0.872069174289211     
   20.7900000000000       1.999404284646287E-002  0.871931698302156     
   20.8200000000000       1.998562752480500E-002  0.871794019521999     
   20.8500000000000       1.997749426312389E-002  0.871655980445633     
   20.8800000000000       1.996973070794603E-002  0.871517437004434     
   20.9100000000000       1.996241472004028E-002  0.871378259883269     
   20.9400000000000       1.995561403521638E-002  0.871238335228176     
   20.9700000000000       1.994938623173146E-002  0.871097564849533     
   21.0000000000000       1.994377893069309E-002  0.870955866035301     
   21.0300000000000       1.993883015886148E-002  0.870813171086151     
   21.0600000000000       1.993456881067181E-002  0.870669426674054     
   21.0900000000000       1.993101515637673E-002  0.870524593110887     
   21.1200000000000       1.992818135444870E-002  0.870378643596333     
   21.1500000000000       1.992607193757818E-002  0.870231563496744     
   21.1800000000000       1.992468425189225E-002  0.870083349690211     
   21.2100000000000       1.992400883786460E-002  0.869934009998728     
   21.2400000000000       1.992402974856581E-002  0.869783562716568     
   21.2700000000000       1.992472480644102E-002  0.869632036234801     
   21.3000000000000       1.992606580390119E-002  0.869479468754964     
   21.3300000000000       1.992801865598052E-002  0.869325908079886     
   21.3600000000000       1.993054351547995E-002  0.869171411465979     
   21.3900000000000       1.993359486270742E-002  0.869016045518416     
   21.4200000000000       1.993712158341032E-002  0.868859886108154     
   21.4500000000000       1.994106704998269E-002  0.868703018287298     
   21.4800000000000       1.994536922266025E-002  0.868545536176621     
   21.5100000000000       1.994996078925479E-002  0.868387542796107     
   21.5400000000000       1.995476936402125E-002  0.868229149805990     
   21.5700000000000       1.995971776840318E-002  0.868070477122238     
   21.6000000000000       1.996472441848221E-002  0.867911652366897     
   21.6300000000000       1.996970384566922E-002  0.867752810110661     
   21.6600000000000       1.997456737809392E-002  0.867594090863129     
   21.6900000000000       1.997922400971492E-002  0.867435639766268     
   21.7200000000000       1.998358148168116E-002  0.867277604949755     
   21.7500000000000       1.998754759512476E-002  0.867120135514365     
   21.7800000000000       1.999103176552393E-002  0.866963379122757     
   21.8100000000000       1.999394681531715E-002  0.866807479197131     
   21.8400000000000       1.999621098317923E-002  0.866652571751034     
   21.8700000000000       1.999775010546971E-002  0.866498781918012     
   21.9000000000000       1.999849989892006E-002  0.866346220281444     
   21.9300000000000       1.999840824585597E-002  0.866194979154499     
   21.9600000000000       1.999743735761779E-002  0.866045129001627     
   21.9900000000000       1.999556567282716E-002  0.865896715226392     
   22.0200000000000       1.999278933967332E-002  0.865749755566875     
   22.0500000000000       1.998912313979416E-002  0.865604238332223     
   22.0800000000000       1.998460073812504E-002  0.865460121677278     
   22.1100000000000       1.997927418780510E-002  0.865317334046530     
   22.1400000000000       1.997321267777615E-002  0.865175775829094     
   22.1700000000000       1.996650057563682E-002  0.865035322164160     
   22.2000000000000       1.995923488014778E-002  0.864895826735845     
   22.2300000000000       1.995152224705635E-002  0.864757126313044     
   22.2600000000000       1.994347578138990E-002  0.864619045736029     
   22.2900000000000       1.993521179568038E-002  0.864481403033786     
   22.3200000000000       1.992684671774313E-002  0.864344014374226     
   22.3500000000000       1.991849429837845E-002  0.864206698596856     
   22.3800000000000       1.991026322562581E-002  0.864069281143817     
   22.4100000000000       1.990225520531703E-002  0.863931597278807     
   22.4400000000000       1.989456352388362E-002  0.863793494553867     
   22.4700000000000       1.988727207296840E-002  0.863654834544070     
   22.5000000000000       1.988045478852453E-002  0.863515493915685     
   22.5300000000000       1.987417544010521E-002  0.863375364923300     
   22.5600000000000       1.986848769804178E-002  0.863234355446922     
   22.5900000000000       1.986343540557985E-002  0.863092388683376     
   22.6200000000000       1.985905298793773E-002  0.862949402600391     
   22.6500000000000       1.985536593883738E-002  0.862805349249466     
   22.6800000000000       1.985239133569580E-002  0.862660194017500     
   22.7100000000000       1.985013834596737E-002  0.862513914879663     
   22.7400000000000       1.984860869803342E-002  0.862366501698714     
   22.7700000000000       1.984779709980182E-002  0.862217955600284     
   22.8000000000000       1.984769159639900E-002  0.862068288440263     
   22.8300000000000       1.984827386487813E-002  0.861917522369642     
   22.8600000000000       1.984951944883300E-002  0.861765689493882     
   22.8900000000000       1.985139793944092E-002  0.861612831617737     
   22.9200000000000       1.985387311208219E-002  0.861459000062010     
   22.9500000000000       1.985690302963172E-002  0.861304255535391     
   22.9800000000000       1.986044012509447E-002  0.861148668041877     
   23.0100000000000       1.986443127771135E-002  0.860992316801823     
   23.0400000000000       1.986881789817951E-002  0.860835290162209     
   23.0700000000000       1.987353604032310E-002  0.860677685468934     
   23.1000000000000       1.987851655846086E-002  0.860519608870840     
   23.1300000000000       1.988368533180605E-002  0.860361175021737     
   23.1600000000000       1.988896357938372E-002  0.860202506643131     
   23.1900000000000       1.989426829093439E-002  0.860043733906929     
   23.2200000000000       1.989951280075658E-002  0.859884993594705     
   23.2500000000000       1.990460753194778E-002  0.859726427988764     
   23.2800000000000       1.990946093742474E-002  0.859568183451289     
   23.3100000000000       1.991398066069400E-002  0.859410408652383     
   23.3400000000000       1.991807493278038E-002  0.859253252417172     
   23.3700000000000       1.992165421119154E-002  0.859096861177666     
   23.4000000000000       1.992463305166573E-002  0.858941376037822     
   23.4300000000000       1.992693218349387E-002  0.858786929490817     
   23.4600000000000       1.992848073489455E-002  0.858633641865375     
   23.4900000000000       1.992921852771503E-002  0.858481617621091     
   23.5200000000000       1.992909833329156E-002  0.858330941657220     
   23.5500000000000       1.992808795748941E-002  0.858181675839425     
   23.5800000000000       1.992617200748028E-002  0.858033855977274     
   23.6100000000000       1.992335319054285E-002  0.857887489493863     
   23.6400000000000       1.991965300992467E-002  0.857742554011391     
   23.6700000000000       1.991511175615224E-002  0.857598997029362     
   23.7000000000000       1.990978774239583E-002  0.857456736797144     
   23.7300000000000       1.990375579422854E-002  0.857315664387116     
   23.7600000000000       1.989710506901360E-002  0.857175646871386     
   23.7900000000000       1.988993633848904E-002  0.857036531409014     
   23.8200000000000       1.988235891099586E-002  0.856898149976716     
   23.8500000000000       1.987448739121904E-002  0.856760324434556     
   23.8800000000000       1.986643847346323E-002  0.856622871613485     
   23.9100000000000       1.985832794182937E-002  0.856485608141018     
   23.9400000000000       1.985026801290054E-002  0.856348354776733     
   23.9700000000000       1.984236511095340E-002  0.856210940099360     
   24.0000000000000       1.983471811936367E-002  0.856073203460662     
   24.0300000000000       1.982741711037564E-002  0.855934997188698     
   24.0600000000000       1.982054252227165E-002  0.855796188078172     
   24.0900000000000       1.981416472966482E-002  0.855656658245545     
   24.1200000000000       1.980834393897900E-002  0.855516305451228     
   24.1500000000000       1.980313033596168E-002  0.855375043002051     
   24.1800000000000       1.979856441357409E-002  0.855232799347042     
   24.2100000000000       1.979467741495657E-002  0.855089517471051     
   24.2400000000000       1.979149183560553E-002  0.854945154176951     
   24.2700000000000       1.978902193987690E-002  0.854799679330337     
   24.3000000000000       1.978727425817317E-002  0.854653075123123     
   24.3300000000000       1.978624804173309E-002  0.854505335395592     
   24.3600000000000       1.978593566119841E-002  0.854356465041534     
   24.3900000000000       1.978632294277249E-002  0.854206479508634     
   24.4200000000000       1.978738944176520E-002  0.854055404396325     
   24.4500000000000       1.978910865779635E-002  0.853903275145874     
   24.4800000000000       1.979144819917913E-002  0.853750136811927     
   24.5100000000000       1.979436990635931E-002  0.853596043900748     
   24.5400000000000       1.979782994607112E-002  0.853441060257350     
   24.5700000000000       1.980177888937454E-002  0.853285258981185     
   24.6000000000000       1.980616178819070E-002  0.853128722347628     
   24.6300000000000       1.981091826651251E-002  0.852971541709977     
   24.6600000000000       1.981598264422568E-002  0.852813817353795     
   24.6900000000000       1.982128411344816E-002  0.852655658272224     
   24.7200000000000       1.982674698941984E-002  0.852497181827371     
   24.7500000000000       1.983229106009571E-002  0.852338513259345     
   24.7800000000000       1.983783206045686E-002  0.852179785001253     
   24.8100000000000       1.984328229877283E-002  0.852021135756118     
   24.8400000000000       1.984855146210907E-002  0.851862709291036     
   24.8700000000000       1.985354762661545E-002  0.851704652905931     
   24.9000000000000       1.985817849378214E-002  0.851547115540204     
   24.9300000000000       1.986235286607125E-002  0.851390245491855     
   24.9600000000000       1.986598236335591E-002  0.851234187741395     
   24.9900000000000       1.986898336489058E-002  0.851079080898180     
   25.0200000000000       1.987127914006959E-002  0.850925053819832     
   25.0500000000000       1.987280210576942E-002  0.850772221995258     
   25.0800000000000       1.987349612045237E-002  0.850620683825850     
   25.1100000000000       1.987331869849994E-002  0.850470516983173     
   25.1400000000000       1.987224300664018E-002  0.850321775058511     
   25.1700000000000       1.987025949269580E-002  0.850174484742229     
   25.2000000000000       1.986737699985126E-002  0.850028643771606     
   25.2300000000000       1.986362324044385E-002  0.849884219858650     
   25.2600000000000       1.985904454250303E-002  0.849741150752748     
   25.2900000000000       1.985370483697597E-002  0.849599345510291     
   25.3200000000000       1.984768391732869E-002  0.849458686943856     
   25.3500000000000       1.984107506698913E-002  0.849319035120983     
   25.3800000000000       1.983398220420868E-002  0.849180231692396     
   25.4100000000000       1.982651673021888E-002  0.849042104765295     
   25.4400000000000       1.981879428033691E-002  0.848904474007887     
   25.4700000000000       1.981093156856950E-002  0.848767155678381     
   25.5000000000000       1.980304348795049E-002  0.848629967310705     
   25.5300000000000       1.979524058774159E-002  0.848492731850604     
   25.5600000000000       1.978762700210370E-002  0.848355281108115     
   25.5900000000000       1.978029885960667E-002  0.848217458464678     
   25.6200000000000       1.977334316393977E-002  0.848079120836949     
   25.6500000000000       1.976683710621852E-002  0.847940139949722     
   25.6800000000000       1.976084774921990E-002  0.847800403005155     
   25.7100000000000       1.975543201314263E-002  0.847659812855441     
   25.7400000000000       1.975063688965216E-002  0.847518287793021     
   25.7700000000000       1.974649981423103E-002  0.847375761069288     
   25.8000000000000       1.974304913437263E-002  0.847232180242235     
   25.8300000000000       1.974030462122617E-002  0.847087506438507     
   25.8600000000000       1.973827798346757E-002  0.846941713598110     
   25.8900000000000       1.973697335326647E-002  0.846794787752604     
   25.9200000000000       1.973638772440390E-002  0.846646726371294     
   25.9500000000000       1.973651133134638E-002  0.846497537795782     
   25.9800000000000       1.973732796518305E-002  0.846347240771575     
   26.0100000000000       1.973881522780643E-002  0.846195864076329     
   26.0400000000000       1.974094472976831E-002  0.846043446237541     
   26.0700000000000       1.974368224016870E-002  0.845890035327483     
   26.1000000000000       1.974698779907158E-002  0.845735688819573     
   26.1300000000000       1.975081580460513E-002  0.845580473487536     
   26.1600000000000       1.975511508836531E-002  0.845424465326247     
   26.1900000000000       1.975982899420963E-002  0.845267749470749     
   26.2200000000000       1.976489547713953E-002  0.845110420087293     
   26.2500000000000       1.977024724079419E-002  0.844952580207276     
   26.2800000000000       1.977581193410573E-002  0.844794341471650     
   26.3100000000000       1.978151242980813E-002  0.844635823749805     
   26.3400000000000       1.978726720956347E-002  0.844477154593463     
   26.3700000000000       1.979299088217656E-002  0.844318468483023     
   26.4000000000000       1.979859486228883E-002  0.844159905821963     
   26.4300000000000       1.980398823651455E-002  0.844001611634883     
   26.4600000000000       1.980907884150681E-002  0.843843733927958     
   26.4900000000000       1.981377457311807E-002  0.843686421677994     
   26.5200000000000       1.981798493681733E-002  0.843529822429417     
   26.5500000000000       1.982162283612384E-002  0.843374079498570     
   26.5800000000000       1.982460657761230E-002  0.843219328812370     
   26.6100000000000       1.982686204821969E-002  0.843065695443707     
   26.6400000000000       1.982832499421277E-002  0.842913289947472     
   26.6700000000000       1.982894330346553E-002  0.842762204645589     
   26.7000000000000       1.982867916709017E-002  0.842612510051887     
   26.7300000000000       1.982751097743191E-002  0.842464251660979     
   26.7600000000000       1.982543481188126E-002  0.842317447341939     
   26.7900000000000       1.982246536021324E-002  0.842172085570040     
   26.8200000000000       1.981863617976066E-002  0.842028124693559     
   26.8500000000000       1.981399920721762E-002  0.841885493367244     
   26.8800000000000       1.980862351419704E-002  0.841744092194931     
   26.9100000000000       1.980259335843368E-002  0.841603796521752     
   26.9400000000000       1.979600564428304E-002  0.841464460216047     
   26.9700000000000       1.978896695547473E-002  0.841325920197745     
   27.0000000000000       1.978159035269247E-002  0.841188001415894     
   27.0300000000000       1.977399213507292E-002  0.841050521960033     
   27.0600000000000       1.976628874911571E-002  0.840913298007797     
   27.0900000000000       1.975859399547441E-002  0.840776148358270     
   27.1200000000000       1.975101664055641E-002  0.840638898366590     
   27.1500000000000       1.974365849311477E-002  0.840501383168652     
   27.1800000000000       1.973661296230431E-002  0.840363450155102     
   27.2100000000000       1.972996407728817E-002  0.840224960713830     
   27.2400000000000       1.972378592158243E-002  0.840085791305683     
   27.2700000000000       1.971814241826762E-002  0.839945833968222     
   27.3000000000000       1.971308739407829E-002  0.839804996357967     
   27.3300000000000       1.970866484961855E-002  0.839663201445153     
   27.3600000000000       1.970490936770326E-002  0.839520386969267     
   27.3900000000000       1.970184660028358E-002  0.839376504751560     
   27.4200000000000       1.969949378494900E-002  0.839231519944813     
   27.4500000000000       1.969786025323972E-002  0.839085410283207     
   27.4800000000000       1.969694790388504E-002  0.838938165377953     
   27.5100000000000       1.969675162386337E-002  0.838789786088616     
   27.5400000000000       1.969725964843628E-002  0.838640283986661     
   27.5700000000000       1.969845385789805E-002  0.838489680916875     
   27.6000000000000       1.970031001379674E-002  0.838338008653950     
   27.6300000000000       1.970279794105545E-002  0.838185308645333     
   27.6600000000000       1.970588166507231E-002  0.838031631826935     
   27.6900000000000       1.970951951483619E-002  0.837877038494947     
   27.7200000000000       1.971366420466944E-002  0.837721598214361     
   27.7500000000000       1.971826290865026E-002  0.837565389742370     
   27.7800000000000       1.972325734326421E-002  0.837408500942375     
   27.8100000000000       1.972858387550411E-002  0.837251028661599     
   27.8400000000000       1.973417367552400E-002  0.837093078542240     
   27.8700000000000       1.973995293502764E-002  0.836934764732684     
   27.9000000000000       1.974584317471435E-002  0.836776209461740     
   27.9300000000000       1.975176166610334E-002  0.836617542435439     
   27.9600000000000       1.975762199457941E-002  0.836458900013166     
   27.9900000000000       1.976333479108421E-002  0.836300424118460     
   28.0200000000000       1.976880865891658E-002  0.836142260840687     
   28.0500000000000       1.977395131886728E-002  0.835984558688046     
   28.0800000000000       1.977867098957781E-002  0.835827466461403     
   28.1100000000000       1.978287800976471E-002  0.835671130733499     
   28.1400000000000       1.978648669413945E-002  0.835515692940356     
   28.1700000000000       1.978941739522070E-002  0.835361286121720     
   28.2000000000000       1.979159871919964E-002  0.835208031384767     
   28.2300000000000       1.979296981696762E-002  0.835056034208082     
   28.2600000000000       1.979348264392979E-002  0.834905380747449     
   28.2900000000000       1.979310405808833E-002  0.834756134345459     
   28.3200000000000       1.979181760976754E-002  0.834608332476144     
   28.3500000000000       1.978962487312068E-002  0.834461984365908     
   28.3800000000000       1.978654618313674E-002  0.834317069516269     
   28.4100000000000       1.978262067399647E-002  0.834173537308763     
   28.4400000000000       1.977790556382255E-002  0.834031307799094     
   28.4700000000000       1.977247469199877E-002  0.833890273713294     
   28.5000000000000       1.976641638011587E-002  0.833750303555546     
   28.5300000000000       1.975983074655601E-002  0.833611245640562     
   28.5600000000000       1.975282664875456E-002  0.833472932787713     
   28.5900000000000       1.974551845005380E-002  0.833335187370442     
   28.6200000000000       1.973802280769407E-002  0.833197826407450     
   28.6500000000000       1.973045565707576E-002  0.833060666409542     
   28.6800000000000       1.972292953050654E-002  0.832923527749915     
   28.7100000000000       1.971555130342894E-002  0.832786238395053     
   28.7400000000000       1.970842041472868E-002  0.832648636906745     
   28.7700000000000       1.970162756586347E-002  0.832510574693637     
   28.8000000000000       1.969525386987406E-002  0.832371917546631     
   28.8300000000000       1.968937039741224E-002  0.832232546533391     
   28.8600000000000       1.968403805266381E-002  0.832092358352778     
   28.8900000000000       1.967930770629781E-002  0.831951265261810     
   28.9200000000000       1.967522051363826E-002  0.831809194688252     
   28.9500000000000       1.967180835228209E-002  0.831666088634023     
   28.9800000000000       1.966909432260887E-002  0.831521902961166     
   29.0100000000000       1.966709326549335E-002  0.831376606635541     
   29.0400000000000       1.966581226275398E-002  0.831230180985917     
   29.0700000000000       1.966525109648448E-002  0.831082619019256     
   29.1000000000000       1.966540265277285E-002  0.830933924817928     
   29.1300000000000       1.966625326307749E-002  0.830784113031879     
   29.1600000000000       1.966778298263784E-002  0.830633208468702     
   29.1900000000000       1.966996580988525E-002  0.830481245776869     
   29.2200000000000       1.967276985415688E-002  0.830328269211736     
   29.2500000000000       1.967615746142614E-002  0.830174332469833     
   29.2800000000000       1.968008530957837E-002  0.830019498573861     
   29.3100000000000       1.968450448626953E-002  0.829863839788259     
   29.3400000000000       1.968936056384593E-002  0.829707437542834     
   29.3700000000000       1.969459368733874E-002  0.829550382339399     
   29.4000000000000       1.970013869327774E-002  0.829392773613593     
   29.4300000000000       1.970592527901535E-002  0.829234719520832     
   29.4600000000000       1.971187824436138E-002  0.829076336611893     
   29.4900000000000       1.971791782945551E-002  0.828917749360087     
   29.5200000000000       1.972396017470375E-002  0.828759089498648     
   29.5500000000000       1.972991792990539E-002  0.828600495124535     
   29.5800000000000       1.973570103989919E-002  0.828442109523969     
   29.6100000000000       1.974121773251447E-002  0.828284079676727     
   29.6400000000000       1.974637573056038E-002  0.828126554401772     
   29.6700000000000       1.975108370219552E-002  0.827969682117382     
   29.7000000000000       1.975525295250005E-002  0.827813608206065     
   29.7300000000000       1.975879934286513E-002  0.827658471998979     
   29.7600000000000       1.976164540382273E-002  0.827504403426875     
   29.7900000000000       1.976372258183865E-002  0.827351519423787     
   29.8200000000000       1.976497353309744E-002  0.827199920213439     
   29.8500000000000       1.976535435036151E-002  0.827049685652377     
   29.8800000000000       1.976483658667860E-002  0.826900871841789     
   29.9100000000000       1.976340892686439E-002  0.826753508244412     
   29.9400000000000       1.976107835901051E-002  0.826607595546090     
   29.9700000000000       1.975787071718341E-002  0.826463104477393     
   30.0000000000000       1.975383050387909E-002  0.826319975757025     
   30.0300000000000       1.974901995413660E-002  0.826178121238392     
   30.0600000000000       1.974351736636745E-002  0.826037426242391     
   30.0900000000000       1.973741478911627E-002  0.825897752956631     
   30.1200000000000       1.973081520841282E-002  0.825758944689279     
   30.1500000000000       1.972382941872249E-002  0.825620830698432     
   30.1800000000000       1.971657277663885E-002  0.825483231284789     
   30.2100000000000       1.970916202958019E-002  0.825345962838822     
   30.2400000000000       1.970171238516192E-002  0.825208842569768     
   30.2700000000000       1.969433494682746E-002  0.825071692703362     
   30.3000000000000       1.968713459508064E-002  0.824934344006825     
   30.3300000000000       1.968020834809477E-002  0.824796638572302     
   30.3600000000000       1.967364419572246E-002  0.824658431854762     
   30.3900000000000       1.966752037001284E-002  0.824519594012169     
   30.4200000000000       1.966190499429794E-002  0.824380010632087     
   30.4500000000000       1.965685604127533E-002  0.824239582950253     
   30.4800000000000       1.965242152692955E-002  0.824098227674853     
   30.5100000000000       1.964863986982312E-002  0.823955876528021     
   30.5400000000000       1.964554035240880E-002  0.823812475606294     
   30.5700000000000       1.964314363085369E-002  0.823667984647157     
   30.6000000000000       1.964146225094722E-002  0.823522376271814     
   30.6300000000000       1.964050113879138E-002  0.823375635256832     
   30.6600000000000       1.964025804527203E-002  0.823227757870901     
   30.6900000000000       1.964072393222730E-002  0.823078751298503     
   30.7200000000000       1.964188329551196E-002  0.822928633160355     
   30.7500000000000       1.964371442580474E-002  0.822777431131116     
   30.7800000000000       1.964618961220169E-002  0.822625182647799     
   30.8100000000000       1.964927529667432E-002  0.822471934697187     
   30.8400000000000       1.965293218967690E-002  0.822317743666789     
   30.8700000000000       1.965711535888579E-002  0.822162675240979     
   30.9000000000000       1.966177430452072E-002  0.822006804321510     
   30.9300000000000       1.966685303615027E-002  0.821850214949178     
   30.9600000000000       1.967229016746697E-002  0.821693000200835     
   30.9900000000000       1.967801904731061E-002  0.821535262033029     
   31.0200000000000       1.968396794721946E-002  0.821377111040275     
   31.0500000000000       1.969006032792180E-002  0.821218666092434     
   31.0800000000000       1.969621520927122E-002  0.821060053812172     
   31.1100000000000       1.970234766990009E-002  0.820901407850316     
   31.1400000000000       1.970836950390987E-002  0.820742867914864     
   31.1700000000000       1.971419006169094E-002  0.820584578509143     
   31.2000000000000       1.971971729978830E-002  0.820426687337292     
   31.2300000000000       1.972485905980872E-002  0.820269343342097     
   31.2600000000000       1.972952458786960E-002  0.820112694352527     
   31.2900000000000       1.973362629327497E-002  0.819956884337446     
   31.3200000000000       1.973708172751309E-002  0.819802050288673     
   31.3500000000000       1.973981574239933E-002  0.819648318790963     
   31.3800000000000       1.974176276017929E-002  0.819495802377288     
   31.4100000000000       1.974286906072013E-002  0.819344595812191     
   31.4400000000000       1.974309496483795E-002  0.819194772488947     
   31.4700000000000       1.974241677270020E-002  0.819046381161200     
   31.5000000000000       1.974082830699466E-002  0.818899443248810     
   31.5300000000000       1.973834191664170E-002  0.818753950953538     
   31.5600000000000       1.973498882106513E-002  0.818609866387611     
   31.5900000000000       1.973081871740235E-002  0.818467121856398     
   31.6200000000000       1.972589862993593E-002  0.818325621349778     
   31.6500000000000       1.972031104543821E-002  0.818185243195734     
   31.6800000000000       1.971415144075829E-002  0.818045843728359     
   31.7100000000000       1.970752536027899E-002  0.817907261736222     
   31.7400000000000       1.970054523321730E-002  0.817769323398887     
   31.7700000000000       1.969332713019457E-002  0.817631847396672     
   31.8000000000000       1.968598764550395E-002  0.817494649892213     
   31.8300000000000       1.967864106034764E-002  0.817357549126272     
   31.8600000000000       1.967139689972536E-002  0.817220369434440     
   31.8900000000000       1.966435794897730E-002  0.817082944564363     
   31.9200000000000       1.965761875165230E-002  0.816945120244232     
   31.9500000000000       1.965126457293325E-002  0.816806756014833     
   31.9800000000000       1.964537078472819E-002  0.816667726384900     
   32.0100000000000       1.964000261027395E-002  0.816527921401466     
   32.0400000000000       1.963521515692652E-002  0.816387246744315     
   32.0700000000000       1.963105366420259E-002  0.816245623458519     
   32.1000000000000       1.962755389826951E-002  0.816102987434449     
   32.1300000000000       1.962474263213659E-002  0.815959288733188     
   32.1600000000000       1.962263816112883E-002  0.815814490839788     
   32.1900000000000       1.962125081442109E-002  0.815668569909491     
   32.2200000000000       1.962058343437525E-002  0.815521514054757     
   32.2500000000000       1.962063180537025E-002  0.815373322704983     
   32.2800000000000       1.962138502228111E-002  0.815224006057063     
   32.3100000000000       1.962282579557066E-002  0.815073584623734     
   32.3400000000000       1.962493069516993E-002  0.814922088877974     
   32.3700000000000       1.962767033915616E-002  0.814769558985260     
   32.4000000000000       1.963100953600394E-002  0.814616044610799     
   32.4300000000000       1.963490739121459E-002  0.814461604785385     
   32.4600000000000       1.963931739073576E-002  0.814306307810788     
   32.4900000000000       1.964418747502556E-002  0.814150231183207     
   32.5200000000000       1.964946011909296E-002  0.813993461510856     
   32.5500000000000       1.965507243548322E-002  0.813836094399082     
   32.5800000000000       1.966095631903088E-002  0.813678234273426     
   32.6100000000000       1.966703865425363E-002  0.813519994107638     
   32.6400000000000       1.967324160840123E-002  0.813361495020131     
   32.6700000000000       1.967948303520893E-002  0.813202865698886     
   32.7000000000000       1.968567701601582E-002  0.813044241611930     
   32.7300000000000       1.969173456565662E-002  0.812885763958816     
   32.7600000000000       1.969756452983265E-002  0.812727578319047     
   32.7900000000000       1.970307469780122E-002  0.812569832957048     
   32.8200000000000       1.970817314837665E-002  0.812412676751601     
   32.8500000000000       1.971276983758997E-002  0.812256256731753     
   32.8800000000000       1.971677842222027E-002  0.812100715222405     
   32.9100000000000       1.972011829446035E-002  0.811946186631730     
   32.9400000000000       1.972271677951552E-002  0.811792793948920     
   32.9700000000000       1.972451142119367E-002  0.811640645062990     
   33.0000000000000       1.972545225292800E-002  0.811489829057931     
   33.0300000000000       1.972550392680265E-002  0.811340412680907     
   33.0600000000000       1.972464755561059E-002  0.811192437211499     
   33.0900000000000       1.972288211764679E-002  0.811045915973170     
   33.1200000000000       1.972022528496400E-002  0.810900832716392     
   33.1500000000000       1.971671356531727E-002  0.810757141061890     
   33.1800000000000       1.971240169500995E-002  0.810614765122948     
   33.2100000000000       1.970736127970641E-002  0.810473601333757     
   33.2400000000000       1.970167874517527E-002  0.810333521408109     
   33.2700000000000       1.969545272028352E-002  0.810194376254124     
   33.3000000000000       1.968879102114746E-002  0.810056000591340     
   33.3300000000000       1.968180743144348E-002  0.809918217967775     
   33.3600000000000       1.967461847677140E-002  0.809780845862398     
   33.3900000000000       1.966734037227346E-002  0.809643700581251     
   33.4200000000000       1.966008628759478E-002  0.809506601706242     
   33.4500000000000       1.965296402880292E-002  0.809369375923445     
   33.4800000000000       1.964607419029325E-002  0.809231860131194     
   33.5100000000000       1.963950878695408E-002  0.809093903797289     
   33.5400000000000       1.963335034190460E-002  0.808955370592503     
   33.5700000000000       1.962767137979021E-002  0.808816139370713     
   33.6000000000000       1.962253426004403E-002  0.808676104593624     
   33.6300000000000       1.961799127765576E-002  0.808535176311693     
   33.6600000000000       1.961408495918545E-002  0.808393279814785     
   33.6900000000000       1.961084848717322E-002  0.808250355059256     
   33.7200000000000       1.960830619494620E-002  0.808106355965348     
   33.7500000000000       1.960647408452389E-002  0.807961249662535     
   33.7800000000000       1.960536033154944E-002  0.807815015743029     
   33.8100000000000       1.960496575191676E-002  0.807667645566587     
   33.8400000000000       1.960528421432656E-002  0.807519141644429     
   33.8700000000000       1.960630299101004E-002  0.807369517116972     
   33.9000000000000       1.960800304520388E-002  0.807218795329667     
   33.9300000000000       1.961035925875657E-002  0.807067009503160     
   33.9600000000000       1.961334060674729E-002  0.806914202488128     
   33.9900000000000       1.961691028852292E-002  0.806760426590811     
   34.0200000000000       1.962102582644075E-002  0.806605743452075     
   34.0500000000000       1.962563914514052E-002  0.806450223960242     
   34.0800000000000       1.963069664560393E-002  0.806293948175513     
   34.1100000000000       1.963613928977180E-002  0.806137005241363     
   34.1400000000000       1.964190271318396E-002  0.805979493255496     
   34.1700000000000       1.964791738502079E-002  0.805821519069848     
   34.2000000000000       1.965410883701533E-002  0.805663197985684     
   34.2300000000000       1.966039798484113E-002  0.805504653306272     
   34.2600000000000       1.966670156753338E-002  0.805346015706252     
   34.2900000000000       1.967293273192149E-002  0.805187422374200     
   34.3200000000000       1.967900178945756E-002  0.805029015883705     
   34.3500000000000       1.968481717159418E-002  0.804870942749540     
   34.3800000000000       1.969028660624944E-002  0.804713351630347     
   34.4100000000000       1.969531853106685E-002  0.804556391149061     
   34.4400000000000       1.969982374833617E-002  0.804400207318240     
   34.4700000000000       1.970371731096949E-002  0.804244940580862     
   34.5000000000000       1.970692060865043E-002  0.804090722508149     
   34.5300000000000       1.970936359872277E-002  0.803937672234304     
   34.5600000000000       1.971098709910465E-002  0.803785892751298     
   34.5900000000000       1.971174503325427E-002  0.803635467231172     
   34.6200000000000       1.971160649390328E-002  0.803486455582671     
   34.6500000000000       1.971055747767128E-002  0.803338891476030     
   34.6800000000000       1.970860214157025E-002  0.803192780076561     
   34.7100000000000       1.970576344850437E-002  0.803048096708008     
   34.7400000000000       1.970208310351460E-002  0.802904786617407     
   34.7700000000000       1.969762073372189E-002  0.802762765936473     
   34.8000000000000       1.969245232708211E-002  0.802621923838265     
   34.8300000000000       1.968666800968180E-002  0.802482125784732     
   34.8600000000000       1.968036929866288E-002  0.802343217666136     
   34.8900000000000       1.967366600923759E-002  0.802205030561574     
   34.9200000000000       1.966667301393972E-002  0.802067385811092     
   34.9500000000000       1.965950704877111E-002  0.801930100087905     
   34.9800000000000       1.965228373698216E-002  0.801792990190795     
   35.0100000000000       1.964511496274357E-002  0.801655877333486     
   35.0400000000000       1.963810668121312E-002  0.801518590778292     
   35.0700000000000       1.963135720546574E-002  0.801380970734435     
   35.1000000000000       1.962495596988199E-002  0.801242870507884     
   35.1300000000000       1.961898273722432E-002  0.801104157943522     
   35.1600000000000       1.961350719408177E-002  0.800964716239215     
   35.1900000000000       1.960858886636428E-002  0.800824444234874     
   35.2200000000000       1.960427728181616E-002  0.800683256289714     
   35.2500000000000       1.960061230835893E-002  0.800541081860071     
   35.2800000000000       1.959762460361920E-002  0.800397864881370     
   35.3100000000000       1.959533612051133E-002  0.800253563043835     
   35.3400000000000       1.959376062471093E-002  0.800108147034740     
   35.3700000000000       1.959290419103233E-002  0.799961599802542     
   35.4000000000000       1.959276565619212E-002  0.799813915881548     
   35.4300000000000       1.959333701459246E-002  0.799665100801010     
   35.4600000000000       1.959460375130097E-002  0.799515170590203     
   35.4900000000000       1.959654511229644E-002  0.799364151381253     
   35.5200000000000       1.959913431645578E-002  0.799212079104131     
   35.5500000000000       1.960233871695157E-002  0.799058999262809     
   35.5800000000000       1.960611992204282E-002  0.798904966777618     
   35.6100000000000       1.961043388699801E-002  0.798750045875871     
   35.6400000000000       1.961523099037567E-002  0.798594310010325     
   35.6700000000000       1.962045610932782E-002  0.798437841782619     
   35.7000000000000       1.962604871014752E-002  0.798280732846359     
   35.7300000000000       1.963194297203606E-002  0.798123083761576     
   35.7600000000000       1.963806796403668E-002  0.797965003769139     
   35.7900000000000       1.964434789720064E-002  0.797806610450165     
   35.8200000000000       1.965070247616451E-002  0.797648029231945     
   35.8500000000000       1.965704737616267E-002  0.797489392698669     
   35.8800000000000       1.966329487269049E-002  0.797330839662943     
   35.9100000000000       1.966935465105365E-002  0.797172513953472     
   35.9400000000000       1.967513482122340E-002  0.797014562876436     
   35.9700000000000       1.968054315899143E-002  0.796857135314148     
   36.0000000000000       1.968548858654814E-002  0.796700379435977     
   36.0300000000000       1.968988289352478E-002  0.796544440014464     
   36.0600000000000       1.969364268272558E-002  0.796389455365021     
   36.0900000000000       1.969669150321710E-002  0.796235553960801     
   36.1200000000000       1.969896210792867E-002  0.796082850814275     
   36.1500000000000       1.970039874531367E-002  0.795931443761124     
   36.1800000000000       1.970095936802230E-002  0.795781409825637     
   36.2100000000000       1.970061762015451E-002  0.795632801883543     
   36.2400000000000       1.969936445335841E-002  0.795485645860313     
   36.2700000000000       1.969720922543006E-002  0.795339938702976     
   36.3000000000000       1.969418015632292E-002  0.795195647335685     
   36.3300000000000       1.969032405608364E-002  0.795052708751939     
   36.3600000000000       1.968570529419272E-002  0.794911031313182     
   36.3900000000000       1.968040404357120E-002  0.794770497223868     
   36.4200000000000       1.967451389608400E-002  0.794630966050756     
   36.4500000000000       1.966813900005764E-002  0.794492279064625     
   36.4800000000000       1.966139090606979E-002  0.794354264119247     
   36.5100000000000       1.965438532046076E-002  0.794216740753926     
   36.5400000000000       1.964723895640658E-002  0.794079525213780     
   36.5700000000000       1.964006664373772E-002  0.793942435121615     
   36.6000000000000       1.963297881743541E-002  0.793805293596897     
   36.6300000000000       1.962607945825529E-002  0.793667932689673     
   36.6600000000000       1.961946451387038E-002  0.793530196069305     
   36.6900000000000       1.961322079017822E-002  0.793391940971318     
   36.7200000000000       1.960742527273262E-002  0.793253039455506     
   36.7500000000000       1.960214481844900E-002  0.793113379062889     
   36.7800000000000       1.959743614719551E-002  0.792972862978683     
   36.8100000000000       1.959334606017695E-002  0.792831409815195     
   36.8400000000000       1.958991181535119E-002  0.792688953125252     
   36.8700000000000       1.958716159765336E-002  0.792545440746266     
   36.9000000000000       1.958511503186235E-002  0.792400834060037     
   36.9300000000000       1.958378369707727E-002  0.792255107236228     
   36.9600000000000       1.958317161283180E-002  0.792108246510085     
   36.9900000000000       1.958327567702140E-002  0.791960249528723     
   37.0200000000000       1.958408604454249E-002  0.791811124786191     
   37.0500000000000       1.958558644261843E-002  0.791660891155875     
   37.0800000000000       1.958775442424598E-002  0.791509577519779     
   37.1100000000000       1.959056156523296E-002  0.791357222487372     
   37.1400000000000       1.959397361321339E-002  0.791203874191801     
   37.1700000000000       1.959795059915390E-002  0.791049590147599     
   37.2000000000000       1.960244692351940E-002  0.790894437151232     
   37.2300000000000       1.960741143071942E-002  0.790738491203372     
   37.2600000000000       1.961278748691633E-002  0.790581837429399     
   37.2900000000000       1.961851307788037E-002  0.790424569971985     
   37.3200000000000       1.962452094539388E-002  0.790266791826689     
   37.3500000000000       1.963073878272884E-002  0.790108614588155     
   37.3800000000000       1.963708951185892E-002  0.789950158070980     
   37.4100000000000       1.964349166713693E-002  0.789791549765827     
   37.4400000000000       1.964985991187651E-002  0.789632924088297     
   37.4700000000000       1.965610571520180E-002  0.789474421376190     
   37.5000000000000       1.966213821611110E-002  0.789316186590786     
   37.5300000000000       1.966786529924267E-002  0.789158367680913     
   37.5600000000000       1.967319490153339E-002  0.789001113575968     
   37.5900000000000       1.967803655999261E-002  0.788844571787136     
   37.6200000000000       1.968230319745358E-002  0.788688885616023     
   37.6500000000000       1.968591312500822E-002  0.788534190997545     
   37.6800000000000       1.968879221705433E-002  0.788380613039134     
   37.7100000000000       1.969087618855433E-002  0.788228262359781     
   37.7400000000000       1.969211287641682E-002  0.788077231376883     
   37.7700000000000       1.969246440129927E-002  0.787927590731279     
   37.8000000000000       1.969190906704710E-002  0.787779386074345     
   37.8300000000000       1.969044284733379E-002  0.787632635457668     
   37.8600000000000       1.968808031718546E-002  0.787487327558597     
   37.8900000000000       1.968485491350747E-002  0.787343420938892     
   37.9200000000000       1.968081845305516E-002  0.787200844468604     
   37.9500000000000       1.967603989448664E-002  0.787059498958390     
   37.9800000000000       1.967060339582939E-002  0.786919259941588     
   38.0100000000000       1.966460578046134E-002  0.786779981447061     
   38.0400000000000       1.965815357410255E-002  0.786641500520322     
   38.0700000000000       1.965135980508099E-002  0.786503642196192     
   38.1000000000000       1.964434076684318E-002  0.786366224607918     
   38.1300000000000       1.963721292626549E-002  0.786229063935120     
   38.1600000000000       1.963009012845587E-002  0.786091978939770     
   38.1900000000000       1.962308120530057E-002  0.785954794905218     
   38.2200000000000       1.961628804831899E-002  0.785817346866540     
   38.2500000000000       1.960980416268528E-002  0.785679482090774     
   38.2800000000000       1.960371368285683E-002  0.785541061825683     
   38.3100000000000       1.959809080329351E-002  0.785401962381286     
   38.3400000000000       1.959299956061998E-002  0.785262075638590     
   38.3700000000000       1.958849389538425E-002  0.785121309095726     
   38.4000000000000       1.958461792072117E-002  0.784979585565377     
   38.4300000000000       1.958140632990566E-002  0.784836842631778     
   38.4600000000000       1.957888488317512E-002  0.784693031963580     
   38.4900000000000       1.957707092468877E-002  0.784548118563038     
   38.5200000000000       1.957597389170704E-002  0.784402080014616     
   38.5500000000000       1.957559578894947E-002  0.784254905778886     
   38.5800000000000       1.957593161088127E-002  0.784106596561923     
   38.6100000000000       1.957696970295562E-002  0.783957163776898     
   38.6400000000000       1.957869205945559E-002  0.783806629103707     
   38.6700000000000       1.958107456061838E-002  0.783655024144027     
   38.7000000000000       1.958408715541895E-002  0.783502390163015     
   38.7300000000000       1.958769399905381E-002  0.783348777904286     
   38.7600000000000       1.959185355613145E-002  0.783194247461485     
   38.7900000000000       1.959651868215037E-002  0.783038868187087     
   38.8200000000000       1.960163669728230E-002  0.782882718616674     
   38.8500000000000       1.960714946796697E-002  0.782725886384470     
   38.8800000000000       1.961299351348384E-002  0.782568468103225     
   38.9100000000000       1.961910015654430E-002  0.782410569178488     
   38.9400000000000       1.962539573901364E-002  0.782252303523887     
   38.9700000000000       1.963180192601397E-002  0.782093793140522     
   39.0000000000000       1.963823612366244E-002  0.781935167520104     
   39.0300000000000       1.964461203723881E-002  0.781776562828707     
   39.0600000000000       1.965084039719184E-002  0.781618120826516     
   39.0900000000000       1.965682987948621E-002  0.781459987479721     
   39.1200000000000       1.966248824363217E-002  0.781302311224876     
   39.1500000000000       1.966772370550745E-002  0.781145240854891     
   39.1800000000000       1.967244655196163E-002  0.780988923010694     
   39.2100000000000       1.967657098952633E-002  0.780833499284636     
   39.2400000000000       1.968001720007048E-002  0.780679102971503     
   39.2700000000000       1.968271355232865E-002  0.780525855540148     
   39.3000000000000       1.968459889125320E-002  0.780373862941421     
   39.3300000000000       1.968562479963372E-002  0.780223211912594     
   39.3600000000000       1.968575770214204E-002  0.780073966479139     
   39.3900000000000       1.968498066555498E-002  0.779926164884334     
   39.4200000000000       1.968329474523696E-002  0.779779817187900     
   39.4500000000000       1.968071974100641E-002  0.779634903759954     
   39.4800000000000       1.967729425708141E-002  0.779491374852283     
   39.5100000000000       1.967307500952309E-002  0.779349151356476     
   39.5400000000000       1.966813538544249E-002  0.779208126764662     
   39.5700000000000       1.966256332310743E-002  0.779068170245585     
   39.6000000000000       1.965645864131908E-002  0.778929130651645     
   39.6300000000000       1.964992999097799E-002  0.778790841196071     
   39.6600000000000       1.964309162530228E-002  0.778653124494693     
   39.6900000000000       1.963606018547301E-002  0.778515797658673     
   39.7200000000000       1.962895167764547E-002  0.778378677150967     
   39.7500000000000       1.962187878073525E-002  0.778241583172532     
   39.7800000000000       1.961494857934414E-002  0.778104343413316     
   39.8100000000000       1.960826076977564E-002  0.777966796076391     
   39.8400000000000       1.960190634506312E-002  0.777828792151724     
   39.8700000000000       1.959596673100302E-002  0.777690196972327     
   39.9000000000000       1.959051332097664E-002  0.777550891126953     
   39.9300000000000       1.958560734281068E-002  0.777410770829456     
   39.9600000000000       1.958129998493950E-002  0.777269747857154     
   39.9900000000000       1.957763270999870E-002  0.777127749171313     
