  3.000000000000000E-002  3.355680759908399E-003  0.999906696138456     
  6.000000000000000E-002  3.429540065880741E-003  0.999764229864782     
  9.000000000000000E-002  3.504981287791574E-003  0.999618696655284     
  0.120000000000000       3.582036025017189E-003  0.999470034408969     
  0.150000000000000       3.660736379482951E-003  0.999318179986439     
  0.180000000000000       3.741114955386170E-003  0.999163069206354     
  0.210000000000000       3.823204858212394E-003  0.999004636843010     
  0.240000000000000       3.907039692982303E-003  0.998842816625122     
  0.270000000000000       3.992653561661427E-003  0.998677541235949     
  0.300000000000000       4.080081059659604E-003  0.998508742314847     
  0.330000000000000       4.169357271341219E-003  0.998336350460421     
  0.360000000000000       4.260517764461109E-003  0.998160295235381     
  0.390000000000000       4.353598583434057E-003  0.997980505173279     
  0.420000000000000       4.448636241338576E-003  0.997796907787280     
  0.450000000000000       4.545667710547440E-003  0.997609429581150     
  0.480000000000000       4.644730411869026E-003  0.997417996062653     
  0.510000000000000       4.745862202073621E-003  0.997222531759560     
  0.540000000000000       4.849101359668860E-003  0.997022960238508     
  0.570000000000000       4.954486568777170E-003  0.996819204126940     
  0.600000000000000       5.062056900955697E-003  0.996611185138395     
  0.630000000000000       5.171851794785888E-003  0.996398824101440     
  0.660000000000000       5.283911033045542E-003  0.996182040992550     
  0.690000000000000       5.398274717259861E-003  0.995960754973269     
  0.720000000000000       5.514983239410965E-003  0.995734884432024     
  0.750000000000000       5.634077250566069E-003  0.995504347030994     
  0.780000000000000       5.755597626163838E-003  0.995269059758449     
  0.810000000000000       5.879585427675547E-003  0.995028938987045     
  0.840000000000000       6.006081860332692E-003  0.994783900538576     
  0.870000000000000       6.135128226585134E-003  0.994533859755743     
  0.900000000000000       6.266765874923895E-003  0.994278731581543     
  0.930000000000000       6.401036143669362E-003  0.994018430646938     
  0.960000000000000       6.537980299289313E-003  0.993752871367521     
  0.990000000000000       6.677639468771066E-003  0.993481968049976     
   1.02000000000000       6.820054565527564E-003  0.993205635009162     
   1.05000000000000       6.965266208268731E-003  0.992923786696798     
   1.08000000000000       7.113314632215271E-003  0.992636337842734     
   1.11000000000000       7.264239591972594E-003  0.992343203609953     
   1.14000000000000       7.418080255316845E-003  0.992044299764535     
   1.17000000000000       7.574875087071830E-003  0.991739542861904     
   1.20000000000000       7.734661722175151E-003  0.991428850450868     
   1.23000000000000       7.897476826942022E-003  0.991112141297046     
   1.26000000000000       8.063355947435982E-003  0.990789335627473     
   1.29000000000000       8.232333343745291E-003  0.990460355398342     
   1.32000000000000       8.404441808840778E-003  0.990125124588023     
   1.35000000000000       8.579712470554619E-003  0.989783569517738     
   1.38000000000000       8.758174575067154E-003  0.989435619202487     
   1.41000000000000       8.939855250119380E-003  0.989081205735104     
   1.44000000000000       9.124779245979755E-003  0.988720264706600     
   1.47000000000000       9.312968651983342E-003  0.988352735666285     
   1.50000000000000       9.504442586225575E-003  0.987978562625508     
   1.53000000000000       9.699216855730910E-003  0.987597694609265     
   1.56000000000000       9.897303584123648E-003  0.987210086260345     
   1.59000000000000       1.009871080350115E-002  0.986815698501180     
   1.62000000000000       1.030344200684664E-002  0.986414499259073     
   1.65000000000000       1.051149565691418E-002  0.986006464261094     
   1.68000000000000       1.072286464707009E-002  0.985591577905506     
   1.71000000000000       1.093753570908144E-002  0.985169834217340     
   1.74000000000000       1.115548876229970E-002  0.984741237896414     
   1.77000000000000       1.137669619809997E-002  0.984305805466911     
   1.80000000000000       1.160112209280577E-002  0.983863566538479     
   1.83000000000000       1.182872134166851E-002  0.983414565189639     
   1.86000000000000       1.205943870579800E-002  0.982958861485228     
   1.89000000000000       1.229320776328932E-002  0.982496533140417     
   1.92000000000000       1.252994975521243E-002  0.982027677344718     
   1.95000000000000       1.276957231670523E-002  0.981552412760052     
   1.98000000000000       1.301196808324737E-002  0.981070881707476     
   2.01000000000000       1.325701316245444E-002  0.980583252557360     
   2.04000000000000       1.350456546262819E-002  0.980089722337504     
   2.07000000000000       1.375446287110241E-002  0.979590519572717     
   2.10000000000000       1.400652127845916E-002  0.979085907367388     
   2.13000000000000       1.426053244932211E-002  0.978576186739303     
   2.16000000000000       1.451626174702393E-002  0.978061700207704     
   2.19000000000000       1.477344572829875E-002  0.977542835631018     
   2.22000000000000       1.503178963544406E-002  0.977020030278708     
   2.25000000000000       1.529096482711443E-002  0.976493775106650     
   2.28000000000000       1.555060620483565E-002  0.975964619185000     
   2.31000000000000       1.581030971012546E-002  0.975433174200443     
   2.34000000000000       1.606962998653294E-002  0.974900118919503     
   2.37000000000000       1.632807832211733E-002  0.974366203454665     
   2.40000000000000       1.658512101174485E-002  0.973832253118795     
   2.43000000000000       1.684017830676027E-002  0.973299171584593     
   2.46000000000000       1.709262415423795E-002  0.972767942984133     
   2.49000000000000       1.734178697083000E-002  0.972239632490281     
   2.52000000000000       1.758695174693863E-002  0.971715384821220     
   2.55000000000000       1.782736383144804E-002  0.971196420010608     
   2.58000000000000       1.806223479583053E-002  0.970684025704832     
   2.61000000000000       1.829075080252510E-002  0.970179545210072     
   2.64000000000000       1.851208388267648E-002  0.969684360549447     
   2.67000000000000       1.872540643442819E-002  0.969199869946027     
   2.70000000000000       1.892990905695448E-002  0.968727459463745     
   2.73000000000000       1.912482151813964E-002  0.968268469047128     
   2.76000000000000       1.930943621711036E-002  0.967824153904364     
   2.79000000000000       1.948313298269051E-002  0.967395643027927     
   2.82000000000000       1.964540352403233E-002  0.966983897526717     
   2.85000000000000       1.979587343763474E-002  0.966589672170879     
   2.88000000000000       1.993431950871579E-002  0.966213483907532     
   2.91000000000000       2.006068023203456E-002  0.965855590902614     
   2.94000000000000       2.017505805477698E-002  0.965515984815651     
   2.97000000000000       2.027771275239356E-002  0.965194397592660     
   3.00000000000000       2.036904643530845E-002  0.964890322298745     
   3.03000000000000       2.044958173555408E-002  0.964603045750835     
   3.06000000000000       2.051993550580736E-002  0.964331689334850     
   3.09000000000000       2.058079069809672E-002  0.964075253713894     
   3.12000000000000       2.063286892594757E-002  0.963832663270662     
   3.15000000000000       2.067690566397673E-002  0.963602806931976     
   3.18000000000000       2.071362931380488E-002  0.963384573168639     
   3.21000000000000       2.074374466616657E-002  0.963176878112496     
   3.24000000000000       2.076792073955172E-002  0.962978686663759     
   3.27000000000000       2.078678261545801E-002  0.962789027092794     
   3.30000000000000       2.080090670284846E-002  0.962606999987369     
   3.33000000000000       2.081081880562018E-002  0.962431782524837     
   3.36000000000000       2.081699438642427E-002  0.962262629038946     
   3.39000000000000       2.081986047542269E-002  0.962098868773446     
   3.42000000000000       2.081979873607065E-002  0.961939901617190     
   3.45000000000000       2.081714926012470E-002  0.961785192520492     
   3.48000000000000       2.081221472033225E-002  0.961634265203469     
   3.51000000000000       2.080526456565383E-002  0.961486695678425     
   3.54000000000000       2.079653900379611E-002  0.961342106014436     
   3.57000000000000       2.078625258062078E-002  0.961200158670641     
   3.60000000000000       2.077459723618717E-002  0.961060551614474     
   3.63000000000000       2.076174479313997E-002  0.960923014321452     
   3.66000000000000       2.074784891233248E-002  0.960787304626939     
   3.69000000000000       2.073304662359221E-002  0.960653206280441     
   3.72000000000000       2.071745959104401E-002  0.960520526962679     
   3.75000000000000       2.070119528907096E-002  0.960389096487791     
   3.78000000000000       2.068434824409599E-002  0.960258764935227     
   3.81000000000000       2.066700144813126E-002  0.960129400526791     
   3.84000000000000       2.064922798770293E-002  0.960000887160579     
   3.87000000000000       2.063109287046883E-002  0.959873121612106     
   3.90000000000000       2.061265498102961E-002  0.959746010497295     
   3.93000000000000       2.059396906173324E-002  0.959619467153611     
   3.96000000000000       2.057508759519650E-002  0.959493408631248     
   3.99000000000000       2.055606246275892E-002  0.959367752995601     
   4.02000000000000       2.053694626630755E-002  0.959242417126283     
   4.05000000000000       2.051779322819084E-002  0.959117315158962     
   4.08000000000000       2.049865962233006E-002  0.958992357658515     
   4.11000000000000       2.047960373457312E-002  0.958867451542151     
   4.14000000000000       2.046068539583605E-002  0.958742500698395     
   4.17000000000000       2.044196517108052E-002  0.958617407182508     
   4.20000000000000       2.042350331481867E-002  0.958492072820784     
   4.23000000000000       2.040535861575692E-002  0.958366401031963     
   4.26000000000000       2.038758724837196E-002  0.958240298676451     
   4.29000000000000       2.037024172966776E-002  0.958113677770603     
   4.32000000000000       2.035337004961047E-002  0.957986456947781     
   4.35000000000000       2.033701500982731E-002  0.957858562600771     
   4.38000000000000       2.032121377336765E-002  0.957729929691573     
   4.41000000000000       2.030599760376988E-002  0.957600502255898     
   4.44000000000000       2.029139175709250E-002  0.957470233655809     
   4.47000000000000       2.027741548582716E-002  0.957339086644247     
   4.50000000000000       2.026408211632320E-002  0.957207033302870     
   4.53000000000000       2.025139916829881E-002  0.957074054904720     
   4.56000000000000       2.023936849348171E-002  0.956940141740217     
   4.59000000000000       2.022798641877436E-002  0.956805292931727     
   4.62000000000000       2.021724388679428E-002  0.956669516249940     
   4.65000000000000       2.020712659285964E-002  0.956532827935081     
   4.68000000000000       2.019761512236126E-002  0.956395252517893     
   4.71000000000000       2.018868509604905E-002  0.956256822629263     
   4.74000000000000       2.018030733329297E-002  0.956117578783015     
   4.77000000000000       2.017244804516251E-002  0.955977569113322     
   4.80000000000000       2.016506907048171E-002  0.955836849045895     
   4.83000000000000       2.015812816900057E-002  0.955695480880346     
   4.86000000000000       2.015157938646805E-002  0.955553533259931     
   4.89000000000000       2.014537350650570E-002  0.955411080504368     
   4.92000000000000       2.013945860344397E-002  0.955268201782266     
   4.95000000000000       2.013378070826184E-002  0.955124980102409     
   4.98000000000000       2.012828459597461E-002  0.954981501108571     
   5.01000000000000       2.012291469675845E-002  0.954837851671477     
   5.04000000000000       2.011761612438795E-002  0.954694118284639     
   5.07000000000000       2.011233580402946E-002  0.954550385288444     
   5.10000000000000       2.010702366730622E-002  0.954406732968842     
   5.13000000000000       2.010163386668973E-002  0.954263235602129     
   5.16000000000000       2.009612594536122E-002  0.954119959543161     
   5.19000000000000       2.009046588537308E-002  0.953976961476974     
   5.22000000000000       2.008462694962675E-002  0.953834286967938     
   5.25000000000000       2.007859023537647E-002  0.953691969440483     
   5.28000000000000       2.007234487107918E-002  0.953550029706911     
   5.31000000000000       2.006588781445252E-002  0.953408476119900     
   5.34000000000000       2.005922324452578E-002  0.953267305373968     
   5.37000000000000       2.005236157873194E-002  0.953126503919726     
   5.40000000000000       2.004531818134170E-002  0.952986049897010     
   5.43000000000000       2.003811185646013E-002  0.952845915447140     
   5.46000000000000       2.003076323420104E-002  0.952706069236080     
   5.49000000000000       2.002329316168275E-002  0.952566479011419     
   5.52000000000000       2.001572120230346E-002  0.952427114025473     
   5.55000000000000       2.000806432998881E-002  0.952287947180708     
   5.58000000000000       2.000033588320887E-002  0.952148956786845     
   5.61000000000000       1.999254482008779E-002  0.952010127855708     
   5.64000000000000       1.998469529382374E-002  0.951871452895371     
   5.67000000000000       1.997678654879600E-002  0.951732932195887     
   5.70000000000000       1.996881312285216E-002  0.951594573623699     
   5.73000000000000       1.996076533002900E-002  0.951456391960660     
   5.76000000000000       1.995262998939140E-002  0.951318407838051     
   5.79000000000000       1.994439135859638E-002  0.951180646327804     
   5.82000000000000       1.993603222418868E-002  0.951043135263993     
   5.85000000000000       1.992753509398350E-002  0.950905903378578     
   5.88000000000000       1.991888343030302E-002  0.950768978346352     
   5.91000000000000       1.991006285709276E-002  0.950632384843944     
   5.94000000000000       1.990106227037787E-002  0.950496142734637     
   5.97000000000000       1.989187478169584E-002  0.950360265492147     
   6.00000000000000       1.988249842948813E-002  0.950224758969987     
   6.03000000000000       1.987293660480168E-002  0.950089620607108     
   6.06000000000000       1.986319815502565E-002  0.949954839134782     
   6.09000000000000       1.985329715172601E-002  0.949820394815619     
   6.12000000000000       1.984325233395668E-002  0.949686260206009     
   6.15000000000000       1.983308626397393E-002  0.949552401392312     
   6.18000000000000       1.982282425488904E-002  0.949418779613837     
   6.21000000000000       1.981249314636432E-002  0.949285353156960     
   6.24000000000000       1.980212001267820E-002  0.949152079388737     
   6.27000000000000       1.979173088658010E-002  0.949018916796762     
   6.30000000000000       1.978134957339517E-002  0.948885826913715     
   6.33000000000000       1.977099661536673E-002  0.948752776026282     
   6.36000000000000       1.976068844935036E-002  0.948619736594186     
   6.39000000000000       1.975043678445526E-002  0.948486688331312     
   6.42000000000000       1.974024821191816E-002  0.948353618924171     
   6.45000000000000       1.973012404827191E-002  0.948220524381574     
   6.48000000000000       1.972006040479054E-002  0.948087409023036     
   6.51000000000000       1.971004847076712E-002  0.947954285122756     
   6.54000000000000       1.970007499457899E-002  0.947821172232250     
   6.57000000000000       1.969012294374982E-002  0.947688096209339     
   6.60000000000000       1.968017232238414E-002  0.947555087985736     
   6.63000000000000       1.967020112064538E-002  0.947422182111262     
   6.66000000000000       1.966018636591150E-002  0.947289415120547     
   6.69000000000000       1.965010523883341E-002  0.947156823778141     
   6.72000000000000       1.963993621021444E-002  0.947024443269723     
   6.75000000000000       1.962966014743690E-002  0.946892305418979     
   6.78000000000000       1.961926133353659E-002  0.946760437019669     
   6.81000000000000       1.960872833966432E-002  0.946628858377546     
   6.84000000000000       1.959805469415279E-002  0.946497582154752     
   6.87000000000000       1.958723929976727E-002  0.946366612598019     
   6.90000000000000       1.957628656505783E-002  0.946235945211105     
   6.93000000000000       1.956520623498815E-002  0.946105566902674     
   6.96000000000000       1.955401292805799E-002  0.945975456606348     
   6.99000000000000       1.954272540917871E-002  0.945845586334315     
   7.02000000000000       1.953136564677812E-002  0.945715922594076     
   7.05000000000000       1.951995771674117E-002  0.945586428073550     
   7.08000000000000       1.950852662347156E-002  0.945457063485315     
   7.11000000000000       1.949709710922634E-002  0.945327789457035     
   7.14000000000000       1.948569251747915E-002  0.945198568361599     
   7.17000000000000       1.947433376576152E-002  0.945069365995287     
   7.20000000000000       1.946303847017392E-002  0.944940153032305     
   7.23000000000000       1.945182024974598E-002  0.944810906206060     
   7.26000000000000       1.944068822600361E-002  0.944681609188140     
   7.29000000000000       1.942964672274733E-002  0.944552253153085     
   7.32000000000000       1.941869516360627E-002  0.944422837029578     
   7.35000000000000       1.940782816015694E-002  0.944293367446998     
   7.38000000000000       1.939703578059444E-002  0.944163858391187     
   7.41000000000000       1.938630398724457E-002  0.944034330586321     
   7.44000000000000       1.937561522973594E-002  0.943904810622177     
   7.47000000000000       1.936494917863189E-002  0.943775329849160     
   7.50000000000000       1.935428358115514E-002  0.943645923068322     
   7.53000000000000       1.934359521595991E-002  0.943516627050705     
   7.56000000000000       1.933286091768550E-002  0.943387478930077     
   7.59000000000000       1.932205863463585E-002  0.943258514524799     
   7.62000000000000       1.931116847519837E-002  0.943129766657196     
   7.65000000000000       1.930017369181835E-002  0.943001263550290     
   7.68000000000000       1.928906154706879E-002  0.942873027389793     
   7.71000000000000       1.927782400625128E-002  0.942745073141075     
   7.74000000000000       1.926645820636543E-002  0.942617407704181     
   7.77000000000000       1.925496666279219E-002  0.942490029473697     
   7.80000000000000       1.924335719215567E-002  0.942362928344664     
   7.83000000000000       1.923164255085590E-002  0.942236086173306     
   7.86000000000000       1.921983981098912E-002  0.942109477666000     
   7.89000000000000       1.920796951562495E-002  0.941983071636754     
   7.92000000000000       1.919605467083354E-002  0.941856832547073     
   7.95000000000000       1.918411964058907E-002  0.941730722225929     
   7.98000000000000       1.917218901224161E-002  0.941604701662661     
   8.01000000000000       1.916028649546668E-002  0.941478732771172     
   8.04000000000000       1.914843390814738E-002  0.941352780037312     
   8.07000000000000       1.913665029050926E-002  0.941226811979670     
   8.10000000000000       1.912495117591668E-002  0.941100802374216     
   8.13000000000000       1.911334803465158E-002  0.940974731212563     
   8.16000000000000       1.910184789690843E-002  0.940848585380169     
   8.19000000000000       1.909045315381086E-002  0.940722359053315     
   8.22000000000000       1.907916153056760E-002  0.940596053821841     
   8.25000000000000       1.906796622350376E-002  0.940469678549039     
   8.28000000000000       1.905685619185402E-002  0.940343248981826     
   8.31000000000000       1.904581659498887E-002  0.940216787124826     
   8.34000000000000       1.903482936530730E-002  0.940090320392628     
   8.37000000000000       1.902387390567055E-002  0.939963880556424     
   8.40000000000000       1.901292789746618E-002  0.939837502505340     
   8.43000000000000       1.900196820091556E-002  0.939711222849539     
   8.46000000000000       1.899097182308961E-002  0.939585078401661     
   8.49000000000000       1.897991692164358E-002  0.939459104584941     
   8.52000000000000       1.896878380428683E-002  0.939333333829217     
   8.55000000000000       1.895755587664055E-002  0.939207794028388     
   8.58000000000000       1.894622048590099E-002  0.939082507142234     
   8.61000000000000       1.893476960624308E-002  0.938957488029441     
   8.64000000000000       1.892320031559097E-002  0.938832743594656     
   8.67000000000000       1.891151502308065E-002  0.938708272318978     
   8.70000000000000       1.889972142211178E-002  0.938584064220326     
   8.73000000000000       1.888783216400561E-002  0.938460101259304     
   8.76000000000000       1.887586426953173E-002  0.938336358171157     
   8.79000000000000       1.886383831678209E-002  0.938212803669939     
   8.82000000000000       1.885177746088757E-002  0.938089401942297     
   8.85000000000000       1.883970635144118E-002  0.937966114329423     
   8.88000000000000       1.882765001611783E-002  0.937842901088979     
   8.91000000000000       1.881563277432296E-002  0.937719723133887     
   8.94000000000000       1.880367723453506E-002  0.937596543659305     
   8.97000000000000       1.879180341578707E-002  0.937473329589146     
   9.00000000000000       1.878002801989364E-002  0.937350052795266     
   9.03000000000000       1.876836386846699E-002  0.937226691062667     
   9.06000000000000       1.875681950862419E-002  0.937103228790846     
   9.09000000000000       1.874539898406585E-002  0.936979657433617     
   9.12000000000000       1.873410176387748E-002  0.936855975687452     
   9.15000000000000       1.872292281957310E-002  0.936732189441909     
   9.18000000000000       1.871185284089241E-002  0.936608311506259     
   9.21000000000000       1.870087858183214E-002  0.936484361125125     
   9.24000000000000       1.868998332946679E-002  0.936360363294222     
   9.27000000000000       1.867914748850476E-002  0.936236347886528     
   9.30000000000000       1.866834927361614E-002  0.936112348600293     
   9.33000000000000       1.865756549895401E-002  0.935988401744037     
   9.36000000000000       1.864677244980062E-002  0.935864544880438     
   9.39000000000000       1.863594681500592E-002  0.935740815360618     
   9.42000000000000       1.862506665126310E-002  0.935617248792327     
   9.45000000000000       1.861411234206189E-002  0.935493877498738     
   9.48000000000000       1.860306750652592E-002  0.935370729037257     
   9.51000000000000       1.859191980772583E-002  0.935247824857693     
   9.54000000000000       1.858066160804576E-002  0.935125179183822     
   9.57000000000000       1.856929042217692E-002  0.935002798199432     
   9.60000000000000       1.855780912719527E-002  0.934880679607774     
   9.63000000000000       1.854622590392363E-002  0.934758812611707     
   9.66000000000000       1.853455390323830E-002  0.934637178332118     
   9.69000000000000       1.852281065290618E-002  0.934515750647805     
   9.72000000000000       1.851101724191095E-002  0.934394497405430     
   9.75000000000000       1.849919733686798E-002  0.934273381918556     
   9.78000000000000       1.848737609640700E-002  0.934152364654545     
   9.81000000000000       1.847557905289218E-002  0.934031404999943     
   9.84000000000000       1.846383102663515E-002  0.933910462999174     
   9.87000000000000       1.845215512736842E-002  0.933789500975980     
   9.90000000000000       1.844057188366921E-002  0.933668484968284     
   9.93000000000000       1.842909852599183E-002  0.933547385930726     
   9.96000000000000       1.841774843529440E-002  0.933426180681254     
   9.99000000000000       1.840653075841237E-002  0.933304852586072     
   10.0200000000000       1.839545018391293E-002  0.933183391990014     
   10.0500000000000       1.838450686804348E-002  0.933061796406838     
   10.0800000000000       1.837369649901877E-002  0.932940070486827     
   10.1100000000000       1.836301048852331E-002  0.932818225778693     
   10.1400000000000       1.835243628109621E-002  0.932696280300175     
   10.1700000000000       1.834195777415994E-002  0.932574257928505     
   10.2000000000000       1.833155584305458E-002  0.932452187619242     
   10.2300000000000       1.832120896587925E-002  0.932330102460905     
   10.2600000000000       1.831089394173054E-002  0.932208038574395     
   10.2900000000000       1.830058669279296E-002  0.932086033870661     
   10.3200000000000       1.829026313563853E-002  0.931964126687760     
   10.3500000000000       1.827990010027023E-002  0.931842354339011     
   10.3800000000000       1.826947626744367E-002  0.931720751616563     
   10.4100000000000       1.825897308652402E-002  0.931599349308133     
   10.4400000000000       1.824837562881304E-002  0.931478172796981     
   10.4700000000000       1.823767332639660E-002  0.931357240824081     
   10.5000000000000       1.822686054564310E-002  0.931236564494456     
   10.5300000000000       1.821593694879477E-002  0.931116146604668     
   10.5600000000000       1.820490760728625E-002  0.930995981354148     
   10.5900000000000       1.819378284620783E-002  0.930876054479614     
   10.6200000000000       1.818257781931096E-002  0.930756343821142     
   10.6500000000000       1.817131183572814E-002  0.930636820294013     
   10.6800000000000       1.816000748011999E-002  0.930517449207040     
   10.7100000000000       1.814868958422323E-002  0.930398191840493     
   10.7400000000000       1.813738411737691E-002  0.930279007179086     
   10.7700000000000       1.812611706537656E-002  0.930159853690083     
   10.8000000000000       1.811491336124955E-002  0.930040691043287     
   10.8300000000000       1.810379591989708E-002  0.929921481686386     
   10.8600000000000       1.809278481353178E-002  0.929802192211958     
   10.8900000000000       1.808189660921197E-002  0.929682794477128     
   10.9200000000000       1.807114387587701E-002  0.929563266459408     
   10.9500000000000       1.806053485762851E-002  0.929443592850146     
   10.9800000000000       1.805007330313274E-002  0.929323765398918     
   11.0100000000000       1.803975843770356E-002  0.929203783028508     
   11.0400000000000       1.802958506416525E-002  0.929083651741575     
   11.0700000000000       1.801954378009869E-002  0.928963384338297     
   11.1000000000000       1.800962130163793E-002  0.928842999960492     
   11.1300000000000       1.799980088675520E-002  0.928722523473348     
   11.1600000000000       1.799006285318954E-002  0.928601984692235     
   11.1900000000000       1.798038518719406E-002  0.928481417460099     
   11.2200000000000       1.797074423862209E-002  0.928360858581546     
   11.2500000000000       1.796111549525234E-002  0.928240346623382     
   11.2800000000000       1.795147442460867E-002  0.928119920598287     
   11.3100000000000       1.794179736504782E-002  0.927999618558260     
   11.3400000000000       1.793206244006224E-002  0.927879476136746     
   11.3700000000000       1.792225046138700E-002  0.927759525091814     
   11.4000000000000       1.791234577876117E-002  0.927639791915601     
   11.4300000000000       1.790233702848576E-002  0.927520296585312     
   11.4600000000000       1.789221773075256E-002  0.927401051535953     
   11.4900000000000       1.788198668842456E-002  0.927282060932412     
   11.5200000000000       1.787164814835591E-002  0.927163320307070     
   11.5500000000000       1.786121170042675E-002  0.927044816608426     
   11.5800000000000       1.785069190817264E-002  0.926926528677731     
   11.6100000000000       1.784010768611591E-002  0.926808428137360     
   11.6400000000000       1.782948145982866E-002  0.926690480640860     
   11.6700000000000       1.781883816234957E-002  0.926572647405241     
   11.7000000000000       1.780820413225884E-002  0.926454886925316     
   11.7300000000000       1.779760598292948E-002  0.926337156760645     
   11.7600000000000       1.778706950901396E-002  0.926219415288639     
   11.7900000000000       1.777661868624564E-002  0.926101623331191     
   11.8200000000000       1.776627480631945E-002  0.925983745583615     
   11.8500000000000       1.775605577263712E-002  0.925865751799617     
   11.8800000000000       1.774597556761284E-002  0.925747617710225     
   11.9100000000000       1.773604388994640E-002  0.925629325674993     
   11.9400000000000       1.772626595179463E-002  0.925510865078312     
   11.9700000000000       1.771664242121048E-002  0.925392232492012     
   12.0000000000000       1.770716949401253E-002  0.925273431628304     
   12.0300000000000       1.769783908049156E-002  0.925154473105787     
   12.0600000000000       1.768863909507318E-002  0.925035374047372     
   12.0900000000000       1.767955384032388E-002  0.924916157523904     
   12.1200000000000       1.767056447971030E-002  0.924796851852424     
   12.1500000000000       1.766164959562211E-002  0.924677489754398     
   12.1800000000000       1.765278582980068E-002  0.924558107377810     
   12.2100000000000       1.764394860209624E-002  0.924438743188518     
   12.2400000000000       1.763511290021276E-002  0.924319436740883     
   12.2700000000000       1.762625412782286E-002  0.924200227345651     
   12.3000000000000       1.761734899144218E-002  0.924081152663882     
   12.3300000000000       1.760837639833928E-002  0.923962247268508     
   12.3600000000000       1.759931832944783E-002  0.923843541228628     
   12.3900000000000       1.759016064397726E-002  0.923725058783849     
   12.4200000000000       1.758089376762809E-002  0.923606817184735     
   12.4500000000000       1.757151321547613E-002  0.923488825778299     
   12.4800000000000       1.756201990487996E-002  0.923371085412457     
   12.5100000000000       1.755242022377277E-002  0.923253588219301     
   12.5400000000000       1.754272583509930E-002  0.923136317814156     
   12.5700000000000       1.753295321758858E-002  0.923019249917529     
   12.6000000000000       1.752312296420764E-002  0.922902353373606     
   12.6300000000000       1.751325887963874E-002  0.922785591506380     
   12.6600000000000       1.750338693407107E-002  0.922668923727549     
   12.6900000000000       1.749353414021250E-002  0.922552307292703     
   12.7200000000000       1.748372742252525E-002  0.922435699096475     
   12.7500000000000       1.747399254242306E-002  0.922319057403304     
   12.7800000000000       1.746435313192765E-002  0.922202343426463     
   12.8100000000000       1.745482987333287E-002  0.922085522690603     
   12.8400000000000       1.744543984637995E-002  0.921968566138292     
   12.8700000000000       1.743619604970143E-002  0.921851450964834     
   12.9000000000000       1.742710709159968E-002  0.921734161185111     
   12.9300000000000       1.741817703746170E-002  0.921616687949704     
   12.9600000000000       1.740940539728541E-002  0.921499029634684     
   12.9900000000000       1.740078723628072E-002  0.921381191731252     
   13.0200000000000       1.739231339335401E-002  0.921263186559112     
   13.0500000000000       1.738397079547254E-002  0.921145032822770     
   13.0800000000000       1.737574285951525E-002  0.921026755024348     
   13.1100000000000       1.736760997646604E-002  0.920908382741234     
   13.1400000000000       1.735955007505084E-002  0.920789949773030     
   13.1700000000000       1.735153926264968E-002  0.920671493160694     
   13.2000000000000       1.734355254016790E-002  0.920553052082077     
   13.2300000000000       1.733556458434789E-002  0.920434666632648     
   13.2600000000000       1.732755058577748E-002  0.920316376508014     
   13.2900000000000       1.731948712390148E-002  0.920198219615590     
   13.3200000000000       1.731135305225582E-002  0.920080230655557     
   13.3500000000000       1.730313035883527E-002  0.919962439724670     
   13.3800000000000       1.729480495919190E-002  0.919844871008806     
   13.4100000000000       1.728636737496542E-002  0.919727541639002     
   13.4400000000000       1.727781324951731E-002  0.919610460788868     
   13.4700000000000       1.726914365635829E-002  0.919493629086670     
   13.5000000000000       1.726036516571881E-002  0.919377038401847     
   13.5300000000000       1.725148964962684E-002  0.919260672043419     
   13.5600000000000       1.724253382492497E-002  0.919144505378510     
   13.5900000000000       1.723351855454119E-002  0.919028506846189     
   13.6200000000000       1.722446794721472E-002  0.918912639309536     
   13.6500000000000       1.721540831191811E-002  0.918796861661765     
   13.6800000000000       1.720636703313314E-002  0.918681130584235     
   13.7100000000000       1.719737143570266E-002  0.918565402347633     
   13.7400000000000       1.718844770325414E-002  0.918449634552710     
   13.7700000000000       1.717961990343844E-002  0.918333787722185     
   13.8000000000000       1.717090915859437E-002  0.918217826677453     
   13.8300000000000       1.716233298444713E-002  0.918101721658815     
   13.8600000000000       1.715390480446124E-002  0.917985449172020     
   13.8900000000000       1.714563363530820E-002  0.917868992564133     
   13.9200000000000       1.713752393058496E-002  0.917752342346041     
   13.9500000000000       1.712957556559313E-002  0.917635496286940     
   13.9800000000000       1.712178394514094E-002  0.917518459308497     
   14.0100000000000       1.711414021804810E-002  0.917401243204328     
   14.0400000000000       1.710663158528039E-002  0.917283866205755     
   14.0700000000000       1.709924169246089E-002  0.917166352408866     
   14.1000000000000       1.709195110108514E-002  0.917048731072161     
   14.1300000000000       1.708473783545138E-002  0.916931035789555     
   14.1600000000000       1.707757800357984E-002  0.916813303541089     
   14.1900000000000       1.707044648985133E-002  0.916695573624091     
   14.2200000000000       1.706331771452057E-002  0.916577886471090     
   14.2500000000000       1.705616645063000E-002  0.916460282367630     
   14.2800000000000       1.704896868237960E-002  0.916342800093088     
   14.3100000000000       1.704170248119647E-002  0.916225475519797     
   14.3400000000000       1.703434886741061E-002  0.916108340219224     
   14.3700000000000       1.702689261770182E-002  0.915991420136738     
   14.4000000000000       1.701932297270549E-002  0.915874734406667     
   14.4300000000000       1.701163419680381E-002  0.915758294384490     
   14.4600000000000       1.700382594445973E-002  0.915642102970958     
   14.4900000000000       1.699590339527335E-002  0.915526154292383     
   14.5200000000000       1.698787713325461E-002  0.915410433781795     
   14.5500000000000       1.697976276363532E-002  0.915294918678591     
   14.5800000000000       1.697158028093729E-002  0.915179578932326     
   14.6100000000000       1.696335322232905E-002  0.915064378463627     
   14.6400000000000       1.695510765767857E-002  0.914949276706275     
   14.6700000000000       1.694687107967115E-002  0.914834230333448     
   14.7000000000000       1.693867126233514E-002  0.914719195060810     
   14.7300000000000       1.693053515394600E-002  0.914604127420475     
   14.7600000000000       1.692248786143961E-002  0.914488986411832     
   14.7900000000000       1.691455177000068E-002  0.914373734955210     
   14.8200000000000       1.690674582578601E-002  0.914258341098632     
   14.8500000000000       1.689908499420913E-002  0.914142778952653     
   14.8800000000000       1.689157989286465E-002  0.914027029350169     
   14.9100000000000       1.688423658832708E-002  0.913911080244727     
   14.9400000000000       1.687705654020961E-002  0.913794926871339     
   14.9700000000000       1.687003667377515E-002  0.913678571698208     
   15.0000000000000       1.686316956328119E-002  0.913562024197182     
   15.0300000000000       1.685644371110885E-002  0.913445300456772     
   15.0600000000000       1.684984391156009E-002  0.913328422655768     
   15.0900000000000       1.684335169212499E-002  0.913211418409247     
   15.1200000000000       1.683694582830607E-002  0.913094319993425     
   15.1500000000000       1.683060293016519E-002  0.912977163452116     
   15.1800000000000       1.682429809919283E-002  0.912859987586450     
   15.2100000000000       1.681800565259208E-002  0.912742832831350     
   15.2400000000000       1.681169990849356E-002  0.912625740027467     
   15.2700000000000       1.680535602006292E-002  0.912508749105599     
   15.3000000000000       1.679895083927772E-002  0.912391897711817     
   15.3300000000000       1.679246378298275E-002  0.912275219814433     
   15.3600000000000       1.678587766564611E-002  0.912158744347281     
   15.3900000000000       1.677917945628107E-002  0.912042493955575     
   15.4200000000000       1.677236091269346E-002  0.911926483918617     
   15.4500000000000       1.676541904595312E-002  0.911810721325562     
   15.4800000000000       1.675835637284596E-002  0.911695204574512     
   15.5100000000000       1.675118092448318E-002  0.911579923250436     
   15.5400000000000       1.674390599477130E-002  0.911464858414184     
   15.5700000000000       1.673654963163607E-002  0.911349983305285     
   15.6000000000000       1.672913389443832E-002  0.911235264428593     
   15.6300000000000       1.672168392013592E-002  0.911120662963672     
   15.6600000000000       1.671422685571937E-002  0.911006136410287     
   15.6900000000000       1.670679072320016E-002  0.910891640367289     
   15.7200000000000       1.669940328495991E-002  0.910777130337250     
   15.7500000000000       1.669209097179786E-002  0.910662563455650     
   15.7800000000000       1.668487792489328E-002  0.910547900059306     
   15.8100000000000       1.667778518823047E-002  0.910433105030935     
   15.8400000000000       1.667083007221871E-002  0.910318148881556     
   15.8700000000000       1.666402569451021E-002  0.910203008556168     
   15.9000000000000       1.665738069208463E-002  0.910087667967955     
   15.9300000000000       1.665089909049168E-002  0.909972118280339     
   15.9600000000000       1.664458031191566E-002  0.909856357964099     
   15.9900000000000       1.663841930298283E-002  0.909740392658932     
   16.0200000000000       1.663240676509944E-002  0.909624234866609     
   16.0500000000000       1.662652947355723E-002  0.909507903497846     
   16.0800000000000       1.662077067570404E-002  0.909391423288769     
   16.1100000000000       1.661511056232902E-002  0.909274824096622     
   16.1400000000000       1.660952680939930E-002  0.909158140079431     
   16.1700000000000       1.660399518889434E-002  0.909041408761355     
   16.2000000000000       1.659849024733104E-002  0.908924669985238     
   16.2300000000000       1.659298604841959E-002  0.908807964756767     
   16.2600000000000       1.658745697207578E-002  0.908691333990803     
   16.2900000000000       1.658187855590876E-002  0.908574817179799     
   16.3200000000000       1.657622835774129E-002  0.908458451015990     
   16.3500000000000       1.657048680944726E-002  0.908342268012257     
   16.3800000000000       1.656463802446439E-002  0.908226295179634     
   16.4100000000000       1.655867051507157E-002  0.908110552830205     
   16.4400000000000       1.655257777234029E-002  0.907995053580516     
   16.4700000000000       1.654635866289486E-002  0.907879801630267     
   16.5000000000000       1.654001760314968E-002  0.907764792382492     
   16.5300000000000       1.653356448371296E-002  0.907650012453998     
   16.5600000000000       1.652701433339957E-002  0.907535440099544     
   16.5900000000000       1.652038673205241E-002  0.907421046042485     
   16.6200000000000       1.651370500164931E-002  0.907306794672164     
   16.6500000000000       1.650699522317282E-002  0.907192645538616     
   16.6800000000000       1.650028513989200E-002  0.907078555052372     
   16.7100000000000       1.649360301428858E-002  0.906964478284362     
   16.7400000000000       1.648697650522568E-002  0.906850370759503     
   16.7700000000000       1.648043162469108E-002  0.906736190146965     
   16.8000000000000       1.647399182113810E-002  0.906621897768104     
   16.8300000000000       1.646767722130175E-002  0.906507459866223     
   16.8600000000000       1.646150404673464E-002  0.906392848607038     
   16.8900000000000       1.645548420726661E-002  0.906278042801535     
   16.9200000000000       1.644962506263561E-002  0.906163028361223     
   16.9500000000000       1.644392933641934E-002  0.906047798508216     
   16.9800000000000       1.643839516313701E-002  0.905932353768900     
   17.0100000000000       1.643301624941662E-002  0.905816701780832     
   17.0400000000000       1.642778213251700E-002  0.905700856939376     
   17.0700000000000       1.642267852323394E-002  0.905584839905058     
   17.1000000000000       1.641768772436576E-002  0.905468676986124     
   17.1300000000000       1.641278911968560E-002  0.905352399404710     
   17.1600000000000       1.640795973114982E-002  0.905236042450320     
   17.1900000000000       1.640317484338435E-002  0.905119644521836     
   17.2200000000000       1.639840869398331E-002  0.905003246059550     
   17.2500000000000       1.639363522562516E-002  0.904886888372251     
   17.2800000000000       1.638882889143844E-002  0.904770612371119     
   17.3100000000000       1.638396549864807E-002  0.904654457232022     
   17.3400000000000       1.637902306779272E-002  0.904538459019906     
   17.3700000000000       1.637398267652528E-002  0.904422649322292     
   17.4000000000000       1.636882924929663E-002  0.904307053951609     
   17.4300000000000       1.636355224841896E-002  0.904191691786321     
   17.4600000000000       1.635814621953204E-002  0.904076573826002     
   17.4900000000000       1.635261114661057E-002  0.903961702533895     
   17.5200000000000       1.634695257914128E-002  0.903847071530292     
   17.5500000000000       1.634118150698642E-002  0.903732665681311     
   17.5800000000000       1.633531397580229E-002  0.903618461601218     
   17.6100000000000       1.632937045582660E-002  0.903504428555278     
   17.6400000000000       1.632337499682228E-002  0.903390529717989     
   17.6700000000000       1.631735421919762E-002  0.903276723712919     
   17.7000000000000       1.631133620338195E-002  0.903162966339267     
   17.7300000000000       1.630534934486053E-002  0.903049212379441     
   17.7600000000000       1.629942124045247E-002  0.902935417382468     
   17.7900000000000       1.629357766322152E-002  0.902821539329033     
   17.8200000000000       1.628784167054965E-002  0.902707540102896     
   17.8500000000000       1.628223287460585E-002  0.902593386717024     
   17.8800000000000       1.627676688900722E-002  0.902479052267258     
   17.9100000000000       1.627145495186930E-002  0.902364516608496     
   17.9400000000000       1.626630371504496E-002  0.902249766765878     
   17.9700000000000       1.626131518280382E-002  0.902134797104957     
   18.0000000000000       1.625648678043953E-002  0.902019609290364     
   18.0300000000000       1.625181153370244E-002  0.901904212062719     
   18.0600000000000       1.624727834260442E-002  0.901788620859985     
   18.0900000000000       1.624287233702115E-002  0.901672857303641     
   18.1200000000000       1.623857530570210E-002  0.901556948563506     
   18.1500000000000       1.623436619403256E-002  0.901440926608979     
   18.1800000000000       1.623022166857713E-002  0.901324827349922     
   18.2100000000000       1.622611674761139E-002  0.901208689668072     
   18.2400000000000       1.622202549618390E-002  0.901092554340490     
   18.2700000000000       1.621792178155904E-002  0.900976462860231     
   18.3000000000000       1.621378008016832E-002  0.900860456166495     
   18.3300000000000       1.620957632068043E-002  0.900744573306475     
   18.3600000000000       1.620528873999717E-002  0.900628850063390     
   18.3900000000000       1.620089872072169E-002  0.900513317598471     
   18.4200000000000       1.619639157104526E-002  0.900398001167282     
   18.4500000000000       1.619175720241530E-002  0.900282918980599     
   18.4800000000000       1.618699065818897E-002  0.900168081284885     
   18.5100000000000       1.618209244897374E-002  0.900053489735071     
   18.5400000000000       1.617706865824009E-002  0.899939137121638     
   18.5700000000000       1.617193079501254E-002  0.899825007494578     
   18.6000000000000       1.616669538800227E-002  0.899711076700066     
   18.6300000000000       1.616138333550400E-002  0.899597313314409     
   18.6600000000000       1.615601904516503E-002  0.899483679927915     
   18.6900000000000       1.615062941458758E-002  0.899370134703301     
   18.7200000000000       1.614524271528970E-002  0.899256633112837     
   18.7500000000000       1.613988744734501E-002  0.899143129748507     
   18.7800000000000       1.613459122973341E-002  0.899029580100710     
   18.8100000000000       1.612937978290682E-002  0.898915942212596     
   18.8400000000000       1.612427604704516E-002  0.898802178136428     
   18.8700000000000       1.611929946417483E-002  0.898688255141965     
   18.9000000000000       1.611446543700679E-002  0.898574146651213     
   18.9300000000000       1.610978496394169E-002  0.898459832895794     
   18.9600000000000       1.610526443950450E-002  0.898345301310282     
   18.9900000000000       1.610090560311549E-002  0.898230546686147     
   19.0200000000000       1.609670561649613E-002  0.898115571116117     
   19.0500000000000       1.609265725053304E-002  0.898000383758896     
   19.0800000000000       1.608874916515236E-002  0.897885000450432     
   19.1100000000000       1.608496626968570E-002  0.897769443182067     
   19.1400000000000       1.608129015542343E-002  0.897653739459250     
   19.1700000000000       1.607769959579735E-002  0.897537921548477     
   19.2000000000000       1.607417111232338E-002  0.897422025615475     
   19.2300000000000       1.607067960561116E-002  0.897306090755433     
   19.2600000000000       1.606719905008350E-002  0.897190157916565     
   19.2900000000000       1.606370324836040E-002  0.897074268722093     
   19.3200000000000       1.606016663654796E-002  0.896958464202685     
   19.3500000000000       1.605656512516595E-002  0.896842783461422     
   19.3800000000000       1.605287695265880E-002  0.896727262305536     
   19.4100000000000       1.604908352018564E-002  0.896611931892467     
   19.4400000000000       1.604517016879523E-002  0.896496817450382     
   19.4700000000000       1.604112685450947E-002  0.896381937143102     
   19.5000000000000       1.603694867467196E-002  0.896267301154243     
   19.5300000000000       1.603263620138953E-002  0.896152911063064     
   19.5600000000000       1.602819558573666E-002  0.896038759573871     
   19.5900000000000       1.602363840955560E-002  0.895924830641479     
   19.6200000000000       1.601898127917401E-002  0.895811100008635     
   19.6500000000000       1.601424517525295E-002  0.895697536140078     
   19.6800000000000       1.600945459270724E-002  0.895584101506182     
   19.7100000000000       1.600463652146199E-002  0.895470754141053     
   19.7400000000000       1.599981933037394E-002  0.895357449379641     
   19.7700000000000       1.599503162147949E-002  0.895244141668371     
   19.8000000000000       1.599030111951226E-002  0.895130786345020     
   19.8300000000000       1.598565365319394E-002  0.895017341294943     
   19.8600000000000       1.598111227186378E-002  0.894903768409916     
   19.8900000000000       1.597669652578099E-002  0.894790034799369     
   19.9200000000000       1.597242192315268E-002  0.894676113728053     
   19.9500000000000       1.596829956351459E-002  0.894561985276061     
   19.9800000000000       1.596433593684628E-002  0.894447636734397     
   20.0100000000000       1.596053287135073E-002  0.894333062760617     
   20.0400000000000       1.595688761012097E-002  0.894218265324474     
   20.0700000000000       1.595339299735618E-002  0.894103253473734     
   20.1000000000000       1.595003775747017E-002  0.893988042946669     
   20.1300000000000       1.594680685435473E-002  0.893872655651917     
   20.1600000000000       1.594368192230180E-002  0.893757119029720     
   20.1900000000000       1.594064176389139E-002  0.893641465302407     
   20.2200000000000       1.593766291292424E-002  0.893525730617293     
   20.2500000000000       1.593472026175832E-002  0.893409954082707     
   20.2800000000000       1.593178775186843E-002  0.893294176698229     
   20.3100000000000       1.592883912389082E-002  0.893178440183747     
   20.3400000000000       1.592584871883104E-002  0.893062785718722     
   20.3700000000000       1.592279231571601E-002  0.892947252612880     
   20.4000000000000       1.591964798325311E-002  0.892831876941610     
   20.4300000000000       1.591639691481896E-002  0.892716690192588     
   20.4600000000000       1.591302420843959E-002  0.892601717982854     
   20.4900000000000       1.590951954767564E-002  0.892486978915593     
   20.5200000000000       1.590587773689778E-002  0.892372483651119     
   20.5500000000000       1.590209904657145E-002  0.892258234264771     
   20.5800000000000       1.589818933163329E-002  0.892144223954380     
   20.6100000000000       1.589415989884572E-002  0.892030437141208     
   20.6400000000000       1.589002711622709E-002  0.891916849982138     
   20.6700000000000       1.588581177741346E-002  0.891803431279924     
   20.7000000000000       1.588153825358383E-002  0.891690143746572     
   20.7300000000000       1.587723348263489E-002  0.891576945546536     
   20.7600000000000       1.587292585724052E-002  0.891463792025530     
   20.7900000000000       1.586864407873613E-002  0.891350637519978     
   20.8200000000000       1.586441604203127E-002  0.891237437142564     
   20.8500000000000       1.586026780873023E-002  0.891124148450056     
   20.8800000000000       1.585622271299451E-002  0.891010732918212     
   20.9100000000000       1.585230062958376E-002  0.890897157171831     
   20.9400000000000       1.584851741820278E-002  0.890783393942276     
   20.9700000000000       1.584488454468873E-002  0.890669422746887     
   21.0000000000000       1.584140886905648E-002  0.890555230302393     
   21.0300000000000       1.583809258365596E-002  0.890440810696227     
   21.0600000000000       1.583493328168604E-002  0.890326165345571     
   21.0900000000000       1.583192413650854E-002  0.890211302774558     
   21.1200000000000       1.582905417473199E-002  0.890096238236706     
   21.1500000000000       1.582630862989362E-002  0.889980993203945     
   21.1800000000000       1.582366936782936E-002  0.889865594736901     
   21.2100000000000       1.582111537871348E-002  0.889750074744881     
   21.2400000000000       1.581862333366106E-002  0.889634469139032     
   21.2700000000000       1.581616820525308E-002  0.889518816879472     
   21.3000000000000       1.581372395101700E-002  0.889403158917186     
   21.3300000000000       1.581126425657198E-002  0.889287537034632     
   21.3600000000000       1.580876333078853E-002  0.889171992595476     
   21.3900000000000       1.580619673910608E-002  0.889056565223293     
   21.4200000000000       1.580354225355639E-002  0.888941291440988     
   21.4500000000000       1.580078068981774E-002  0.888826203315833     
   21.4800000000000       1.579789669384314E-002  0.888711327167857     
   21.5100000000000       1.579487943457595E-002  0.888596682409778     
   21.5400000000000       1.579172315639644E-002  0.888482280592534     
   21.5700000000000       1.578842754650269E-002  0.888368124729614     
   21.6000000000000       1.578499787925858E-002  0.888254208964273     
   21.6300000000000       1.578144491174159E-002  0.888140518626016     
   21.6600000000000       1.577778452147979E-002  0.888027030697338     
   21.6900000000000       1.577403709691449E-002  0.887913714681214     
   21.7200000000000       1.577022671100070E-002  0.887800533827989     
   21.7500000000000       1.576638012582277E-002  0.887687446651421     
   21.7800000000000       1.576252568871373E-002  0.887574408641714     
   21.8100000000000       1.575869218647404E-002  0.887461374071423     
   21.8400000000000       1.575490772335611E-002  0.887348297789181     
   21.8700000000000       1.575119868114234E-002  0.887235136905853     
   21.9000000000000       1.574758880746793E-002  0.887121852295471     
   21.9300000000000       1.574409846365107E-002  0.887008409856202     
   21.9600000000000       1.574074404793084E-002  0.886894781500795     
   21.9900000000000       1.573753759614882E-002  0.886780945868523     
   22.0200000000000       1.573448655097500E-002  0.886666888768801     
   22.0500000000000       1.573159368353202E-002  0.886552603379358     
   22.0800000000000       1.572885714779997E-002  0.886438090228390     
   22.1100000000000       1.572627064800954E-002  0.886323356991408     
   22.1400000000000       1.572382370150970E-002  0.886208418130562     
   22.1700000000000       1.572150198333945E-002  0.886093294398694     
   22.2000000000000       1.571928774300209E-002  0.885978012223769     
   22.2300000000000       1.571716028793334E-002  0.885862602982898     
   22.2600000000000       1.571509653124843E-002  0.885747102170000     
   22.2900000000000       1.571307160305805E-002  0.885631548458071     
   22.3200000000000       1.571105952460234E-002  0.885515982656580     
   22.3500000000000       1.570903394243445E-002  0.885400446567215     
   22.3800000000000       1.570696891582832E-002  0.885284981747129     
   22.4100000000000       1.570483974463925E-002  0.885169628197875     
   22.4400000000000       1.570262381742367E-002  0.885054423009797     
   22.4700000000000       1.570030145144153E-002  0.884939399004655     
   22.5000000000000       1.569785668824421E-002  0.884824583432318     
   22.5300000000000       1.569527800217212E-002  0.884709996788239     
   22.5600000000000       1.569255887565269E-002  0.884595651825176     
   22.5900000000000       1.568969819601209E-002  0.884481552832860     
   22.6200000000000       1.568670043450730E-002  0.884367695251548     
   22.6500000000000       1.568357557968745E-002  0.884254065668975     
   22.6800000000000       1.568033881332530E-002  0.884140642225901     
   22.7100000000000       1.567700993640227E-002  0.884027395425544     
   22.7400000000000       1.567361257260029E-002  0.883914289310364     
   22.7700000000000       1.567017319472974E-002  0.883801282940030     
   22.8000000000000       1.566672003298436E-002  0.883688332081281     
   22.8300000000000       1.566328193106772E-002  0.883575391006785     
   22.8600000000000       1.565988721637523E-002  0.883462414297488     
   22.8900000000000       1.565656264399300E-002  0.883349358551064     
   22.9200000000000       1.565333246273932E-002  0.883236183915725     
   22.9500000000000       1.565021763688572E-002  0.883122855390961     
   22.9800000000000       1.564723524179295E-002  0.883009343860941     
   23.0100000000000       1.564439803750674E-002  0.882895626849267     
   23.0400000000000       1.564171421290007E-002  0.882781689002796     
   23.0700000000000       1.563918728509316E-002  0.882667522325772     
   23.1000000000000       1.563681613481632E-002  0.882553126193120     
   23.1300000000000       1.563459515771631E-002  0.882438507173783     
   23.1600000000000       1.563251451354783E-002  0.882323678692647     
   23.1900000000000       1.563056045876417E-002  0.882208660554414     
   23.2200000000000       1.562871575226933E-002  0.882093478346224     
   23.2500000000000       1.562696012819195E-002  0.881978162729272     
   23.2800000000000       1.562527083283609E-002  0.881862748624230     
   23.3100000000000       1.562362322494651E-002  0.881747274291732     
   23.3400000000000       1.562199143871799E-002  0.881631780308275     
   23.3700000000000       1.562034910732535E-002  0.881516308439985     
   23.4000000000000       1.561867014105743E-002  0.881400900422034     
   23.4300000000000       1.561692954851252E-002  0.881285596660022     
   23.4600000000000       1.561510428211613E-002  0.881170434880785     
   23.4900000000000       1.561317408111501E-002  0.881055448772988     
   23.5200000000000       1.561112227714980E-002  0.880940666670949     
   23.5500000000000       1.560893652075502E-002  0.880826110346673     
   23.5800000000000       1.560660938307107E-002  0.880711793982621     
   23.6100000000000       1.560413878702365E-002  0.880597723399384     
   23.6400000000000       1.560152822724182E-002  0.880483895606140     
   23.6700000000000       1.559878674842185E-002  0.880370298726924     
   23.7000000000000       1.559592866719919E-002  0.880256912332775     
   23.7300000000000       1.559297304140838E-002  0.880143708180693     
   23.7600000000000       1.558994291062416E-002  0.880030651328599     
   23.7900000000000       1.558686435039155E-002  0.879917701565193     
   23.8200000000000       1.558376539697507E-002  0.879804815069031     
   23.8500000000000       1.558067490783352E-002  0.879691946195703     
   23.8800000000000       1.557762142443899E-002  0.879579049287319     
   23.9100000000000       1.557463209875901E-002  0.879466080404804     
   23.9400000000000       1.557173173399420E-002  0.879352998898762     
   23.9700000000000       1.556894197598787E-002  0.879239768756179     
   24.0000000000000       1.556628067633022E-002  0.879126359684264     
   24.0300000000000       1.556376143365106E-002  0.879012747916146     
   24.0600000000000       1.556139330755294E-002  0.878898916742964     
   24.0900000000000       1.555918069107724E-002  0.878784856791581     
   24.1200000000000       1.555712332282919E-002  0.878670566075804     
   24.1500000000000       1.555521641862953E-002  0.878556049852041     
   24.1800000000000       1.555345090407522E-002  0.878441320308713     
   24.2100000000000       1.555181373273182E-002  0.878326396113959     
   24.2400000000000       1.555028827887144E-002  0.878211301839783     
   24.2700000000000       1.554885479786161E-002  0.878096067274103     
   24.3000000000000       1.554749095081212E-002  0.877980726626439     
   24.3300000000000       1.554617239236923E-002  0.877865317629007     
   24.3600000000000       1.554487342120299E-002  0.877749880533454     
   24.3900000000000       1.554356769148723E-002  0.877634457004977     
   24.4200000000000       1.554222898039041E-002  0.877519088920242     
   24.4500000000000       1.554083200134219E-002  0.877403817083392     
   24.4800000000000       1.553935324592307E-002  0.877288679885144     
   24.5100000000000       1.553777182923565E-002  0.877173711942593     
   24.5400000000000       1.553607030546701E-002  0.877058942770525     
   24.5700000000000       1.553423541322727E-002  0.876944395547057     
   24.6000000000000       1.553225870552968E-002  0.876830086044968     
   24.6300000000000       1.553013701833337E-002  0.876716021803046     
   24.6600000000000       1.552787273550348E-002  0.876602201607257     
   24.6900000000000       1.552547381738236E-002  0.876488615338417     
   24.7200000000000       1.552295357459650E-002  0.876375244221613     
   24.7500000000000       1.552033018698413E-002  0.876262061484584     
   24.7800000000000       1.551762598749179E-002  0.876149033400719     
   24.8100000000000       1.551486654991148E-002  0.876036120661414     
   24.8400000000000       1.551207963475666E-002  0.875923279996557     
   24.8700000000000       1.550929405728585E-002  0.875810465944341     
   24.9000000000000       1.550653854453066E-002  0.875697632664757     
   24.9300000000000       1.550384064418653E-002  0.875584735695217     
   24.9600000000000       1.550122573847558E-002  0.875471733560387     
   24.9900000000000       1.549871620245872E-002  0.875358589168794     
   25.0200000000000       1.549633073096778E-002  0.875245270952545     
   25.0500000000000       1.549408384348331E-002  0.875131753730252     
   25.0800000000000       1.549198556363506E-002  0.875018019294016     
   25.1100000000000       1.549004126067274E-002  0.874904056737123     
   25.1400000000000       1.548825163470426E-002  0.874789862549068     
   25.1700000000000       1.548661282555023E-002  0.874675440508647     
   25.2000000000000       1.548511662606884E-002  0.874560801405139     
   25.2300000000000       1.548375078384292E-002  0.874445962613344     
   25.2600000000000       1.548249937921227E-002  0.874330947542074     
   25.2900000000000       1.548134327189332E-002  0.874215784968956     
   25.3200000000000       1.548026061213337E-002  0.874100508268389     
   25.3500000000000       1.547922741493449E-002  0.873985154535059     
   25.3800000000000       1.547821819692354E-002  0.873869763603330     
   25.4100000000000       1.547720667463293E-002  0.873754376963615     
   25.4400000000000       1.547616652012514E-002  0.873639036580804     
   25.4700000000000       1.547507216505913E-002  0.873523783627017     
   25.5000000000000       1.547389963770666E-002  0.873408657151106     
   25.5300000000000       1.547262740960987E-002  0.873293692719568     
   25.5600000000000       1.547123722036754E-002  0.873178921076803     
   25.5900000000000       1.546971484157664E-002  0.873064366885035     
   25.6200000000000       1.546805073558775E-002  0.872950047613731     
   25.6500000000000       1.546624056284848E-002  0.872835972652743     
   25.6800000000000       1.546428549439755E-002  0.872722142720630     
   25.7100000000000       1.546219229420795E-002  0.872608549628428     
   25.7400000000000       1.545997314945450E-002  0.872495176439475     
   25.7700000000000       1.545764524434050E-002  0.872381998039084     
   25.8000000000000       1.545523009290875E-002  0.872268982096777     
   25.8300000000000       1.545275266571567E-002  0.872156090372401     
   25.8600000000000       1.545024036166452E-002  0.872043280290039     
   25.8900000000000       1.544772188739701E-002  0.871930506683973     
   25.9200000000000       1.544522611104406E-002  0.871817723611670     
   25.9500000000000       1.544278095459631E-002  0.871704886130476     
   25.9800000000000       1.544041238054790E-002  0.871591951946429     
   26.0100000000000       1.543814351552333E-002  0.871478882862813     
   26.0400000000000       1.543599393848220E-002  0.871365645979432     
   26.0700000000000       1.543397914599371E-002  0.871252214617565     
   26.1000000000000       1.543211019382001E-002  0.871138568967214     
   26.1300000000000       1.543039350391633E-002  0.871024696470255     
   26.1600000000000       1.542883081955111E-002  0.870910591964421     
   26.1900000000000       1.542741928853063E-002  0.870796257618416     
   26.2200000000000       1.542615165492294E-002  0.870681702688734     
   26.2500000000000       1.542501654234028E-002  0.870566943125177     
   26.2800000000000       1.542399881577505E-002  0.870452001046174     
   26.3100000000000       1.542308001327919E-002  0.870336904098309     
   26.3400000000000       1.542223884266715E-002  0.870221684708144     
   26.3700000000000       1.542145174131434E-002  0.870106379229586     
   26.4000000000000       1.542069349855592E-002  0.869991026987327     
   26.4300000000000       1.541993793983143E-002  0.869875669216984     
   26.4600000000000       1.541915866936704E-002  0.869760347905770     
   26.4900000000000       1.541832986380774E-002  0.869645104543993     
   26.5200000000000       1.541742710299733E-002  0.869529978807165     
   26.5500000000000       1.541642821651190E-002  0.869415007200372     
   26.5800000000000       1.541531411635106E-002  0.869300221709708     
   26.6100000000000       1.541406957844396E-002  0.869185648518327     
   26.6400000000000       1.541268392964559E-002  0.869071306855084     
   26.6700000000000       1.541115159408305E-002  0.868957208049484     
   26.7000000000000       1.540947245432113E-002  0.868843354865722     
   26.7300000000000       1.540765198967764E-002  0.868729741179464     
   26.7600000000000       1.540570116622138E-002  0.868616352043239     
   26.7900000000000       1.540363606970385E-002  0.868503164161008     
   26.8200000000000       1.540147729214780E-002  0.868390146762086     
   26.8500000000000       1.539924910258317E-002  0.868277262832895     
   26.8800000000000       1.539697844976800E-002  0.868164470636320     
   26.9100000000000       1.539469385723550E-002  0.868051725426726     
   26.9400000000000       1.539242427704330E-002  0.867938981256824     
   26.9700000000000       1.539019796764905E-002  0.867826192771732     
   27.0000000000000       1.538804145402983E-002  0.867713316895166     
   27.0300000000000       1.538597861605993E-002  0.867600314330375     
   27.0600000000000       1.538402993636647E-002  0.867487150821132     
   27.0900000000000       1.538221192360267E-002  0.867373798142232     
   27.1200000000000       1.538053671325846E-002  0.867260234811328     
   27.1500000000000       1.537901183718323E-002  0.867146446532219     
   27.1800000000000       1.537764014568944E-002  0.867032426392376     
   27.2100000000000       1.537641986254464E-002  0.866918174844260     
   27.2400000000000       1.537534475289400E-002  0.866803699501361     
   27.2700000000000       1.537440438637117E-002  0.866689014777104     
   27.3000000000000       1.537358448137501E-002  0.866574141389272     
   27.3300000000000       1.537286732077713E-002  0.866459105745982     
   27.3600000000000       1.537223223337660E-002  0.866343939222719     
   27.3900000000000       1.537165613859947E-002  0.866228677334670     
   27.4200000000000       1.537111415376468E-002  0.866113358805283     
   27.4500000000000       1.537058026333963E-002  0.865998024531381     
   27.4800000000000       1.537002804775087E-002  0.865882716447540     
   27.5100000000000       1.536943146542322E-002  0.865767476298157     
   27.5400000000000       1.536876567592311E-002  0.865652344334384     
   27.5700000000000       1.536800788476970E-002  0.865537357964525     
   27.6000000000000       1.536713818233863E-002  0.865422550399398     
   27.6300000000000       1.536614034131408E-002  0.865307949347223     
   27.6600000000000       1.536500253060499E-002  0.865193575823792     
   27.6900000000000       1.536371789992690E-002  0.865079443150718     
   27.7200000000000       1.536228498968173E-002  0.864965556215496     
   27.7500000000000       1.536070792630361E-002  0.864851911059997     
   27.7800000000000       1.535899637417142E-002  0.864738494848371     
   27.8100000000000       1.535716523092694E-002  0.864625286241666     
   27.8400000000000       1.535523407203444E-002  0.864512256177050     
   27.8700000000000       1.535322637035509E-002  0.864399369017755     
   27.9000000000000       1.535116853468374E-002  0.864286584010041     
   27.9300000000000       1.534908882506579E-002  0.864173856959766     
   27.9600000000000       1.534701621041905E-002  0.864061142026659     
   27.9900000000000       1.534497923472708E-002  0.863948393530881     
   28.0200000000000       1.534300495220959E-002  0.863835567673619     
   28.0500000000000       1.534111798077323E-002  0.863722624089435     
   28.0800000000000       1.533933970871167E-002  0.863609527169839     
   28.1100000000000       1.533768767427541E-002  0.863496247121692     
   28.1400000000000       1.533617512340489E-002  0.863382760747050     
   28.1700000000000       1.533481073917401E-002  0.863269051950577     
   28.2000000000000       1.533359852825522E-002  0.863155111994720     
   28.2300000000000       1.533253784525334E-002  0.863040939531096     
   28.2600000000000       1.533162353473862E-002  0.862926540439134     
   28.2900000000000       1.533084617249782E-002  0.862811927501133     
   28.3200000000000       1.533019239096086E-002  0.862697119937936     
   28.3500000000000       1.532964527798953E-002  0.862582142822936     
   28.3800000000000       1.532918484239268E-002  0.862467026385490     
   28.4100000000000       1.532878854298474E-002  0.862351805209107     
   28.4400000000000       1.532843188020856E-002  0.862236517325969     
   28.4700000000000       1.532808904990633E-002  0.862121203207934     
   28.5000000000000       1.532773365747309E-002  0.862005904655840     
   28.5300000000000       1.532733948724474E-002  0.861890663593768     
   28.5600000000000       1.532688131663029E-002  0.861775520782955     
   28.5900000000000       1.532633575751671E-002  0.861660514480843     
   28.6200000000000       1.532568209946346E-002  0.861545679083440     
   28.6500000000000       1.532490312108371E-002  0.861431043802324     
   28.6800000000000       1.532398582898101E-002  0.861316631439491     
   28.7100000000000       1.532292207905198E-002  0.861202457331558     
   28.7400000000000       1.532170903424097E-002  0.861088528537487     
   28.7700000000000       1.532034941702021E-002  0.860974843339027     
   28.8000000000000       1.531885152445600E-002  0.860861391109578     
   28.8300000000000       1.531722898835110E-002  0.860748152585419     
   28.8600000000000       1.531550028131673E-002  0.860635100544954     
   28.8900000000000       1.531368798956876E-002  0.860522200870132     
   28.9200000000000       1.531181789211229E-002  0.860409413933446     
   28.9500000000000       1.530991790114101E-002  0.860296696228342     
   28.9800000000000       1.530801692785931E-002  0.860184002143803     
   29.0100000000000       1.530614374044787E-002  0.860071285777585     
   29.0400000000000       1.530432587660884E-002  0.859958502687103     
   29.0700000000000       1.530258866318294E-002  0.859845611490996     
   29.1000000000000       1.530095438161187E-002  0.859732575255007     
   29.1300000000000       1.529944160272774E-002  0.859619362619617     
   29.1600000000000       1.529806469960100E-002  0.859505948650507     
   29.1900000000000       1.529683353466590E-002  0.859392315413448     
   29.2200000000000       1.529575330816594E-002  0.859278452290825     
   29.2500000000000       1.529482454954739E-002  0.859164356066698     
   29.2800000000000       1.529404323159115E-002  0.859050030811278     
   29.3100000000000       1.529340098815710E-002  0.858935487594823     
   29.3400000000000       1.529288541950061E-002  0.858820744056644     
   29.3700000000000       1.529248047323562E-002  0.858705823848662     
   29.4000000000000       1.529216689328194E-002  0.858590755966252     
   29.4300000000000       1.529192273283015E-002  0.858475573973055     
   29.4600000000000       1.529172392992628E-002  0.858360315122075     
   29.4900000000000       1.529154494529619E-002  0.858245019373295     
   29.5200000000000       1.529135946119206E-002  0.858129728308884     
   29.5500000000000       1.529114113718811E-002  0.858014483951082     
   29.5800000000000       1.529086441399775E-002  0.857899327495076     
   29.6100000000000       1.529050534978075E-002  0.857784297979335     
   29.6400000000000       1.529004246558978E-002  0.857669430928159     
   29.6700000000000       1.528945756840983E-002  0.857554757014425     
   29.7000000000000       1.528873651280670E-002  0.857440300802875     
   29.7300000000000       1.528786985687013E-002  0.857326079643759     
   29.7600000000000       1.528685336630077E-002  0.857212102790956     
   29.7900000000000       1.528568832333231E-002  0.857098370815832     
   29.8200000000000       1.528438160536510E-002  0.856984875376854     
   29.8500000000000       1.528294551159821E-002  0.856871599385222     
   29.8800000000000       1.528139733351689E-002  0.856758517579958     
   29.9100000000000       1.527975868486248E-002  0.856645597494847     
   29.9400000000000       1.527805462611721E-002  0.856532800768281     
   29.9700000000000       1.527631263488342E-002  0.856420084719747     
   30.0000000000000       1.527456148456055E-002  0.856307404097215     
   30.0300000000000       1.527283009805309E-002  0.856194712890441     
   30.0600000000000       1.527114644064847E-002  0.856081966107084     
   30.0900000000000       1.526953650757107E-002  0.855969121420251     
   30.1200000000000       1.526802344877575E-002  0.855856140615328     
   30.1500000000000       1.526662685845207E-002  0.855742990787284     
   30.1800000000000       1.526536224163990E-002  0.855629645263560     
   30.2100000000000       1.526424065713504E-002  0.855516084249249     
   30.2400000000000       1.526326852575376E-002  0.855402295208267     
   30.2700000000000       1.526244758662715E-002  0.855288273005466     
   30.3000000000000       1.526177498147443E-002  0.855174019840069     
   30.3300000000000       1.526124344720765E-002  0.855059545001049     
   30.3600000000000       1.526084159987893E-002  0.854944864471542     
   30.3900000000000       1.526055429691792E-002  0.854830000403451     
   30.4200000000000       1.526036306890978E-002  0.854714980476739     
   30.4500000000000       1.526024661606858E-002  0.854599837151522     
   30.4800000000000       1.526018136747342E-002  0.854484606816251     
   30.5100000000000       1.526014210259397E-002  0.854369328832461     
   30.5400000000000       1.526010263430536E-002  0.854254044476667     
   30.5700000000000       1.526003655027455E-002  0.854138795783075     
   30.6000000000000       1.525991800525833E-002  0.854023624297242     
   30.6300000000000       1.525972255067102E-002  0.853908569760197     
   30.6600000000000       1.525942798021301E-002  0.853793668754408     
   30.6900000000000       1.525901516215631E-002  0.853678953356055     
   30.7200000000000       1.525846882112346E-002  0.853564449850913     
   30.7500000000000       1.525777822617387E-002  0.853450177581533     
   30.7800000000000       1.525693773912790E-002  0.853336147999332     
   30.8100000000000       1.525594717857653E-002  0.853222363994373     
   30.8400000000000       1.525481196177739E-002  0.853108819566626     
   30.8700000000000       1.525354299873295E-002  0.852995499884973     
   30.9000000000000       1.525215632937491E-002  0.852882381754969     
   30.9300000000000       1.525067251419725E-002  0.852769434486169     
   30.9600000000000       1.524911580844352E-002  0.852656621118087     
   30.9900000000000       1.524751316735023E-002  0.852543899935134     
   31.0200000000000       1.524589314254865E-002  0.852431226179002     
   31.0500000000000       1.524428473589076E-002  0.852318553854902     
   31.0800000000000       1.524271627615337E-002  0.852205837527005     
   31.1100000000000       1.524121437689625E-002  0.852093034007805     
   31.1400000000000       1.523980302174682E-002  0.851980103863642     
   31.1700000000000       1.523850280864607E-002  0.851867012681218     
   31.2000000000000       1.523733036931996E-002  0.851753732064027     
   31.2300000000000       1.523629796638560E-002  0.851640240350082     
   31.2600000000000       1.523541325948348E-002  0.851526523060659     
   31.2900000000000       1.523467922442720E-002  0.851412573102644     
   31.3200000000000       1.523409420570214E-002  0.851298390753951     
   31.3500000000000       1.523365208229508E-002  0.851183983463026     
   31.3800000000000       1.523334252899117E-002  0.851069365490755     
   31.4100000000000       1.523315135896735E-002  0.850954557417649     
   31.4400000000000       1.523306093779783E-002  0.850839585532590     
   31.4700000000000       1.523305066306416E-002  0.850724481112845     
   31.5000000000000       1.523309750698916E-002  0.850609279599726     
   31.5300000000000       1.523317662139910E-002  0.850494019670880     
   31.5600000000000       1.523326200449435E-002  0.850378742209451     
   31.5900000000000       1.523332722713339E-002  0.850263489172642     
   31.6200000000000       1.523334621252621E-002  0.850148302367762     
   31.6500000000000       1.523329405750981E-002  0.850033222152486     
   31.6800000000000       1.523314787632095E-002  0.849918286087359     
   31.7100000000000       1.523288763966315E-002  0.849803527581465     
   31.7400000000000       1.523249697386948E-002  0.849688974585257     
   31.7700000000000       1.523196387834132E-002  0.849574648395803     
   31.8000000000000       1.523128131558636E-002  0.849460562647060     
   31.8300000000000       1.523044762841699E-002  0.849346722558892     
   31.8600000000000       1.522946674417786E-002  0.849233124511888     
   31.8900000000000       1.522834813657809E-002  0.849119755999717     
   31.9200000000000       1.522710653125200E-002  0.849006595987395     
   31.9500000000000       1.522576136005964E-002  0.848893615674665     
   31.9800000000000       1.522433598907005E-002  0.848780779631919     
   32.0100000000000       1.522285676345578E-002  0.848668047246176     
   32.0400000000000       1.522135192660743E-002  0.848555374390568     
   32.0700000000000       1.521985047876144E-002  0.848442715215910     
   32.1000000000000       1.521838104147277E-002  0.848330023958937     
   32.1300000000000       1.521697078867093E-002  0.848217256668501     
   32.1600000000000       1.521564449413710E-002  0.848104372766663     
   32.1900000000000       1.521442373101801E-002  0.847991336383170     
   32.2200000000000       1.521332624366037E-002  0.847878117425852     
   32.2500000000000       1.521236549765257E-002  0.847764692372609     
   32.2800000000000       1.521155040208138E-002  0.847651044790313     
   32.3100000000000       1.521088518960279E-002  0.847537165600343     
   32.3400000000000       1.521036943528633E-002  0.847423053118946     
   32.3700000000000       1.520999819402087E-002  0.847308712903500     
   32.4000000000000       1.520976223784426E-002  0.847194157434060     
   32.4300000000000       1.520964837793538E-002  0.847079405654709     
   32.4600000000000       1.520963986022033E-002  0.846964482392807     
   32.4900000000000       1.520971682774821E-002  0.846849417667551     
   32.5200000000000       1.520985684650244E-002  0.846734245893475     
   32.5500000000000       1.521003549360159E-002  0.846619004980571     
   32.5800000000000       1.521022700751031E-002  0.846503735331153     
   32.6100000000000       1.521040499864733E-002  0.846388478735096     
   32.6400000000000       1.521054321551609E-002  0.846273277169659     
   32.6700000000000       1.521061635625073E-002  0.846158171518045     
   32.7000000000000       1.521060090857420E-002  0.846043200231428     
   32.7300000000000       1.521047599319548E-002  0.845928397971806     
   32.7600000000000       1.521022417753146E-002  0.845813794286236     
   32.7900000000000       1.520983221951258E-002  0.845699412374941     
   32.8200000000000       1.520929169649069E-002  0.845585268024437     
   32.8500000000000       1.520859947328274E-002  0.845471368779798     
   32.8800000000000       1.520775796725849E-002  0.845357713425757     
   32.9100000000000       1.520677517764293E-002  0.845244291833324     
   32.9400000000000       1.520566446055302E-002  0.845131085207340     
   32.9700000000000       1.520444404947111E-002  0.845018066742408     
   33.0000000000000       1.520313634076154E-002  0.844905202663242     
   33.0300000000000       1.520176698283318E-002  0.844792453594619     
   33.0600000000000       1.520036382298756E-002  0.844679776180082     
   33.0900000000000       1.519895577575390E-002  0.844567124850978     
   33.1200000000000       1.519757167944357E-002  0.844454453640398     
   33.1500000000000       1.519623920376223E-002  0.844341717940530     
   33.1800000000000       1.519498386167800E-002  0.844228876115414     
   33.2100000000000       1.519382816520372E-002  0.844115890901378     
   33.2400000000000       1.519279094950816E-002  0.844002730551149     
   33.2700000000000       1.519188687494305E-002  0.843889369701306     
   33.3000000000000       1.519112610389186E-002  0.843775789963538     
   33.3300000000000       1.519051413994310E-002  0.843661980256128     
   33.3600000000000       1.519005181123731E-002  0.843547936902116     
   33.3900000000000       1.518973537778339E-002  0.843433663524976     
   33.4200000000000       1.518955674345760E-002  0.843319170772003     
   33.4500000000000       1.518950375638413E-002  0.843204475891490     
   33.4800000000000       1.518956058547273E-002  0.843089602183606     
   33.5100000000000       1.518970816517028E-002  0.842974578338150     
   33.5400000000000       1.518992470424089E-002  0.842859437666248     
   33.5700000000000       1.519018625705435E-002  0.842744217228508     
   33.6000000000000       1.519046735700312E-002  0.842628956859928     
   33.6300000000000       1.519074171097186E-002  0.842513698092421     
   33.6600000000000       1.519098295107637E-002  0.842398482979641     
   33.6900000000000       1.519116543517413E-002  0.842283352835749     
   33.7200000000000       1.519126508116000E-002  0.842168346909770     
   33.7500000000000       1.519126021230681E-002  0.842053501029302     
   33.7800000000000       1.519113238270987E-002  0.841938846260587     
   33.8100000000000       1.519086714436172E-002  0.841824407644416     
   33.8400000000000       1.519045471185284E-002  0.841710203077118     
   33.8700000000000       1.518989047856177E-002  0.841596242410596     
   33.9000000000000       1.518917534066690E-002  0.841482526843145     
   33.9300000000000       1.518831579309876E-002  0.841369048662107     
   33.9600000000000       1.518732377459867E-002  0.841255791380347     
   33.9900000000000       1.518621625636437E-002  0.841142730282077     
   34.0200000000000       1.518501458844349E-002  0.841029833362782     
   34.0500000000000       1.518374363754996E-002  0.840917062616489     
   34.0800000000000       1.518243076662396E-002  0.840804375595952     
   34.1100000000000       1.518110471792290E-002  0.840691727151117     
   34.1400000000000       1.517979446627102E-002  0.840579071241261     
   34.1700000000000       1.517852810699416E-002  0.840466362717198     
   34.2000000000000       1.517733183483486E-002  0.840353558981092     
   34.2300000000000       1.517622905745561E-002  0.840240621450123     
   34.2600000000000       1.517523967214044E-002  0.840127516773419     
   34.2900000000000       1.517437951917342E-002  0.840014217775636     
   34.3200000000000       1.517366001196672E-002  0.839900704122416     
   34.3500000000000       1.517308793364139E-002  0.839786962720329     
   34.3800000000000       1.517266538307689E-002  0.839672987875632     
   34.4100000000000       1.517238985045555E-002  0.839558781242004     
   34.4400000000000       1.517225440251658E-002  0.839444351588052     
   34.4700000000000       1.517224796025202E-002  0.839329714412075     
   34.5000000000000       1.517235565564996E-002  0.839214891425768     
   34.5300000000000       1.517255925839572E-002  0.839099909921898     
   34.5600000000000       1.517283766740544E-002  0.838984802034554     
   34.5900000000000       1.517316746507955E-002  0.838869603895527     
   34.6200000000000       1.517352353375760E-002  0.838754354687460     
   34.6500000000000       1.517387973368641E-002  0.838639095594170     
   34.6800000000000       1.517420963966505E-002  0.838523868651449     
   34.7100000000000       1.517448732935352E-002  0.838408715507763     
   34.7400000000000       1.517468821019070E-002  0.838293676113492     
   34.7700000000000       1.517478986439268E-002  0.838178787368997     
   34.8000000000000       1.517477288332496E-002  0.838064081774874     
   34.8300000000000       1.517462165470168E-002  0.837949586140628     
   34.8600000000000       1.517432505984546E-002  0.837835320418733     
   34.8900000000000       1.517387703504569E-002  0.837721296737387     
   34.9200000000000       1.517327695216370E-002  0.837607518705060     
   34.9500000000000       1.517252977993121E-002  0.837493981051706     
   34.9800000000000       1.517164599905121E-002  0.837380669654635     
   35.0100000000000       1.517064126050889E-002  0.837267561972402     
   35.0400000000000       1.516953579576308E-002  0.837154627880139     
   35.0700000000000       1.516835360731883E-002  0.837041830868023     
   35.1000000000000       1.516712148586815E-002  0.836929129535421     
   35.1300000000000       1.516586791325842E-002  0.836816479290703     
   35.1600000000000       1.516462191728505E-002  0.836703834153737     
   35.1900000000000       1.516341194407021E-002  0.836591148556149     
   35.2200000000000       1.516226480710227E-002  0.836478379042919     
   35.2500000000000       1.516120476034435E-002  0.836365485795876     
   35.2800000000000       1.516025272823465E-002  0.836252433921916     
   35.3100000000000       1.515942571010396E-002  0.836139194472848     
   35.3400000000000       1.515873636250104E-002  0.836025745186482     
   35.3700000000000       1.515819275162149E-002  0.835912070957322     
   35.4000000000000       1.515779826031192E-002  0.835798164058578     
   35.4300000000000       1.515755163014855E-002  0.835684024144620     
   35.4600000000000       1.515744711847924E-002  0.835569658064953     
   35.4900000000000       1.515747475229234E-002  0.835455079518414     
   35.5200000000000       1.515762066437222E-002  0.835340308571028     
   35.5500000000000       1.515786750147315E-002  0.835225371054407     
   35.5800000000000       1.515819489836823E-002  0.835110297854945     
   35.6100000000000       1.515858001495706E-002  0.834995124098603     
   35.6400000000000       1.515899813563987E-002  0.834879888232445     
   35.6700000000000       1.515942333050895E-002  0.834764631003109     
   35.7000000000000       1.515982917631750E-002  0.834649394334391     
   35.7300000000000       1.516018953156119E-002  0.834534220111358     
   35.7600000000000       1.516047935444925E-002  0.834419148886808     
   35.7900000000000       1.516067554540222E-002  0.834304218536969     
   35.8200000000000       1.516075778763908E-002  0.834189462906122     
   35.8500000000000       1.516070935136324E-002  0.834074910492980     
   35.8800000000000       1.516051782025409E-002  0.833960583243154     
   35.9100000000000       1.516017569480395E-002  0.833846495519841     
   35.9400000000000       1.515968082685483E-002  0.833732653326635     
   35.9700000000000       1.515903664450697E-002  0.833619053850459     
   36.0000000000000       1.515825213678786E-002  0.833505685378088     
   36.0300000000000       1.515734158262067E-002  0.833392527617068     
   36.0600000000000       1.515632402729113E-002  0.833279552423037     
   36.0900000000000       1.515522252955155E-002  0.833166724903818     
   36.1200000000000       1.515406322104278E-002  0.833054004840347     
   36.1500000000000       1.515287423426915E-002  0.832941348339783     
   36.1800000000000       1.515168456395535E-002  0.832828709620330     
   36.2100000000000       1.515052292829476E-002  0.832716042822267     
   36.2400000000000       1.514941669157698E-002  0.832603303745504     
   36.2700000000000       1.514839089919893E-002  0.832490451428834     
   36.3000000000000       1.514746746206235E-002  0.832377449507287     
   36.3300000000000       1.514666451204657E-002  0.832264267307834     
   36.3600000000000       1.514599593569218E-002  0.832150880667131     
   36.3900000000000       1.514547108106977E-002  0.832037272474981     
   36.4200000000000       1.514509462405574E-002  0.831923432962136     
   36.4500000000000       1.514486657524693E-002  0.831809359760108     
   36.4800000000000       1.514478240727435E-002  0.831695057764028     
   36.5100000000000       1.514483328362909E-002  0.831580538828241     
   36.5400000000000       1.514500637336151E-002  0.831465821319744     
   36.5700000000000       1.514528524018858E-002  0.831350929548209     
   36.6000000000000       1.514565029878276E-002  0.831235893084601     
   36.6300000000000       1.514607933461919E-002  0.831120745974539     
   36.6600000000000       1.514654808618520E-002  0.831005525848321     
   36.6900000000000       1.514703088919396E-002  0.830890272927790     
   36.7200000000000       1.514750138140573E-002  0.830775028931340     
   36.7500000000000       1.514793326359618E-002  0.830659835882699     
   36.7800000000000       1.514830110716408E-002  0.830544734836706     
   36.8100000000000       1.514858119211617E-002  0.830429764545664     
   36.8400000000000       1.514875235126854E-002  0.830314960102340     
   36.8700000000000       1.514879678833277E-002  0.830200351608863     
   36.9000000000000       1.514870083027145E-002  0.830085962932957     
   36.9300000000000       1.514845556927201E-002  0.829971810621996     
   36.9600000000000       1.514805734828108E-002  0.829857903048986     
   36.9900000000000       1.514750804740407E-002  0.829744239860973     
   37.0200000000000       1.514681513720666E-002  0.829630811788176     
   37.0500000000000       1.514599147884270E-002  0.829517600851687     
   37.0800000000000       1.514505486881636E-002  0.829404580980113     
   37.1100000000000       1.514402734602911E-002  0.829291719014331     
   37.1400000000000       1.514293429796259E-002  0.829178976048429     
   37.1700000000000       1.514180341873686E-002  0.829066309028212     
   37.2000000000000       1.514066358216733E-002  0.828953672510172     
   37.2300000000000       1.513954369656407E-002  0.828841020475682     
   37.2600000000000       1.513847160476218E-002  0.828728308098121     
   37.2900000000000       1.513747308372728E-002  0.828615493373233     
   37.3200000000000       1.513657098483396E-002  0.828502538542824     
   37.3500000000000       1.513578454074597E-002  0.828389411265390     
   37.3800000000000       1.513512884987655E-002  0.828276085511102     
   37.4100000000000       1.513461453645666E-002  0.828162542179753     
   37.4400000000000       1.513424757447951E-002  0.828048769456745     
   37.4700000000000       1.513402925776077E-002  0.827934762932865     
   37.5000000000000       1.513395629596277E-002  0.827820525518484     
   37.5300000000000       1.513402101708863E-002  0.827706067182628     
   37.5600000000000       1.513421165977498E-002  0.827591404543562     
   37.5900000000000       1.513451274272189E-002  0.827476560331447     
   37.6200000000000       1.513490550289665E-002  0.827361562736935     
   37.6500000000000       1.513536839798794E-002  0.827246444653323     
   37.6800000000000       1.513587767138634E-002  0.827131242815146     
   37.7100000000000       1.513640797927993E-002  0.827015996833596     
   37.7400000000000       1.513693307895631E-002  0.826900748129432     
   37.7700000000000       1.513742657490506E-002  0.826785538767496     
   37.8000000000000       1.513786271479991E-002  0.826670410203637     
   37.8300000000000       1.513821722111553E-002  0.826555401964512     
   37.8600000000000       1.513846813647860E-002  0.826440550292710     
   37.8900000000000       1.513859665265196E-002  0.826325886802847     
   37.9200000000000       1.513858788539174E-002  0.826211437206878     
   37.9500000000000       1.513843155161688E-002  0.826097220177070     
   37.9800000000000       1.513812250278775E-002  0.825983246420390     
   38.0100000000000       1.513766107034339E-002  0.825869518036609     
   38.0400000000000       1.513705318627246E-002  0.825756028222701     
   38.0700000000000       1.513631025442712E-002  0.825642761367792     
   38.1000000000000       1.513544876513504E-002  0.825529693557213     
   38.1300000000000       1.513448966520772E-002  0.825416793473628     
   38.1600000000000       1.513345751509664E-002  0.825304023651667     
   38.1900000000000       1.513237948200335E-002  0.825191342014175     
   38.2200000000000       1.513128422983197E-002  0.825078703597104     
   38.2500000000000       1.513020077242773E-002  0.824966062358981     
   38.2800000000000       1.512915735514140E-002  0.824853372970753     
   38.3100000000000       1.512818042209492E-002  0.824740592492014     
   38.3400000000000       1.512729371420592E-002  0.824627681857674     
   38.3700000000000       1.512651752816922E-002  0.824514607121991     
   38.4000000000000       1.512586815138531E-002  0.824401340430942     
   38.4300000000000       1.512535747417298E-002  0.824287860716060     
   38.4600000000000       1.512499276987782E-002  0.824174154120804     
   38.4900000000000       1.512477662640853E-002  0.824060214182855     
   38.5200000000000       1.512470700937375E-002  0.823946041802156     
   38.5500000000000       1.512477743688440E-002  0.823831645025646     
   38.5800000000000       1.512497724840555E-002  0.823717038676664     
   38.6100000000000       1.512529195381855E-002  0.823602243851391     
   38.6400000000000       1.512570365315457E-002  0.823487287298073     
   38.6700000000000       1.512619152149201E-002  0.823372200688244     
   38.7000000000000       1.512673235664976E-002  0.823257019783961     
   38.7300000000000       1.512730118907090E-002  0.823141783501870     
   38.7600000000000       1.512787195332232E-002  0.823026532874370     
   38.7900000000000       1.512841821870362E-002  0.822911309910737     
   38.8200000000000       1.512891397249438E-002  0.822796156366790     
   38.8500000000000       1.512933444351138E-002  0.822681112440646     
   38.8800000000000       1.512965694629621E-002  0.822566215423498     
   38.9100000000000       1.512986171810851E-002  0.822451498347353     
   38.9400000000000       1.512993271296550E-002  0.822336988684661     
   38.9700000000000       1.512985831051201E-002  0.822222707165797     
   39.0000000000000       1.512963189392118E-002  0.822108666787307     
   39.0300000000000       1.512925225162708E-002  0.821994872084390     
   39.0600000000000       1.512872376341088E-002  0.821881318733757     
   39.0900000000000       1.512805634247089E-002  0.821767993537060     
   39.1200000000000       1.512726512097140E-002  0.821654874811163     
   39.1500000000000       1.512636988561461E-002  0.821541933182051     
   39.1800000000000       1.512539428967391E-002  0.821429132747376     
   39.2100000000000       1.512436488596547E-002  0.821316432543075     
   39.2400000000000       1.512331003889673E-002  0.821203788226042     
   39.2700000000000       1.512225878119250E-002  0.821091153870745     
   39.3000000000000       1.512123968140438E-002  0.820978483774565     
   39.3300000000000       1.512027978225567E-002  0.820865734174091     
   39.3600000000000       1.511940365865072E-002  0.820752864790801     
   39.3900000000000       1.511863262980072E-002  0.820639840146440     
   39.4200000000000       1.511798414459820E-002  0.820526630612430     
   39.4500000000000       1.511747134512450E-002  0.820413213180653     
   39.4800000000000       1.511710280153421E-002  0.820299571962197     
   39.5100000000000       1.511688240343494E-002  0.820185698434634     
   39.5400000000000       1.511680938851344E-002  0.820071591466439     
   39.5700000000000       1.511687848821894E-002  0.819957257149653     
   39.6000000000000       1.511708017205455E-002  0.819842708469916     
   39.6300000000000       1.511740097549653E-002  0.819727964837988     
   39.6600000000000       1.511782390080247E-002  0.819613051500354     
   39.6900000000000       1.511832888414603E-002  0.819497998839867     
   39.7200000000000       1.511889332595719E-002  0.819382841571723     
   39.7500000000000       1.511949268353329E-002  0.819267617836224     
   39.7800000000000       1.512010112552840E-002  0.819152368188448     
   39.8100000000000       1.512069224655671E-002  0.819037134486652     
   39.8400000000000       1.512123983674305E-002  0.818921958686069     
   39.8700000000000       1.512171869569451E-002  0.818806881552861     
   39.9000000000000       1.512210547337511E-002  0.818691941323788     
   39.9300000000000       1.512237951235279E-002  0.818577172349840     
   39.9600000000000       1.512252365777760E-002  0.818462603775240     
   39.9900000000000       1.512252499444395E-002  0.818348258315043     
