  3.000000000000000E-002  3.176889524230620E-003  0.999911667241984     
  6.000000000000000E-002  3.246814167096008E-003  0.999776790806058     
  9.000000000000000E-002  3.318236920325449E-003  0.999639010086441     
  0.120000000000000       3.391187745472975E-003  0.999498266215279     
  0.150000000000000       3.465697083111090E-003  0.999354499336192     
  0.180000000000000       3.541795852782276E-003  0.999207648600563     
  0.210000000000000       3.619515452295489E-003  0.999057652164864     
  0.240000000000000       3.698887756310213E-003  0.998904447189093     
  0.270000000000000       3.779945114144111E-003  0.998747969836450     
  0.300000000000000       3.862720346736871E-003  0.998588155274351     
  0.330000000000000       3.947246742696504E-003  0.998424937676901     
  0.360000000000000       4.033558053349381E-003  0.998258250228964     
  0.390000000000000       4.121688486707734E-003  0.998088025131972     
  0.420000000000000       4.211672700262828E-003  0.997914193611616     
  0.450000000000000       4.303545792503785E-003  0.997736685927597     
  0.480000000000000       4.397343293053850E-003  0.997555431385610     
  0.510000000000000       4.493101151307691E-003  0.997370358351756     
  0.540000000000000       4.590855723443285E-003  0.997181394269595     
  0.570000000000000       4.690643757671202E-003  0.996988465680053     
  0.600000000000000       4.792502377574104E-003  0.996791498244455     
  0.630000000000000       4.896469063374905E-003  0.996590416770924     
  0.660000000000000       5.002581630960167E-003  0.996385145244448     
  0.690000000000000       5.110878208469941E-003  0.996175606860932     
  0.720000000000000       5.221397210248961E-003  0.995961724065558     
  0.750000000000000       5.334177307936830E-003  0.995743418595848     
  0.780000000000000       5.449257398455415E-003  0.995520611529804     
  0.810000000000000       5.566676568630708E-003  0.995293223339578     
  0.840000000000000       5.686474056162585E-003  0.995061173951142     
  0.870000000000000       5.808689206632225E-003  0.994824382810475     
  0.900000000000000       5.933361426206729E-003  0.994582768956820     
  0.930000000000000       6.060530129672075E-003  0.994336251103641     
  0.960000000000000       6.190234683391044E-003  0.994084747727933     
  0.990000000000000       6.322514342744995E-003  0.993828177168613     
   1.02000000000000       6.457408183579819E-003  0.993566457734803     
   1.05000000000000       6.594955027129351E-003  0.993299507824858     
   1.08000000000000       6.735193357841540E-003  0.993027246057099     
   1.11000000000000       6.878161233477853E-003  0.992749591413285     
   1.14000000000000       7.023896186796368E-003  0.992466463395972     
   1.17000000000000       7.172435118061749E-003  0.992177782200995     
   1.20000000000000       7.323814177554210E-003  0.991883468906455     
   1.23000000000000       7.478068637165147E-003  0.991583445679698     
   1.26000000000000       7.635232750086674E-003  0.991277636003950     
   1.29000000000000       7.795339597472792E-003  0.990965964926401     
   1.32000000000000       7.958420920902255E-003  0.990648359329754     
   1.35000000000000       8.124506939272910E-003  0.990324748229398     
   1.38000000000000       8.293626148691400E-003  0.989995063098646     
   1.41000000000000       8.465805103722815E-003  0.989659238224669     
   1.44000000000000       8.641068178234306E-003  0.989317211098058     
   1.47000000000000       8.819437303880837E-003  0.988968922839249     
   1.50000000000000       9.000931684035708E-003  0.988614318665325     
   1.53000000000000       9.185567480825418E-003  0.988253348401155     
   1.56000000000000       9.373357472608352E-003  0.987885967039142     
   1.59000000000000       9.564310679009270E-003  0.987512135352363     
   1.62000000000000       9.758431950290266E-003  0.987131820566323     
   1.65000000000000       9.955721517713850E-003  0.986744997095089     
   1.68000000000000       1.015617450059197E-002  0.986351647348148     
   1.71000000000000       1.035978036623405E-002  0.985951762614959     
   1.74000000000000       1.056652233822004E-002  0.985545344034818     
   1.77000000000000       1.077637674696408E-002  0.985132403660401     
   1.80000000000000       1.098931231837204E-002  0.984712965624101     
   1.83000000000000       1.120528939352200E-002  0.984287067417044     
   1.86000000000000       1.142425907327410E-002  0.983854761291479     
   1.89000000000000       1.164616228062273E-002  0.983416115798062     
   1.92000000000000       1.187092873394947E-002  0.982971217470239     
   1.95000000000000       1.209847582251344E-002  0.982520172668631     
   1.98000000000000       1.232870737644559E-002  0.982063109598819     
   2.01000000000000       1.256151232404145E-002  0.981600180516126     
   2.04000000000000       1.279676322677975E-002  0.981131564130815     
   2.07000000000000       1.303431468729067E-002  0.980657468226423     
   2.10000000000000       1.327400162090330E-002  0.980178132502330     
   2.13000000000000       1.351563738958085E-002  0.979693831649026     
   2.16000000000000       1.375901179603786E-002  0.979204878660225     
   2.19000000000000       1.400388894021171E-002  0.978711628379683     
   2.22000000000000       1.425000495066637E-002  0.978214481271359     
   2.25000000000000       1.449706560472114E-002  0.977713887388841     
   2.28000000000000       1.474474386965774E-002  0.977210350502382     
   2.31000000000000       1.499267740978749E-002  0.976704432318316     
   2.34000000000000       1.524046612251853E-002  0.976196756694582     
   2.37000000000000       1.548766979630777E-002  0.975688013715894     
   2.40000000000000       1.573380601114832E-002  0.975178963441097     
   2.43000000000000       1.597834844383637E-002  0.974670439072408     
   2.46000000000000       1.622072579251834E-002  0.974163349220560     
   2.49000000000000       1.646032158009652E-002  0.973658678852817     
   2.52000000000000       1.669647516229552E-002  0.973157488415980     
   2.55000000000000       1.692848431732895E-002  0.972660910531662     
   2.58000000000000       1.715560985148514E-002  0.972170143580383     
   2.61000000000000       1.737708265893565E-002  0.971686441446074     
   2.64000000000000       1.759211366907947E-002  0.971211098714237     
   2.67000000000000       1.779990700689515E-002  0.970745430743366     
   2.70000000000000       1.799967650402620E-002  0.970290748301818     
   2.73000000000000       1.819066540751573E-002  0.969848326914389     
   2.76000000000000       1.837216869180219E-002  0.969419371702638     
   2.79000000000000       1.854355689798404E-002  0.969004979292207     
   2.82000000000000       1.870429989110689E-002  0.968606099195608     
   2.85000000000000       1.885398853114060E-002  0.968223497788806     
   2.88000000000000       1.899235204439535E-002  0.967857728371297     
   2.91000000000000       1.911926910287282E-002  0.967509110637845     
   2.94000000000000       1.923477114268431E-002  0.967177722100536     
   2.97000000000000       1.933903738471031E-002  0.966863402654949     
   3.00000000000000       1.943238205527611E-002  0.966565771833719     
   3.03000000000000       1.951523527794402E-002  0.966284256698196     
   3.06000000000000       1.958811978547591E-002  0.966018127143575     
   3.09000000000000       1.965162584451702E-002  0.965766534861564     
   3.12000000000000       1.970638662589221E-002  0.965528552352640     
   3.15000000000000       1.975305569373601E-002  0.965303209079081     
   3.18000000000000       1.979228805126591E-002  0.965089522675594     
   3.21000000000000       1.982472454203067E-002  0.964886524324536     
   3.24000000000000       1.985098094528679E-002  0.964693277964748     
   3.27000000000000       1.987163986541023E-002  0.964508893729829     
   3.30000000000000       1.988724590504797E-002  0.964332536513255     
   3.33000000000000       1.989830372635992E-002  0.964163430652924     
   3.36000000000000       1.990527466073386E-002  0.964000864690675     
   3.39000000000000       1.990857757924961E-002  0.963844191743451     
   3.42000000000000       1.990859232399699E-002  0.963692824772490     
   3.45000000000000       1.990566232137247E-002  0.963546232678480     
   3.48000000000000       1.990009732935989E-002  0.963403936133729     
   3.51000000000000       1.989217608700676E-002  0.963265503368976     
   3.54000000000000       1.988214935346150E-002  0.963130545850704     
   3.57000000000000       1.987024262489234E-002  0.962998714147336     
   3.60000000000000       1.985665877321518E-002  0.962869693844614     
   3.63000000000000       1.984158029341265E-002  0.962743201990536     
   3.66000000000000       1.982517149689920E-002  0.962618983686140     
   3.69000000000000       1.980758051871626E-002  0.962496809071688     
   3.72000000000000       1.978894106861293E-002  0.962376470599776     
   3.75000000000000       1.976937401940694E-002  0.962257780552264     
   3.78000000000000       1.974898880200780E-002  0.962140568869628     
   3.81000000000000       1.972788462963289E-002  0.962024681237570     
   3.84000000000000       1.970615159147062E-002  0.961909977379820     
   3.87000000000000       1.968387162641535E-002  0.961796329553781     
   3.90000000000000       1.966111937788929E-002  0.961683621226882     
   3.93000000000000       1.963796294546328E-002  0.961571745910967     
   3.96000000000000       1.961446454465167E-002  0.961460606137402     
   3.99000000000000       1.959068108753328E-002  0.961350112556083     
   4.02000000000000       1.956666469415132E-002  0.961240183143352     
   4.05000000000000       1.954246314274681E-002  0.961130742505839     
   4.08000000000000       1.951812026614127E-002  0.961021721268688     
   4.11000000000000       1.949367630069231E-002  0.960913055537945     
   4.14000000000000       1.946916819357770E-002  0.960804686428081     
   4.17000000000000       1.944462987347089E-002  0.960696559646821     
   4.20000000000000       1.942009248888883E-002  0.960588625130377     
   4.23000000000000       1.939558461817076E-002  0.960480836723154     
   4.26000000000000       1.937113245419153E-002  0.960373151896794     
   4.29000000000000       1.934675996672679E-002  0.960265531504227     
   4.32000000000000       1.932248904482527E-002  0.960157939564964     
   4.35000000000000       1.929833962140446E-002  0.960050343078164     
   4.38000000000000       1.927432978235902E-002  0.959942711860002     
   4.41000000000000       1.925047586186686E-002  0.959835018402265     
   4.44000000000000       1.922679252487746E-002  0.959727237750338     
   4.47000000000000       1.920329283730189E-002  0.959619347399894     
   4.50000000000000       1.917998832579144E-002  0.959511327210489     
   4.53000000000000       1.915688902988261E-002  0.959403159332402     
   4.56000000000000       1.913400354732124E-002  0.959294828145074     
   4.59000000000000       1.911133907038650E-002  0.959186320209376     
   4.62000000000000       1.908890141368403E-002  0.959077624232839     
   4.65000000000000       1.906669503627835E-002  0.958968731043344     
   4.68000000000000       1.904472305774685E-002  0.958859633572362     
   4.71000000000000       1.902298726821154E-002  0.958750326848259     
   4.74000000000000       1.900148813621831E-002  0.958640807991724     
   4.77000000000000       1.898022481254481E-002  0.958531076213221     
   4.80000000000000       1.895919513150661E-002  0.958421132817688     
   4.83000000000000       1.893839561888363E-002  0.958310981207191     
   4.86000000000000       1.891782150185372E-002  0.958200626881369     
   4.89000000000000       1.889746671406117E-002  0.958090077441222     
   4.92000000000000       1.887732390483460E-002  0.957979342584847     
   4.95000000000000       1.885738445416001E-002  0.957868434094574     
   4.98000000000000       1.883763849817521E-002  0.957757365807298     
   5.01000000000000       1.881807496694642E-002  0.957646153557810     
   5.04000000000000       1.879868163701794E-002  0.957534815103993     
   5.07000000000000       1.877944521286078E-002  0.957423370021735     
   5.10000000000000       1.876035142412096E-002  0.957311839571835     
   5.13000000000000       1.874138513352673E-002  0.957200246541229     
   5.16000000000000       1.872253046645359E-002  0.957088615047049     
   5.19000000000000       1.870377096270482E-002  0.956976970304896     
   5.22000000000000       1.868508975087512E-002  0.956865338350557     
   5.25000000000000       1.866646973997305E-002  0.956753745733600     
   5.28000000000000       1.864789383837483E-002  0.956642219187466     
   5.31000000000000       1.862934517557534E-002  0.956530785289598     
   5.34000000000000       1.861080730874201E-002  0.956419470129561     
   5.37000000000000       1.859226441996791E-002  0.956308298985934     
   5.40000000000000       1.857370149955792E-002  0.956197296020947     
   5.43000000000000       1.855510450745360E-002  0.956086483994481     
   5.46000000000000       1.853646051302989E-002  0.955975884025497     
   5.49000000000000       1.851775781714031E-002  0.955865515401858     
   5.52000000000000       1.849898602152244E-002  0.955755395458160     
   5.55000000000000       1.848013605400668E-002  0.955645539512829     
   5.58000000000000       1.846120016294507E-002  0.955535960854827     
   5.61000000000000       1.844217188632856E-002  0.955426670759616     
   5.64000000000000       1.842304600137369E-002  0.955317678542674     
   5.67000000000000       1.840381847621750E-002  0.955208991646606     
   5.70000000000000       1.838448639152284E-002  0.955100615766777     
   5.73000000000000       1.836504783483235E-002  0.954992555004628     
   5.76000000000000       1.834550179133125E-002  0.954884812027322     
   5.79000000000000       1.832584803739182E-002  0.954777388210070     
   5.82000000000000       1.830608704493828E-002  0.954670283772872     
   5.85000000000000       1.828621991309166E-002  0.954563497916170     
   5.88000000000000       1.826624827970611E-002  0.954457028970400     
   5.91000000000000       1.824617422153062E-002  0.954350874546102     
   5.94000000000000       1.822600016564503E-002  0.954245031662584     
   5.97000000000000       1.820572881373184E-002  0.954139496839046     
   6.00000000000000       1.818536309852340E-002  0.954034266175312     
   6.03000000000000       1.816490615328522E-002  0.953929335435402     
   6.06000000000000       1.814436124844790E-002  0.953824700148157     
   6.09000000000000       1.812373173014080E-002  0.953720355695373     
   6.12000000000000       1.810302097264156E-002  0.953616297359651     
   6.15000000000000       1.808223235660380E-002  0.953512520349916     
   6.18000000000000       1.806136927874320E-002  0.953409019832350     
   6.21000000000000       1.804043512082541E-002  0.953305790990407     
   6.24000000000000       1.801943320549797E-002  0.953202829083965     
   6.27000000000000       1.799836676588730E-002  0.953100129468211     
   6.30000000000000       1.797723894205216E-002  0.952997687582639     
   6.33000000000000       1.795605281366820E-002  0.952895498952020     
   6.36000000000000       1.793481138326599E-002  0.952793559227415     
   6.39000000000000       1.791351753979123E-002  0.952691864229506     
   6.42000000000000       1.789217403794360E-002  0.952590409944059     
   6.45000000000000       1.787078351412368E-002  0.952489192488434     
   6.48000000000000       1.784934852988783E-002  0.952388208103772     
   6.51000000000000       1.782787154981241E-002  0.952287453196053     
   6.54000000000000       1.780635490842508E-002  0.952186924366100     
   6.57000000000000       1.778480079964071E-002  0.952086618378726     
   6.60000000000000       1.776321132086470E-002  0.951986532118833     
   6.63000000000000       1.774158850356438E-002  0.951886662598741     
   6.66000000000000       1.771993427576740E-002  0.951787007005990     
   6.69000000000000       1.769825043514686E-002  0.951687562705896     
   6.72000000000000       1.767653866376581E-002  0.951588327184721     
   6.75000000000000       1.765480059260918E-002  0.951489298018931     
   6.78000000000000       1.763303778737593E-002  0.951390472916748     
   6.81000000000000       1.761125170656578E-002  0.951291849753328     
   6.84000000000000       1.758944369318883E-002  0.951193426525276     
   6.87000000000000       1.756761503810040E-002  0.951095201292284     
   6.90000000000000       1.754576700327328E-002  0.950997172197866     
   6.93000000000000       1.752390077146704E-002  0.950899337525502     
   6.96000000000000       1.750201742144778E-002  0.950801695675625     
   6.99000000000000       1.748011797739797E-002  0.950704245091458     
   7.02000000000000       1.745820346200645E-002  0.950606984257746     
   7.05000000000000       1.743627484627666E-002  0.950509911767781     
   7.08000000000000       1.741433301165696E-002  0.950413026321428     
   7.11000000000000       1.739237878747387E-002  0.950316326643492     
   7.14000000000000       1.737041302140642E-002  0.950219811466210     
   7.17000000000000       1.734843653232418E-002  0.950123479602645     
   7.20000000000000       1.732645006226214E-002  0.950027329958757     
   7.23000000000000       1.730445430871382E-002  0.949931361446959     
   7.26000000000000       1.728245000354704E-002  0.949835572960933     
   7.29000000000000       1.726043786505109E-002  0.949739963455923     
   7.32000000000000       1.723841854333157E-002  0.949644531965551     
   7.35000000000000       1.721639265612846E-002  0.949549277509055     
   7.38000000000000       1.719436086978351E-002  0.949454199068983     
   7.41000000000000       1.717232384283112E-002  0.949359295680952     
   7.44000000000000       1.715028216976494E-002  0.949264566443652     
   7.47000000000000       1.712823643045230E-002  0.949170010417808     
   7.50000000000000       1.710618726424068E-002  0.949075626619932     
   7.53000000000000       1.708413529825273E-002  0.948981414121782     
   7.56000000000000       1.706208109706682E-002  0.948887372039213     
   7.59000000000000       1.704002523583751E-002  0.948793499425508     
   7.62000000000000       1.701796835161380E-002  0.948699795296689     
   7.65000000000000       1.699591105519330E-002  0.948606258733095     
   7.68000000000000       1.697385389946010E-002  0.948512888831650     
   7.71000000000000       1.695179747960818E-002  0.948419684607029     
   7.74000000000000       1.692974244006419E-002  0.948326645061559     
   7.77000000000000       1.690768937887993E-002  0.948233769268405     
   7.80000000000000       1.688563885363813E-002  0.948141056278329     
   7.83000000000000       1.686359149286746E-002  0.948048505056777     
   7.86000000000000       1.684154794365987E-002  0.947956114597357     
   7.89000000000000       1.681950878839568E-002  0.947863883953658     
   7.92000000000000       1.679747460847414E-002  0.947771812112600     
   7.95000000000000       1.677544606242091E-002  0.947679898003099     
   7.98000000000000       1.675342378399338E-002  0.947588140623364     
   8.01000000000000       1.673140834197913E-002  0.947496538990341     
   8.04000000000000       1.670940035824464E-002  0.947405092026753     
   8.07000000000000       1.668740049912782E-002  0.947313798657761     
   8.10000000000000       1.666540936585641E-002  0.947222657890424     
   8.13000000000000       1.664342753395525E-002  0.947131668685157     
   8.16000000000000       1.662145566123379E-002  0.947040829928532     
   8.19000000000000       1.659949438844676E-002  0.946950140578136     
   8.22000000000000       1.657754427979131E-002  0.946859599630239     
   8.25000000000000       1.655560594602860E-002  0.946769205986324     
   8.28000000000000       1.653368004606729E-002  0.946678958551103     
   8.31000000000000       1.651176716521262E-002  0.946588856323645     
   8.34000000000000       1.648986786206498E-002  0.946498898255391     
   8.37000000000000       1.646798277920001E-002  0.946409083229200     
   8.40000000000000       1.644611252828380E-002  0.946319410216630     
   8.43000000000000       1.642425764166049E-002  0.946229878220239     
   8.46000000000000       1.640241871409662E-002  0.946140486143693     
   8.49000000000000       1.638059636922858E-002  0.946051232924397     
   8.52000000000000       1.635879114103445E-002  0.945962117593219     
   8.55000000000000       1.633700356533578E-002  0.945873139106487     
   8.58000000000000       1.631523425447756E-002  0.945784296384274     
   8.61000000000000       1.629348375554772E-002  0.945695588459389     
   8.64000000000000       1.627175255785344E-002  0.945607014350978     
   8.67000000000000       1.625004123775051E-002  0.945518572989955     
   8.70000000000000       1.622835035264484E-002  0.945430263395680     
   8.73000000000000       1.620668036689006E-002  0.945342084641222     
   8.76000000000000       1.618503180432944E-002  0.945254035695211     
   8.79000000000000       1.616340522173254E-002  0.945166115562787     
   8.82000000000000       1.614180107610511E-002  0.945078323352548     
   8.85000000000000       1.612021983530264E-002  0.944990658088134     
   8.88000000000000       1.609866204139036E-002  0.944903118770559     
   8.91000000000000       1.607712815268630E-002  0.944815704525802     
   8.94000000000000       1.605561858866684E-002  0.944728414437976     
   8.97000000000000       1.603413386317372E-002  0.944641247518641     
   9.00000000000000       1.601267443710123E-002  0.944554202898689     
   9.03000000000000       1.599124069405000E-002  0.944467279718774     
   9.06000000000000       1.596983310980659E-002  0.944380477015114     
   9.09000000000000       1.594845214470944E-002  0.944293793917803     
   9.12000000000000       1.592709815855976E-002  0.944207229614839     
   9.15000000000000       1.590577158435984E-002  0.944120783177594     
   9.18000000000000       1.588447287698455E-002  0.944034453735129     
   9.21000000000000       1.586320238134260E-002  0.943948240512169     
   9.24000000000000       1.584196048761768E-002  0.943862142621060     
   9.27000000000000       1.582074764011449E-002  0.943776159192840     
   9.30000000000000       1.579956417410286E-002  0.943690289479590     
   9.33000000000000       1.577841044036564E-002  0.943604532636160     
   9.36000000000000       1.575728686818533E-002  0.943518887799800     
   9.39000000000000       1.573619378568646E-002  0.943433354242976     
   9.42000000000000       1.571513150906113E-002  0.943347931161476     
   9.45000000000000       1.569410044967856E-002  0.943262617702797     
   9.48000000000000       1.567310092884172E-002  0.943177413155372     
   9.51000000000000       1.565213323323846E-002  0.943092316752519     
   9.54000000000000       1.563119775484169E-002  0.943007327655099     
   9.57000000000000       1.561029480750732E-002  0.942922445165265     
   9.60000000000000       1.558942465288193E-002  0.942837668549631     
   9.63000000000000       1.556858766335408E-002  0.942752996984384     
   9.66000000000000       1.554778414402820E-002  0.942668429784789     
   9.69000000000000       1.552701433514850E-002  0.942583966246366     
   9.72000000000000       1.550627859046754E-002  0.942499605561521     
   9.75000000000000       1.548557720484027E-002  0.942415347059165     
   9.78000000000000       1.546491039981237E-002  0.942331190059506     
   9.81000000000000       1.544427851216325E-002  0.942247133771249     
   9.84000000000000       1.542368182482072E-002  0.942163177538231     
   9.87000000000000       1.540312054281189E-002  0.942079320701400     
   9.90000000000000       1.538259498792351E-002  0.941995562485362     
   9.93000000000000       1.536210542942390E-002  0.941911902250605     
   9.96000000000000       1.534165205752065E-002  0.941828339355068     
   9.99000000000000       1.532123518135417E-002  0.941744873038738     
   10.0200000000000       1.530085505455493E-002  0.941661502680699     
   10.0500000000000       1.528051185435518E-002  0.941578227652177     
   10.0800000000000       1.526020587917207E-002  0.941495047208263     
   10.1100000000000       1.523993736493031E-002  0.941411960748574     
   10.1400000000000       1.521970647798396E-002  0.941328967653831     
   10.1700000000000       1.519951350752576E-002  0.941246067194534     
   10.2000000000000       1.517935866980350E-002  0.941163258792511     
   10.2300000000000       1.515924212271287E-002  0.941080541833999     
   10.2600000000000       1.513916414719614E-002  0.940997915606122     
   10.2900000000000       1.511912493756088E-002  0.940915379553993     
   10.3200000000000       1.509912464653621E-002  0.940832933065259     
   10.3500000000000       1.507916354663729E-002  0.940750575446053     
   10.3800000000000       1.505924180837772E-002  0.940668306164793     
   10.4100000000000       1.503935958327463E-002  0.940586124606557     
   10.4400000000000       1.501951713396652E-002  0.940504030100164     
   10.4700000000000       1.499971460591504E-002  0.940422022135787     
   10.5000000000000       1.497995215389786E-002  0.940340100092585     
   10.5300000000000       1.496023002777489E-002  0.940258263326947     
   10.5600000000000       1.494054834788847E-002  0.940176511347143     
   10.5900000000000       1.492090727672628E-002  0.940094843524463     
   10.6200000000000       1.490130704698207E-002  0.940013259248526     
   10.6500000000000       1.488174775580746E-002  0.939931758039557     
   10.6800000000000       1.486222957700646E-002  0.939850339261394     
   10.7100000000000       1.484275272029232E-002  0.939769002342443     
   10.7400000000000       1.482331726427335E-002  0.939687746806255     
   10.7700000000000       1.480392339570154E-002  0.939606572013016     
   10.8000000000000       1.478457129487288E-002  0.939525477433953     
   10.8300000000000       1.476526102966425E-002  0.939444462585555     
   10.8600000000000       1.474599279801470E-002  0.939363526832191     
   10.8900000000000       1.472676674514892E-002  0.939282669688619     
   10.9200000000000       1.470758293860699E-002  0.939201890653781     
   10.9500000000000       1.468844158175721E-002  0.939121189107992     
   10.9800000000000       1.466934278123827E-002  0.939040564605078     
   11.0100000000000       1.465028661607149E-002  0.938960016618423     
   11.0400000000000       1.463127328511575E-002  0.938879544558700     
   11.0700000000000       1.461230285721782E-002  0.938799148007923     
   11.1000000000000       1.459337543332348E-002  0.938718826411434     
   11.1300000000000       1.457449119462382E-002  0.938638579224678     
   11.1600000000000       1.455565017927695E-002  0.938558406040717     
   11.1900000000000       1.453685251571037E-002  0.938478306282590     
   11.2200000000000       1.451809835327042E-002  0.938398279461044     
   11.2500000000000       1.449938771360938E-002  0.938318325159119     
   11.2800000000000       1.448072075014503E-002  0.938238442792784     
   11.3100000000000       1.446209756871937E-002  0.938158631930089     
   11.3400000000000       1.444351819414751E-002  0.938078892124180     
   11.3700000000000       1.442498279274030E-002  0.937999222807010     
   11.4000000000000       1.440649142196590E-002  0.937919623593686     
   11.4300000000000       1.438804412995152E-002  0.937840093995762     
   11.4600000000000       1.436964107613580E-002  0.937760633486834     
   11.4900000000000       1.435128227536591E-002  0.937681241706036     
   11.5200000000000       1.433296781247916E-002  0.937601918126039     
   11.5500000000000       1.431469781717286E-002  0.937522662282458     
   11.5800000000000       1.429647228016046E-002  0.937443473806887     
   11.6100000000000       1.427829132263235E-002  0.937364352152971     
   11.6400000000000       1.426015502549192E-002  0.937285296924481     
   11.6700000000000       1.424206338352377E-002  0.937206307715236     
   11.7000000000000       1.422401653746148E-002  0.937127383993229     
   11.7300000000000       1.420601451240569E-002  0.937048525415854     
   11.7600000000000       1.418805733517426E-002  0.936969731523357     
   11.7900000000000       1.417014513723931E-002  0.936891001834137     
   11.8200000000000       1.415227789885578E-002  0.936812336024913     
   11.8500000000000       1.413445569366293E-002  0.936733733590957     
   11.8800000000000       1.411667861309966E-002  0.936655194124965     
   11.9100000000000       1.409894662195160E-002  0.936576717279613     
   11.9400000000000       1.408125983248707E-002  0.936498302539034     
   11.9700000000000       1.406361827622201E-002  0.936419949568169     
   12.0000000000000       1.404602194062650E-002  0.936341657962550     
   12.0300000000000       1.402847094611933E-002  0.936263427242313     
   12.0600000000000       1.401096526688829E-002  0.936185257111942     
   12.0900000000000       1.399350494079785E-002  0.936107147106241     
   12.1200000000000       1.397609005681178E-002  0.936029096820100     
   12.1500000000000       1.395872056073405E-002  0.935951105945117     
   12.1800000000000       1.394139654064991E-002  0.935873173988062     
   12.2100000000000       1.392411802380959E-002  0.935795300626773     
   12.2400000000000       1.390688497332475E-002  0.935717485493616     
   12.2700000000000       1.388969749558285E-002  0.935639728123343     
   12.3000000000000       1.387255555332677E-002  0.935562028243910     
   12.3300000000000       1.385545916387344E-002  0.935484385417234     
   12.3600000000000       1.383840840440440E-002  0.935406799255690     
   12.3900000000000       1.382140320487478E-002  0.935329269476086     
   12.4200000000000       1.380444363928405E-002  0.935251795605723     
   12.4500000000000       1.378752971893317E-002  0.935174377346535     
   12.4800000000000       1.377066139419520E-002  0.935097014349155     
   12.5100000000000       1.375383875832843E-002  0.935019706172112     
   12.5400000000000       1.373706175481598E-002  0.934942452567190     
   12.5700000000000       1.372033039547244E-002  0.934865253108758     
   12.6000000000000       1.370364473755551E-002  0.934788107441943     
   12.6300000000000       1.368700469714024E-002  0.934711015296277     
   12.6600000000000       1.367041034415168E-002  0.934633976217270     
   12.6900000000000       1.365386166227111E-002  0.934556989941757     
   12.7200000000000       1.363735860141512E-002  0.934480056120272     
   12.7500000000000       1.362090124041534E-002  0.934403174346242     
   12.7800000000000       1.360448949785834E-002  0.934326344392126     
   12.8100000000000       1.358812339429753E-002  0.934249565833561     
   12.8400000000000       1.357180295623478E-002  0.934172838363636     
   12.8700000000000       1.355552809304342E-002  0.934096161707938     
   12.9000000000000       1.353929887525887E-002  0.934019535435270     
   12.9300000000000       1.352311524873935E-002  0.933942959321843     
   12.9600000000000       1.350697717855115E-002  0.933866433001340     
   12.9900000000000       1.349088472028424E-002  0.933789956118890     
   13.0200000000000       1.347483776994007E-002  0.933713528453851     
   13.0500000000000       1.345883636668072E-002  0.933637149582493     
   13.0800000000000       1.344288049236866E-002  0.933560819257101     
   13.1100000000000       1.342697006613752E-002  0.933484537177526     
   13.1400000000000       1.341110515260784E-002  0.933408302953927     
   13.1700000000000       1.339528565663012E-002  0.933332116391750     
   13.2000000000000       1.337951157452568E-002  0.933255977100162     
   13.2300000000000       1.336378292052390E-002  0.933179884795330     
   13.2600000000000       1.334809958474342E-002  0.933103839236087     
   13.2900000000000       1.333246162224235E-002  0.933027840017688     
   13.3200000000000       1.331686895956831E-002  0.932951886947815     
   13.3500000000000       1.330132154974734E-002  0.932875979682589     
   13.3800000000000       1.328581942918758E-002  0.932800117902667     
   13.4100000000000       1.327036247578747E-002  0.932724301410833     
   13.4400000000000       1.325495072224000E-002  0.932648529806785     
   13.4700000000000       1.323958412088129E-002  0.932572802884825     
   13.5000000000000       1.322426258801995E-002  0.932497120351499     
   13.5300000000000       1.320898617042547E-002  0.932421481860115     
   13.5600000000000       1.319375474669491E-002  0.932345887241074     
   13.5900000000000       1.317856832076413E-002  0.932270336112959     
   13.6200000000000       1.316342686896696E-002  0.932194828249408     
   13.6500000000000       1.314833028029283E-002  0.932119363403629     
   13.6800000000000       1.313327860161345E-002  0.932043941212385     
   13.7100000000000       1.311827172002201E-002  0.931968561520090     
   13.7400000000000       1.310330960978855E-002  0.931893223972575     
   13.7700000000000       1.308839226637556E-002  0.931817928321901     
   13.8000000000000       1.307351956055429E-002  0.931742674360553     
   13.8300000000000       1.305869153207083E-002  0.931667461718910     
   13.8600000000000       1.304390807992332E-002  0.931592290246054     
   13.8900000000000       1.302916915123994E-002  0.931517159618100     
   13.9200000000000       1.301447475493313E-002  0.931442069568505     
   13.9500000000000       1.299982475084030E-002  0.931367019920816     
   13.9800000000000       1.298521916753302E-002  0.931292010306891     
   14.0100000000000       1.297065791610997E-002  0.931217040575303     
   14.0400000000000       1.295614092084188E-002  0.931142110431668     
   14.0700000000000       1.294166819884171E-002  0.931067219595599     
   14.1000000000000       1.292723960396723E-002  0.930992367914337     
   14.1300000000000       1.291285515234664E-002  0.930917555026308     
   14.1600000000000       1.289851476544916E-002  0.930842780777767     
   14.1900000000000       1.288421834933838E-002  0.930768044900709     
   14.2200000000000       1.286996592526056E-002  0.930693347106046     
   14.2500000000000       1.285575734390119E-002  0.930618687258901     
   14.2800000000000       1.284159260961361E-002  0.930544065006837     
   14.3100000000000       1.282747165146348E-002  0.930469480194349     
   14.3400000000000       1.281339436180239E-002  0.930394932575511     
   14.3700000000000       1.279936076306540E-002  0.930320421857306     
   14.4000000000000       1.278537070397123E-002  0.930245947918561     
   14.4300000000000       1.277142417900735E-002  0.930171510416567     
   14.4600000000000       1.275752112170483E-002  0.930097109196132     
   14.4900000000000       1.274366141459796E-002  0.930022744028642     
   14.5200000000000       1.272984507945243E-002  0.929948414621323     
   14.5500000000000       1.271607196301837E-002  0.929874120863851     
   14.5800000000000       1.270234205266716E-002  0.929799862422507     
   14.6100000000000       1.268865528308825E-002  0.929725639145329     
   14.6400000000000       1.267501153043120E-002  0.929651450816174     
   14.6700000000000       1.266141081464907E-002  0.929577297146131     
   14.7000000000000       1.264785297986445E-002  0.929503178033750     
   14.7300000000000       1.263433800930315E-002  0.929429093152830     
   14.7600000000000       1.262086583564040E-002  0.929355042357930     
   14.7900000000000       1.260743633172458E-002  0.929281025440599     
   14.8200000000000       1.259404951487590E-002  0.929207042119110     
   14.8500000000000       1.258070522565952E-002  0.929133092299289     
   14.8800000000000       1.256740344626603E-002  0.929059175660760     
   14.9100000000000       1.255414410414492E-002  0.928985292067948     
   14.9400000000000       1.254092707188567E-002  0.928911441315397     
   14.9700000000000       1.252775236327778E-002  0.928837623131862     
   15.0000000000000       1.251461981462620E-002  0.928763837428745     
   15.0300000000000       1.250152940990078E-002  0.928690083890068     
   15.0600000000000       1.248848106822961E-002  0.928616362393216     
   15.0900000000000       1.247547466504680E-002  0.928542672731131     
   15.1200000000000       1.246251020947788E-002  0.928469014646592     
   15.1500000000000       1.244958753316757E-002  0.928395388054332     
   15.1800000000000       1.243670662436741E-002  0.928321792642058     
   15.2100000000000       1.242386739084132E-002  0.928248228302647     
   15.2400000000000       1.241106971432503E-002  0.928174694823023     
   15.2700000000000       1.239831359729597E-002  0.928101191963942     
   15.3000000000000       1.238559886737137E-002  0.928027719640317     
   15.3300000000000       1.237292551877147E-002  0.927954277543981     
   15.3600000000000       1.236029344514171E-002  0.927880865584877     
   15.3900000000000       1.234770253821332E-002  0.927807483539921     
   15.4200000000000       1.233515279110538E-002  0.927734131192194     
   15.4500000000000       1.232264402907205E-002  0.927660808452507     
   15.4800000000000       1.231017625294600E-002  0.927587515018808     
   15.5100000000000       1.229774934002638E-002  0.927514250818256     
   15.5400000000000       1.228536319591074E-002  0.927441015614603     
   15.5700000000000       1.227301780074464E-002  0.927367809217773     
   15.6000000000000       1.226071298045195E-002  0.927294631529030     
   15.6300000000000       1.224844874169061E-002  0.927221482256284     
   15.6600000000000       1.223622494414195E-002  0.927148361342097     
   15.6900000000000       1.222404151097468E-002  0.927075268535355     
   15.7200000000000       1.221189840488680E-002  0.927002203676994     
   15.7500000000000       1.219979545718792E-002  0.926929166652385     
   15.7800000000000       1.218773267762751E-002  0.926856157185216     
   15.8100000000000       1.217570990862608E-002  0.926783175229168     
   15.8400000000000       1.216372709370724E-002  0.926710220518786     
   15.8700000000000       1.215178417345638E-002  0.926637292928994     
   15.9000000000000       1.213988099054834E-002  0.926564392322693     
   15.9300000000000       1.212801755305781E-002  0.926491518446895     
   15.9600000000000       1.211619368873253E-002  0.926418671259330     
   15.9900000000000       1.210440936249438E-002  0.926345850483749     
   16.0200000000000       1.209266448863281E-002  0.926273056029751     
   16.0500000000000       1.208095892810000E-002  0.926200287732057     
   16.0800000000000       1.206929268044477E-002  0.926127545369554     
   16.1100000000000       1.205766556402435E-002  0.926054828894266     
   16.1400000000000       1.204607756373516E-002  0.925982138026307     
   16.1700000000000       1.203452856478383E-002  0.925909472707144     
   16.2000000000000       1.202301845325497E-002  0.925836832739976     
   16.2300000000000       1.201154721181580E-002  0.925764217943799     
   16.2600000000000       1.200011465767590E-002  0.925691628253242     
   16.2900000000000       1.198872079073172E-002  0.925619063395655     
   16.3200000000000       1.197736546726164E-002  0.925546523337033     
   16.3500000000000       1.196604860382121E-002  0.925474007849778     
   16.3800000000000       1.195477015727807E-002  0.925401516799007     
   16.4100000000000       1.194352995446112E-002  0.925329050089943     
   16.4400000000000       1.193232800161971E-002  0.925256607471002     
   16.4700000000000       1.192116413022146E-002  0.925184188920416     
   16.5000000000000       1.191003828935329E-002  0.925111794186082     
   16.5300000000000       1.189895040246432E-002  0.925039423180747     
   16.5600000000000       1.188790031792519E-002  0.924967075770360     
   16.5900000000000       1.187688803626709E-002  0.924894751739370     
   16.6200000000000       1.186591337327655E-002  0.924822451061607     
   16.6500000000000       1.185497630757703E-002  0.924750173473123     
   16.6800000000000       1.184407672495393E-002  0.924677918929131     
   16.7100000000000       1.183321450628535E-002  0.924605687251580     
   16.7400000000000       1.182238963239754E-002  0.924533478274120     
   16.7700000000000       1.181160191722879E-002  0.924461291947302     
   16.8000000000000       1.180085135985747E-002  0.924389128013751     
   16.8300000000000       1.179013780985139E-002  0.924316986458030     
   16.8600000000000       1.177946118760087E-002  0.924244867061373     
   16.8900000000000       1.176882144094497E-002  0.924172769714253     
   16.9200000000000       1.175821839884680E-002  0.924100694326532     
   16.9500000000000       1.174765206592488E-002  0.924028640669121     
   16.9800000000000       1.173712226424675E-002  0.923956608735287     
   17.0100000000000       1.172662895392958E-002  0.923884598278577     
   17.0400000000000       1.171617204052732E-002  0.923812609244657     
   17.0700000000000       1.170575138474824E-002  0.923740641491568     
   17.1000000000000       1.169536697792844E-002  0.923668694839107     
   17.1300000000000       1.168501863088474E-002  0.923596769263882     
   17.1600000000000       1.167470633475590E-002  0.923524864514085     
   17.1900000000000       1.166442995107620E-002  0.923452980577288     
   17.2200000000000       1.165418938441085E-002  0.923381117259549     
   17.2500000000000       1.164398459398582E-002  0.923309274443311     
   17.2800000000000       1.163381540090318E-002  0.923237452063870     
   17.3100000000000       1.162368180963270E-002  0.923165649892212     
   17.3400000000000       1.161358364635802E-002  0.923093867933232     
   17.3700000000000       1.160352086239186E-002  0.923022105954694     
   17.4000000000000       1.159349337102011E-002  0.922950363902902     
   17.4300000000000       1.158350102568069E-002  0.922878641655146     
   17.4600000000000       1.157354382059176E-002  0.922806939032617     
   17.4900000000000       1.156362156575487E-002  0.922735256025775     
   17.5200000000000       1.155373424985196E-002  0.922663592390973     
   17.5500000000000       1.154388173668421E-002  0.922591948123539     
   17.5800000000000       1.153406392804208E-002  0.922520323040929     
   17.6100000000000       1.152428078407403E-002  0.922448717032785     
   17.6400000000000       1.151453212503096E-002  0.922377130044224     
   17.6700000000000       1.150481795554851E-002  0.922305561854914     
   17.7000000000000       1.149513810021534E-002  0.922234012479249     
   17.7300000000000       1.148549251270905E-002  0.922162481691617     
   17.7600000000000       1.147588110245931E-002  0.922090969451330     
   17.7900000000000       1.146630372651873E-002  0.922019475638426     
   17.8200000000000       1.145676037669722E-002  0.921948000088762     
   17.8500000000000       1.144725086227119E-002  0.921876542797301     
   17.8800000000000       1.143777517615763E-002  0.921805103528836     
   17.9100000000000       1.142833317445940E-002  0.921733682292555     
   17.9400000000000       1.141892476853624E-002  0.921662278903880     
   17.9700000000000       1.140954990978702E-002  0.921590893274192     
   18.0000000000000       1.140020842405112E-002  0.921519525343787     
   18.0300000000000       1.139090031616693E-002  0.921448174909352     
   18.0600000000000       1.138162540419616E-002  0.921376841992130     
   18.0900000000000       1.137238365424474E-002  0.921305526366989     
   18.1200000000000       1.136317496090687E-002  0.921234228017063     
   18.1500000000000       1.135399919576662E-002  0.921162946809787     
   18.1800000000000       1.134485634163229E-002  0.921091682609239     
   18.2100000000000       1.133574620943223E-002  0.921020435403742     
   18.2400000000000       1.132666880018901E-002  0.920949204970106     
   18.2700000000000       1.131762395451076E-002  0.920877991333694     
   18.3000000000000       1.130861160466988E-002  0.920806794297864     
   18.3300000000000       1.129963168265293E-002  0.920735613808724     
   18.3600000000000       1.129068402901487E-002  0.920664449786298     
   18.3900000000000       1.128176864476921E-002  0.920593302056193     
   18.4200000000000       1.127288534091123E-002  0.920522170638364     
   18.4500000000000       1.126403410232059E-002  0.920451055308303     
   18.4800000000000       1.125521479922746E-002  0.920379956078585     
   18.5100000000000       1.124642732981752E-002  0.920308872791535     
   18.5400000000000       1.123767165745969E-002  0.920237805353843     
   18.5700000000000       1.122894760268327E-002  0.920166753731634     
   18.6000000000000       1.122025517229944E-002  0.920095717724643     
   18.6300000000000       1.121159418874436E-002  0.920024697368283     
   18.6600000000000       1.120296461355709E-002  0.919953692451478     
   18.6900000000000       1.119436634816135E-002  0.919882702963470     
   18.7200000000000       1.118579926089634E-002  0.919811728788969     
   18.7500000000000       1.117726333821970E-002  0.919740769798840     
   18.7800000000000       1.116875839139362E-002  0.919669825995270     
   18.8100000000000       1.116028442310053E-002  0.919598897165051     
   18.8400000000000       1.115184127433026E-002  0.919527983345696     
   18.8700000000000       1.114342888075684E-002  0.919457084349389     
   18.9000000000000       1.113504717274367E-002  0.919386200137284     
   18.9300000000000       1.112669599533938E-002  0.919315330634736     
   18.9600000000000       1.111837534951252E-002  0.919244475683654     
   18.9900000000000       1.111008504621673E-002  0.919173635311499     
   19.0200000000000       1.110182507723798E-002  0.919102809303264     
   19.0500000000000       1.109359530546218E-002  0.919031997689015     
   19.0800000000000       1.108539564153884E-002  0.918961200309358     
   19.1100000000000       1.107722604044260E-002  0.918890417096999     
   19.1400000000000       1.106908633086610E-002  0.918819648013104     
   19.1700000000000       1.106097652097869E-002  0.918748892878587     
   19.2000000000000       1.105289642784815E-002  0.918678151736450     
   19.2300000000000       1.104484602861218E-002  0.918607424378287     
   19.2600000000000       1.103682520854572E-002  0.918536710820918     
   19.2900000000000       1.102883385614669E-002  0.918466010934805     
   19.3200000000000       1.102087194591975E-002  0.918395324626686     
   19.3500000000000       1.101293929657549E-002  0.918324651887359     
   19.3800000000000       1.100503591777725E-002  0.918253992524318     
   19.4100000000000       1.099716163674874E-002  0.918183346588328     
   19.4400000000000       1.098931641467653E-002  0.918112713883098     
   19.4700000000000       1.098150015781013E-002  0.918042094409543     
   19.5000000000000       1.097371273633201E-002  0.917971488066803     
   19.5300000000000       1.096595413938121E-002  0.917900894739635     
   19.5600000000000       1.095822418081622E-002  0.917830314442177     
   19.5900000000000       1.095052286795691E-002  0.917759746974872     
   19.6200000000000       1.094285004015644E-002  0.917689192390678     
   19.6500000000000       1.093520564309491E-002  0.917618650508373     
   19.6800000000000       1.092758960155807E-002  0.917548121312642     
   19.7100000000000       1.092000177140227E-002  0.917477604728554     
   19.7400000000000       1.091244215215990E-002  0.917407100623364     
   19.7700000000000       1.090491055663025E-002  0.917336609028902     
   19.8000000000000       1.089740698757841E-002  0.917266129743404     
   19.8300000000000       1.088993129687520E-002  0.917195662818504     
   19.8600000000000       1.088248341626210E-002  0.917125208088973     
   19.8900000000000       1.087506328617829E-002  0.917054765524512     
   19.9200000000000       1.086767075186862E-002  0.916984335072596     
   19.9500000000000       1.086030581991893E-002  0.916913916587314     
   19.9800000000000       1.085296830456973E-002  0.916843510113533     
   20.0100000000000       1.084565820308951E-002  0.916773115450606     
   20.0400000000000       1.083837537922768E-002  0.916702732647038     
   20.0700000000000       1.083111975295998E-002  0.916632361553044     
   20.1000000000000       1.082389127746802E-002  0.916562002125525     
   20.1300000000000       1.081668979053877E-002  0.916491654330618     
   20.1600000000000       1.080951530338663E-002  0.916421318013099     
   20.1900000000000       1.080236763308062E-002  0.916350993227285     
   20.2200000000000       1.079524677150396E-002  0.916280679775632     
   20.2500000000000       1.078815259290569E-002  0.916210377703036     
   20.2800000000000       1.078108500792090E-002  0.916140086873608     
   20.3100000000000       1.077404397981666E-002  0.916069807234124     
   20.3400000000000       1.076702934142571E-002  0.915999538765749     
   20.3700000000000       1.076004110699379E-002  0.915929281307173     
   20.4000000000000       1.075307909692408E-002  0.915859034919566     
   20.4300000000000       1.074614329854200E-002  0.915788799409400     
   20.4600000000000       1.073923359479276E-002  0.915718574818431     
   20.4900000000000       1.073234988946611E-002  0.915648361022508     
   20.5200000000000       1.072549215348044E-002  0.915578157961136     
   20.5500000000000       1.071866021674316E-002  0.915507965627143     
   20.5800000000000       1.071185409552308E-002  0.915437783855761     
   20.6100000000000       1.070507361348704E-002  0.915367612713226     
   20.6400000000000       1.069831875463373E-002  0.915297452010138     
   20.6700000000000       1.069158940866612E-002  0.915227301786219     
   20.7000000000000       1.068488547487826E-002  0.915157161926564     
   20.7300000000000       1.067820692975371E-002  0.915087032366266     
   20.7600000000000       1.067155360179485E-002  0.915016913106771     
   20.7900000000000       1.066492550880448E-002  0.914946803981955     
   20.8200000000000       1.065832247721558E-002  0.914876705061953     
   20.8500000000000       1.065174448918624E-002  0.914806616161060     
   20.8800000000000       1.064519143912231E-002  0.914736537318459     
   20.9100000000000       1.063866322412727E-002  0.914666468425846     
   20.9400000000000       1.063215982437495E-002  0.914596409416686     
   20.9700000000000       1.062568106818217E-002  0.914526360298273     
   21.0000000000000       1.061922697468881E-002  0.914456320904861     
   21.0300000000000       1.061279737231786E-002  0.914386291309713     
   21.0600000000000       1.060639224303172E-002  0.914316271330072     
   21.0900000000000       1.060001148392016E-002  0.914246261006269     
   21.1200000000000       1.059365499199932E-002  0.914176260233927     
   21.1500000000000       1.058732274947921E-002  0.914106268947565     
   21.1800000000000       1.058101458547340E-002  0.914036287157765     
   21.2100000000000       1.057473052044758E-002  0.913966314700667     
   21.2400000000000       1.056847038395230E-002  0.913896351652096     
   21.2700000000000       1.056223415940680E-002  0.913826397831373     
   21.3000000000000       1.055602174456961E-002  0.913756453281702     
   21.3300000000000       1.054983303844768E-002  0.913686517900018     
   21.3600000000000       1.054366802368396E-002  0.913616591624476     
   21.3900000000000       1.053752653113432E-002  0.913546674466507     
   21.4200000000000       1.053140858255556E-002  0.913476766265558     
   21.4500000000000       1.052531400781127E-002  0.913406867099491     
   21.4800000000000       1.051924279333070E-002  0.913336976788874     
   21.5100000000000       1.051319483566727E-002  0.913267095381425     
   21.5400000000000       1.050717003778040E-002  0.913197222772889     
   21.5700000000000       1.050116838115715E-002  0.913127358907555     
   21.6000000000000       1.049518969932931E-002  0.913057503795300     
   21.6300000000000       1.048923401529794E-002  0.912987657280358     
   21.6600000000000       1.048330115849677E-002  0.912917819441970     
   21.6900000000000       1.047739111981587E-002  0.912847990101317     
   21.7200000000000       1.047150379277986E-002  0.912778169312070     
   21.7500000000000       1.046563908619736E-002  0.912708356966460     
   21.7800000000000       1.045979697884365E-002  0.912638553017326     
   21.8100000000000       1.045397730803643E-002  0.912568757470562     
   21.8400000000000       1.044818009765763E-002  0.912498970176825     
   21.8700000000000       1.044240517627296E-002  0.912429191215822     
   21.9000000000000       1.043665254042629E-002  0.912359420409037     
   21.9300000000000       1.043092207892415E-002  0.912289657817223     
   21.9600000000000       1.042521370837718E-002  0.912219903327020     
   21.9900000000000       1.041952740308162E-002  0.912150156902124     
   22.0200000000000       1.041386300540843E-002  0.912080418541969     
   22.0500000000000       1.040822053959373E-002  0.912010688105500     
   22.0800000000000       1.040259983313896E-002  0.911940965671619     
   22.1100000000000       1.039700088914903E-002  0.911871251062238     
   22.1400000000000       1.039142359028178E-002  0.911801544345908     
   22.1700000000000       1.038586786270991E-002  0.911731845401922     
   22.2000000000000       1.038033367448895E-002  0.911662154207004     
   22.2300000000000       1.037482087461209E-002  0.911592470751582     
   22.2600000000000       1.036932948664442E-002  0.911522794905043     
   22.2900000000000       1.036385933730809E-002  0.911453126743758     
   22.3200000000000       1.035841043681820E-002  0.911383466090747     
   22.3500000000000       1.035298266041933E-002  0.911313813022530     
   22.3800000000000       1.034757594560316E-002  0.911244167409748     
   22.4100000000000       1.034219025228660E-002  0.911174529244080     
   22.4400000000000       1.033682543787635E-002  0.911104898504401     
   22.4700000000000       1.033148152389090E-002  0.911035275072963     
   22.5000000000000       1.032615833703552E-002  0.910965659021393     
   22.5300000000000       1.032085589465561E-002  0.910896050175134     
   22.5600000000000       1.031557406378058E-002  0.910826448618193     
   22.5900000000000       1.031031279471655E-002  0.910756854211817     
   22.6200000000000       1.030507203729553E-002  0.910687266964213     
   22.6500000000000       1.029985165942056E-002  0.910617686840247     
   22.6800000000000       1.029465167875779E-002  0.910548113737683     
   22.7100000000000       1.028947192326894E-002  0.910478547720697     
   22.7400000000000       1.028431241691462E-002  0.910408988619154     
   22.7700000000000       1.027917301815350E-002  0.910339436523314     
   22.8000000000000       1.027405369127982E-002  0.910269891284992     
   22.8300000000000       1.026895437424098E-002  0.910200352929991     
   22.8600000000000       1.026387494761646E-002  0.910130821406937     
   22.8900000000000       1.025881542303371E-002  0.910061296631872     
   22.9200000000000       1.025377563156588E-002  0.909991778658373     
   22.9500000000000       1.024875560263168E-002  0.909922267323435     
   22.9800000000000       1.024375518631686E-002  0.909852762721484     
   23.0100000000000       1.023877436170841E-002  0.909783264695721     
   23.0400000000000       1.023381305316817E-002  0.909713773289917     
   23.0700000000000       1.022887115629259E-002  0.909644288434661     
   23.1000000000000       1.022394867408813E-002  0.909574810066971     
   23.1300000000000       1.021904544317720E-002  0.909505338226368     
   23.1600000000000       1.021416149656217E-002  0.909435872760336     
   23.1900000000000       1.020929667691476E-002  0.909366413764500     
   23.2200000000000       1.020445097825354E-002  0.909296961075236     
   23.2500000000000       1.019962431007893E-002  0.909227514753768     
   23.2800000000000       1.019481658521367E-002  0.909158074711507     
   23.3100000000000       1.019002779526194E-002  0.909088640908867     
   23.3400000000000       1.018525778533328E-002  0.909019213367720     
   23.3700000000000       1.018050658945420E-002  0.908949791949945     
   23.4000000000000       1.017577404460310E-002  0.908880376748525     
   23.4300000000000       1.017106015912566E-002  0.908810967595860     
   23.4600000000000       1.016636482693527E-002  0.908741564569048     
   23.4900000000000       1.016168798002117E-002  0.908672167560091     
   23.5200000000000       1.015702959571283E-002  0.908602776554644     
   23.5500000000000       1.015238953099648E-002  0.908533391553483     
   23.5800000000000       1.014776781762541E-002  0.908464012437125     
   23.6100000000000       1.014316428952280E-002  0.908394639291300     
   23.6400000000000       1.013857896781884E-002  0.908325271948366     
   23.6700000000000       1.013401173090967E-002  0.908255910498497     
   23.7000000000000       1.012946253134605E-002  0.908186554815213     
   23.7300000000000       1.012493132952098E-002  0.908117204910369     
   23.7600000000000       1.012041799782234E-002  0.908047860760678     
   23.7900000000000       1.011592256190588E-002  0.907978522269586     
   23.8200000000000       1.011144485614886E-002  0.907909189510386     
   23.8500000000000       1.010698491191407E-002  0.907839862320336     
   23.8800000000000       1.010254259313041E-002  0.907770540798599     
   23.9100000000000       1.009811787347064E-002  0.907701224802509     
   23.9400000000000       1.009371069419662E-002  0.907631914369873     
   23.9700000000000       1.008932094660995E-002  0.907562609451231     
   24.0000000000000       1.008494864605341E-002  0.907493309976923     
   24.0300000000000       1.008059363162072E-002  0.907424016002360     
   24.0600000000000       1.007625594131608E-002  0.907354727375468     
   24.0900000000000       1.007193542680588E-002  0.907285444199041     
   24.1200000000000       1.006763208240864E-002  0.907216166318034     
   24.1500000000000       1.006334582881217E-002  0.907146893794457     
   24.1800000000000       1.005907657933179E-002  0.907077626551827     
   24.2100000000000       1.005482433469499E-002  0.907008364550569     
   24.2400000000000       1.005058894357178E-002  0.906939107822933     
   24.2700000000000       1.004637044603714E-002  0.906869856233785     
   24.3000000000000       1.004216868494799E-002  0.906800609883077     
   24.3300000000000       1.003798367348194E-002  0.906731368608737     
   24.3600000000000       1.003381531142097E-002  0.906662132493496     
   24.3900000000000       1.002966353645308E-002  0.906592901434650     
   24.4200000000000       1.002552833063886E-002  0.906523675424638     
   24.4500000000000       1.002140955736758E-002  0.906454454467946     
   24.4800000000000       1.001730725341064E-002  0.906385238452706     
   24.5100000000000       1.001322125751479E-002  0.906316027468764     
   24.5400000000000       1.000915159847670E-002  0.906246821353777     
   24.5700000000000       1.000509815623315E-002  0.906177620205905     
   24.6000000000000       1.000106089404957E-002  0.906108423898961     
   24.6300000000000       9.997039771967545E-003  0.906039232457597     
   24.6600000000000       9.993034673095267E-003  0.905970045855188     
   24.6900000000000       9.989045625065841E-003  0.905900864008938     
   24.7200000000000       9.985072468246963E-003  0.905831686991007     
   24.7500000000000       9.981115242381804E-003  0.905762514646651     
   24.7800000000000       9.977173810252744E-003  0.905693347082408     
   24.8100000000000       9.973248160370081E-003  0.905624184153467     
   24.8400000000000       9.969338228529641E-003  0.905555025914750     
   24.8700000000000       9.965443921975023E-003  0.905485872307011     
   24.9000000000000       9.961565253308187E-003  0.905416723281157     
   24.9300000000000       9.957702071015371E-003  0.905347578884408     
   24.9600000000000       9.953854419775036E-003  0.905278438978082     
   24.9900000000000       9.950022149616832E-003  0.905209303668591     
   25.0200000000000       9.946205272146151E-003  0.905140172799442     
   25.0500000000000       9.942403698273105E-003  0.905071046451492     
   25.0800000000000       9.938617362647954E-003  0.905001924533692     
   25.1100000000000       9.934846257425564E-003  0.904932807033437     
   25.1400000000000       9.931090245974425E-003  0.904863693966836     
   25.1700000000000       9.927349370920290E-003  0.904794585219643     
   25.2000000000000       9.923623475555856E-003  0.904725480888681     
   25.2300000000000       9.919912590491813E-003  0.904656380814559     
   25.2600000000000       9.916216603055928E-003  0.904587285097275     
   25.2900000000000       9.912535476903081E-003  0.904518193617499     
   25.3200000000000       9.908869179396360E-003  0.904449106399409     
   25.3500000000000       9.905217595232774E-003  0.904380023423719     
   25.3800000000000       9.901580757481033E-003  0.904310944608073     
   25.4100000000000       9.897958510087358E-003  0.904241870030041     
   25.4400000000000       9.894350896593575E-003  0.904172799537413     
   25.4700000000000       9.890757784290305E-003  0.904103733240302     
   25.5000000000000       9.887179165289849E-003  0.904034670997430     
   25.5300000000000       9.883614979465213E-003  0.903965612867110     
   25.5600000000000       9.880065138326099E-003  0.903896558793011     
   25.5900000000000       9.876529657998453E-003  0.903827508730290     
   25.6200000000000       9.873008391287335E-003  0.903758462728330     
   25.6500000000000       9.869501387017920E-003  0.903689420652693     
   25.6800000000000       9.866008498171642E-003  0.903620382612865     
   25.7100000000000       9.862529742299312E-003  0.903551348454593     
   25.7400000000000       9.859065031382414E-003  0.903482318264501     
   25.7700000000000       9.855614307441841E-003  0.903413291950789     
   25.8000000000000       9.852177563220812E-003  0.903344269509042     
   25.8300000000000       9.848754668618136E-003  0.903275250953303     
   25.8600000000000       9.845345669037843E-003  0.903206236176984     
   25.8900000000000       9.841950410872328E-003  0.903137225277321     
   25.9200000000000       9.838568931596769E-003  0.903068218098178     
   25.9500000000000       9.835201117516323E-003  0.902999214745606     
   25.9800000000000       9.831846942462004E-003  0.902930215097443     
   26.0100000000000       9.828506371035937E-003  0.902861219189192     
   26.0400000000000       9.825179297740806E-003  0.902792226995205     
   26.0700000000000       9.821865755523908E-003  0.902723238445168     
   26.1000000000000       9.818565593376176E-003  0.902654253612674     
   26.1300000000000       9.815278860845834E-003  0.902585272352026     
   26.1600000000000       9.812005423588300E-003  0.902516294777258     
   26.1900000000000       9.808745285680948E-003  0.902447320744437     
   26.2200000000000       9.805498381279617E-003  0.902378350324605     
   26.2500000000000       9.802264635271651E-003  0.902309383451744     
   26.2800000000000       9.799044059780024E-003  0.902240420097420     
   26.3100000000000       9.795836516135225E-003  0.902171460301720     
   26.3400000000000       9.792642056429247E-003  0.902102503941745     
   26.3700000000000       9.789460533353396E-003  0.902033551126415     
   26.4000000000000       9.786291976514159E-003  0.901964601701600     
   26.4300000000000       9.783136290365490E-003  0.901895655765612     
   26.4600000000000       9.779993433405255E-003  0.901826713215591     
   26.4900000000000       9.776863390179044E-003  0.901757774066779     
   26.5200000000000       9.773746043641717E-003  0.901688838318744     
   26.5500000000000       9.770641438099496E-003  0.901619905882372     
   26.5800000000000       9.767549423034007E-003  0.901550976848011     
   26.6100000000000       9.764470045949561E-003  0.901482051064931     
   26.6400000000000       9.761403185645823E-003  0.901413128647011     
   26.6700000000000       9.758348834219032E-003  0.901344209462392     
   26.7000000000000       9.755306944456473E-003  0.901275293567273     
   26.7300000000000       9.752277428703861E-003  0.901206380917724     
   26.7600000000000       9.749260313368199E-003  0.901137471466580     
   26.7900000000000       9.746255455671843E-003  0.901068565273333     
   26.8200000000000       9.743262910971402E-003  0.900999662204910     
   26.8500000000000       9.740282539779609E-003  0.900930762376598     
   26.8800000000000       9.737314364111550E-003  0.900861865639233     
   26.9100000000000       9.734358304194125E-003  0.900792972082566     
   26.9400000000000       9.731414306813435E-003  0.900724081621013     
   26.9700000000000       9.728482371922986E-003  0.900655194253390     
   27.0000000000000       9.725562375343047E-003  0.900586309998874     
   27.0300000000000       9.722654368874501E-003  0.900517428755293     
   27.0600000000000       9.719758204864561E-003  0.900448550624170     
   27.0900000000000       9.716873927921036E-003  0.900379675453571     
   27.1200000000000       9.714001428811070E-003  0.900310803355101     
   27.1500000000000       9.711140690204765E-003  0.900241934208467     
   27.1800000000000       9.708291679726106E-003  0.900173068057409     
   27.2100000000000       9.705454301250001E-003  0.900104204875654     
   27.2400000000000       9.702628591490396E-003  0.900035344602384     
   27.2700000000000       9.699814406494469E-003  0.899966487310995     
   27.3000000000000       9.697011803136807E-003  0.899897632862607     
   27.3300000000000       9.694220649673494E-003  0.899828781375720     
   27.3600000000000       9.691440961967418E-003  0.899759932706981     
   27.3900000000000       9.688672673127398E-003  0.899691086938550     
   27.4200000000000       9.685915721743557E-003  0.899622243998957     
   27.4500000000000       9.683170119302212E-003  0.899553403874795     
   27.4800000000000       9.680435737764002E-003  0.899484566599724     
   27.5100000000000       9.677712633962528E-003  0.899415732063094     
   27.5400000000000       9.675000664010915E-003  0.899346900373711     
   27.5700000000000       9.672299870035010E-003  0.899278071380428     
   27.6000000000000       9.669610152765948E-003  0.899209245192208     
   27.6300000000000       9.666931488315949E-003  0.899140421698481     
   27.6600000000000       9.664263855554909E-003  0.899071600933684     
   27.6900000000000       9.661607153261895E-003  0.899002782884710     
   27.7200000000000       9.658961425502285E-003  0.898933967481588     
   27.7500000000000       9.656326528895103E-003  0.898865154807270     
   27.7800000000000       9.653702521231518E-003  0.898796344719983     
   27.8100000000000       9.651089277500940E-003  0.898727537339855     
   27.8400000000000       9.648486809467350E-003  0.898658732528826     
   27.8700000000000       9.645895060019475E-003  0.898589930363433     
   27.9000000000000       9.643313962830261E-003  0.898521130782711     
   27.9300000000000       9.640743537671581E-003  0.898452333765132     
   27.9600000000000       9.638183655001024E-003  0.898383539354368     
   27.9900000000000       9.635634375223721E-003  0.898314747434851     
   28.0200000000000       9.633095558204177E-003  0.898245958120044     
   28.0500000000000       9.630567244681289E-003  0.898177171260341     
   28.0800000000000       9.628049342995011E-003  0.898108386962758     
   28.1100000000000       9.625541825555251E-003  0.898039605123932     
   28.1400000000000       9.623044679240066E-003  0.897970825772394     
   28.1700000000000       9.620557800513005E-003  0.897902048903966     
   28.2000000000000       9.618081238595248E-003  0.897833274443381     
   28.2300000000000       9.615614851564012E-003  0.897764502479760     
   28.2600000000000       9.613158698273911E-003  0.897695732870306     
   28.2900000000000       9.610712658937245E-003  0.897626965736201     
   28.3200000000000       9.608276743468015E-003  0.897558200943394     
   28.3500000000000       9.605850901564766E-003  0.897489438565227     
   28.3800000000000       9.603435064850922E-003  0.897420678547580     
   28.4100000000000       9.601029258727913E-003  0.897351920864602     
   28.4400000000000       9.598633353826106E-003  0.897283165566149     
   28.4700000000000       9.596247413332379E-003  0.897214412534485     
   28.5000000000000       9.593871300284586E-003  0.897145661885988     
   28.5300000000000       9.591505055494063E-003  0.897076913472591     
   28.5600000000000       9.589148592432626E-003  0.897008167400621     
   28.5900000000000       9.586801882541740E-003  0.896939423571157     
   28.6200000000000       9.584464917821528E-003  0.896870682010176     
   28.6500000000000       9.582137594649804E-003  0.896801942718548     
   28.6800000000000       9.579819965797114E-003  0.896733205619027     
   28.7100000000000       9.577511891197434E-003  0.896664470804193     
   28.7400000000000       9.575213431276154E-003  0.896595738131444     
   28.7700000000000       9.572924469764470E-003  0.896527007723005     
   28.8000000000000       9.570645016984253E-003  0.896458279447206     
   28.8300000000000       9.568375026613460E-003  0.896389553376745     
   28.8600000000000       9.566114430811137E-003  0.896320829460834     
   28.8900000000000       9.563863258348631E-003  0.896252107672764     
   28.9200000000000       9.561621381293219E-003  0.896183388065239     
   28.9500000000000       9.559388865153123E-003  0.896114670520593     
   28.9800000000000       9.557165575345446E-003  0.896045955156873     
   29.0100000000000       9.554951554298021E-003  0.895977241827194     
   29.0400000000000       9.552746718197410E-003  0.895908530638654     
   29.0700000000000       9.550551040057247E-003  0.895839821494026     
   29.1000000000000       9.548364514389224E-003  0.895771114419903     
   29.1300000000000       9.546187039438644E-003  0.895702409418672     
   29.1600000000000       9.544018670170157E-003  0.895633706414019     
   29.1900000000000       9.541859268561416E-003  0.895565005499698     
   29.2200000000000       9.539708897228306E-003  0.895496306534197     
   29.2500000000000       9.537567441717755E-003  0.895427609640991     
   29.2800000000000       9.535434914892916E-003  0.895358914689126     
   29.3100000000000       9.533311271845028E-003  0.895290221753102     
   29.3400000000000       9.531196447548129E-003  0.895221530782206     
   29.3700000000000       9.529090472122033E-003  0.895152841752023     
   29.4000000000000       9.526993220171368E-003  0.895084154715123     
   29.4300000000000       9.524904759166668E-003  0.895015469555861     
   29.4600000000000       9.522824956114258E-003  0.894946786392913     
   29.4900000000000       9.520753856474089E-003  0.894878105080167     
   29.5200000000000       9.518691376965864E-003  0.894809425726886     
   29.5500000000000       9.516637494439806E-003  0.894740748234994     
   29.5800000000000       9.514592203551973E-003  0.894672072634608     
   29.6100000000000       9.512555406170917E-003  0.894603398926407     
   29.6400000000000       9.510527158244599E-003  0.894534727037666     
   29.6700000000000       9.508507323937083E-003  0.894466057061226     
   29.7000000000000       9.506495968622457E-003  0.894397388857495     
   29.7300000000000       9.504492978102901E-003  0.894328722551358     
   29.7600000000000       9.502498369721047E-003  0.894260058011091     
   29.7900000000000       9.500512097605770E-003  0.894191395315205     
   29.8200000000000       9.498534101659200E-003  0.894122734410099     
   29.8500000000000       9.496564411471385E-003  0.894054075276546     
   29.8800000000000       9.494602905213177E-003  0.893985417964206     
   29.9100000000000       9.492649651920102E-003  0.893916762361327     
   29.9400000000000       9.490704519525269E-003  0.893848108586151     
   29.9700000000000       9.488767557764415E-003  0.893779456493089     
   30.0000000000000       9.486838681905977E-003  0.893710806194725     
   30.0300000000000       9.484917874708064E-003  0.893642157589902     
   30.0600000000000       9.483005128780191E-003  0.893573510714877     
   30.0900000000000       9.481100351278511E-003  0.893504865565652     
   30.1200000000000       9.479203597880669E-003  0.893436222075612     
   30.1500000000000       9.477314735223391E-003  0.893367580334621     
   30.1800000000000       9.475433831792673E-003  0.893298940205968     
   30.2100000000000       9.473560772364758E-003  0.893230301815875     
   30.2400000000000       9.471695580412182E-003  0.893161665030700     
   30.2700000000000       9.469838206973365E-003  0.893093029934820     
   30.3000000000000       9.467988598835592E-003  0.893024396469121     
   30.3300000000000       9.466146783226910E-003  0.892955764622226     
   30.3600000000000       9.464312642968205E-003  0.892887134438236     
   30.3900000000000       9.462486248117992E-003  0.892818505811204     
   30.4200000000000       9.460667467121792E-003  0.892749878857693     
   30.4500000000000       9.458856354962493E-003  0.892681253432715     
   30.4800000000000       9.457052823705476E-003  0.892612629652946     
   30.5100000000000       9.455256863913982E-003  0.892544007412330     
   30.5400000000000       9.453468464048232E-003  0.892475386755533     
   30.5700000000000       9.451687538234431E-003  0.892406767671166     
   30.6000000000000       9.449914140503082E-003  0.892338150101166     
   30.6300000000000       9.448148140514137E-003  0.892269534130272     
   30.6600000000000       9.446389609878782E-003  0.892200919625877     
   30.6900000000000       9.444638431391079E-003  0.892132306715098     
   30.7200000000000       9.442894636032798E-003  0.892063695261676     
   30.7500000000000       9.441158169834702E-003  0.891995085357277     
   30.7800000000000       9.439428988316118E-003  0.891926476935032     
   30.8100000000000       9.437707114487416E-003  0.891857869993844     
   30.8400000000000       9.435992437105670E-003  0.891789264569671     
   30.8700000000000       9.434285026367280E-003  0.891720660564427     
   30.9000000000000       9.432584751218073E-003  0.891652058091450     
   30.9300000000000       9.430891672417398E-003  0.891583457006874     
   30.9600000000000       9.429205697531808E-003  0.891514857431741     
   30.9900000000000       9.427526826494495E-003  0.891446259253783     
   31.0200000000000       9.425855041665208E-003  0.891377662527946     
   31.0500000000000       9.424190265845770E-003  0.891309067232996     
   31.0800000000000       9.422532549875193E-003  0.891240473321810     
   31.1100000000000       9.420881767271461E-003  0.891171880871720     
   31.1400000000000       9.419237992403481E-003  0.891103289755786     
   31.1700000000000       9.417601105603971E-003  0.891034700101102     
   31.2000000000000       9.415971146310121E-003  0.890966111768655     
   31.2300000000000       9.414348053897528E-003  0.890897524858293     
   31.2600000000000       9.412731794353131E-003  0.890828939293597     
   31.2900000000000       9.411122384571508E-003  0.890760355085911     
   31.3200000000000       9.409519720730815E-003  0.890691772260548     
   31.3500000000000       9.407923871995207E-003  0.890623190729488     
   31.3800000000000       9.406334708182466E-003  0.890554610600960     
   31.4100000000000       9.404752295965886E-003  0.890486031733243     
   31.4400000000000       9.403176537422448E-003  0.890417454251454     
   31.4700000000000       9.401607443185260E-003  0.890348878036370     
   31.5000000000000       9.400044987709990E-003  0.890280303154628     
   31.5300000000000       9.398489104200018E-003  0.890211729573002     
   31.5600000000000       9.396939838572618E-003  0.890143157257622     
   31.5900000000000       9.395397069363175E-003  0.890074586275986     
   31.6200000000000       9.393860872964562E-003  0.890006016508748     
   31.6500000000000       9.392331127125233E-003  0.889937448081555     
   31.6800000000000       9.390807880324967E-003  0.889868880853107     
   31.7100000000000       9.389291063973347E-003  0.889800314931734     
   31.7400000000000       9.387780656079434E-003  0.889731750230192     
   31.7700000000000       9.386276665513144E-003  0.889663186774092     
   31.8000000000000       9.384778997544290E-003  0.889594624575719     
   31.8300000000000       9.383287718785199E-003  0.889526063559469     
   31.8600000000000       9.381802700771734E-003  0.889457503826216     
   31.8900000000000       9.380324015719040E-003  0.889388945237955     
   31.9200000000000       9.378851559712608E-003  0.889320387922951     
   31.9500000000000       9.377385355059661E-003  0.889251831754936     
   31.9800000000000       9.375925366677215E-003  0.889183276813097     
   32.0100000000000       9.374471539900951E-003  0.889114723050469     
   32.0400000000000       9.373023913832899E-003  0.889046170448591     
   32.0700000000000       9.371582373549403E-003  0.888977619062611     
   32.1000000000000       9.370146996192503E-003  0.888909068783055     
   32.1300000000000       9.368717657418308E-003  0.888840519732155     
   32.1600000000000       9.367294414802774E-003  0.888771971767463     
   32.1900000000000       9.365877190876023E-003  0.888703425005413     
   32.2200000000000       9.364465976985186E-003  0.888634879347271     
   32.2500000000000       9.363060772131771E-003  0.888566334834312     
   32.2800000000000       9.361661492488692E-003  0.888497791463627     
   32.3100000000000       9.360268200282780E-003  0.888429249174431     
   32.3400000000000       9.358880770068677E-003  0.888360708057694     
   32.3700000000000       9.357499278698469E-003  0.888292167981224     
   32.4000000000000       9.356123616308160E-003  0.888223629074857     
   32.4300000000000       9.354753817378965E-003  0.888155091205895     
   32.4600000000000       9.353389835990256E-003  0.888086554466299     
   32.4900000000000       9.352031631238038E-003  0.888018018794109     
   32.5200000000000       9.350679233383901E-003  0.887949484188182     
   32.5500000000000       9.349332535866317E-003  0.887880950688795     
   32.5800000000000       9.347991614918170E-003  0.887812418198898     
   32.6100000000000       9.346656345079621E-003  0.887743886834851     
   32.6400000000000       9.345326792559431E-003  0.887675356454853     
   32.6700000000000       9.344002870552384E-003  0.887606827182352     
   32.7000000000000       9.342684584723744E-003  0.887538298907145     
   32.7300000000000       9.341371922528253E-003  0.887469771687031     
   32.7600000000000       9.340064812905885E-003  0.887401245502070     
   32.7900000000000       9.338763311602990E-003  0.887332720308653     
   32.8200000000000       9.337467297929756E-003  0.887264196185079     
   32.8500000000000       9.336176851964502E-003  0.887195673007541     
   32.8800000000000       9.334891858471452E-003  0.887127150905213     
   32.9100000000000       9.333612364139496E-003  0.887058629740338     
   32.9400000000000       9.332338311245173E-003  0.886990109617147     
   32.9700000000000       9.331069674077451E-003  0.886921590458049     
   33.0000000000000       9.329806472037161E-003  0.886853072280727     
   33.0300000000000       9.328548608999371E-003  0.886784555108211     
   33.0600000000000       9.327296158182004E-003  0.886716038858587     
   33.0900000000000       9.326048994550929E-003  0.886647523639459     
   33.1200000000000       9.324807191902752E-003  0.886579009312113     
   33.1500000000000       9.323570654175597E-003  0.886510496005167     
   33.1800000000000       9.322339401928051E-003  0.886441983597744     
   33.2100000000000       9.321113409593931E-003  0.886373472164362     
   33.2400000000000       9.319892620763465E-003  0.886304961666698     
   33.2700000000000       9.318677082413093E-003  0.886236452080468     
   33.3000000000000       9.317466680728050E-003  0.886167943468449     
   33.3300000000000       9.316261497067846E-003  0.886099435718169     
   33.3600000000000       9.315061412019675E-003  0.886030928955308     
   33.3900000000000       9.313866483904762E-003  0.885962423039167     
   33.4200000000000       9.312676642731971E-003  0.885893918084970     
   33.4500000000000       9.311491879140649E-003  0.885825413999575     
   33.4800000000000       9.310312199720453E-003  0.885756910820465     
   33.5100000000000       9.309137520971025E-003  0.885688408551336     
   33.5400000000000       9.307967910689328E-003  0.885619907128143     
   33.5700000000000       9.306803246298701E-003  0.885551406646544     
   33.6000000000000       9.305643607530016E-003  0.885482906973913     
   33.6300000000000       9.304488889778034E-003  0.885414408241463     
   33.6600000000000       9.303339128530482E-003  0.885345910319251     
   33.6900000000000       9.302194284126517E-003  0.885277413297950     
   33.7200000000000       9.301054316495213E-003  0.885208917120119     
   33.7500000000000       9.299919261475019E-003  0.885140421782580     
   33.7800000000000       9.298789014568140E-003  0.885071927329825     
   33.8100000000000       9.297663656008669E-003  0.885003433663896     
   33.8400000000000       9.296543063984744E-003  0.884934940903641     
   33.8700000000000       9.295427307281749E-003  0.884866448908260     
   33.9000000000000       9.294316303715954E-003  0.884797957801865     
   33.9300000000000       9.293210060977991E-003  0.884729467476670     
   33.9600000000000       9.292108571151370E-003  0.884660977990241     
   33.9900000000000       9.291011765577794E-003  0.884592489325337     
   34.0200000000000       9.289919703961666E-003  0.884524001438331     
   34.0500000000000       9.288832268677974E-003  0.884455514409613     
   34.0800000000000       9.287749543164178E-003  0.884387028116090     
   34.1100000000000       9.286671415633760E-003  0.884318542688316     
   34.1400000000000       9.285597935929901E-003  0.884250057989719     
   34.1700000000000       9.284529049690132E-003  0.884181574125708     
   34.2000000000000       9.283464734569022E-003  0.884113091019766     
   34.2300000000000       9.282405013034038E-003  0.884044608691039     
   34.2600000000000       9.281349792470653E-003  0.883976127163261     
   34.2900000000000       9.280299149181799E-003  0.883907646356209     
   34.3200000000000       9.279252961327493E-003  0.883839166378204     
   34.3500000000000       9.278211306300693E-003  0.883770687091820     
   34.3800000000000       9.277174090499961E-003  0.883702208627141     
   34.4100000000000       9.276141338811848E-003  0.883633730863526     
   34.4400000000000       9.275113027500875E-003  0.883565253878094     
   34.4700000000000       9.274089104754114E-003  0.883496777631713     
   34.5000000000000       9.273069619513789E-003  0.883428302103351     
   34.5300000000000       9.272054461880893E-003  0.883359827354870     
   34.5600000000000       9.271043716258615E-003  0.883291353276431     
   34.5900000000000       9.270037265706176E-003  0.883222879994104     
   34.6200000000000       9.269035173146036E-003  0.883154407367913     
   34.6500000000000       9.268037369539142E-003  0.883085935515702     
   34.6800000000000       9.267043851205378E-003  0.883017464342794     
   34.7100000000000       9.266054625220118E-003  0.882948993891149     
   34.7400000000000       9.265069613441416E-003  0.882880524161764     
   34.7700000000000       9.264088885203518E-003  0.882812055095209     
   34.8000000000000       9.263112321473444E-003  0.882743586785406     
   34.8300000000000       9.262140005794122E-003  0.882675119102277     
   34.8600000000000       9.261171834595091E-003  0.882606652178212     
   34.8900000000000       9.260207849423172E-003  0.882538185882415     
   34.9200000000000       9.259248009962959E-003  0.882469720310093     
   34.9500000000000       9.258292282976680E-003  0.882401255400112     
   34.9800000000000       9.257340703925735E-003  0.882332791155605     
   35.0100000000000       9.256393173714227E-003  0.882264327616948     
   35.0400000000000       9.255449774538651E-003  0.882195864691341     
   35.0700000000000       9.254510386906103E-003  0.882127402496131     
   35.1000000000000       9.253575084858625E-003  0.882058940891878     
   35.1300000000000       9.252643785422772E-003  0.881990480005651     
   35.1600000000000       9.251716503907798E-003  0.881922019726510     
   35.1900000000000       9.250793230368115E-003  0.881853560118816     
   35.2200000000000       9.249873903603862E-003  0.881785101159569     
   35.2500000000000       9.248958582816946E-003  0.881716642812778     
   35.2800000000000       9.248047154998901E-003  0.881648185154157     
   35.3100000000000       9.247139706768619E-003  0.881579728065260     
   35.3400000000000       9.246236126803966E-003  0.881511271676485     
   35.3700000000000       9.245336472039399E-003  0.881442815850448     
   35.4000000000000       9.244440685442869E-003  0.881374360698002     
   35.4300000000000       9.243548753580168E-003  0.881305906136863     
   35.4600000000000       9.242660696062560E-003  0.881237452195106     
   35.4900000000000       9.241776427604311E-003  0.881168998889193     
   35.5200000000000       9.240896024722304E-003  0.881100546146975     
   35.5500000000000       9.240019368587735E-003  0.881032094072641     
   35.5800000000000       9.239146541668459E-003  0.880963642531772     
   35.6100000000000       9.238277448581970E-003  0.880895191656630     
   35.6400000000000       9.237412123214821E-003  0.880826741322903     
   35.6700000000000       9.236550537565525E-003  0.880758291615927     
   35.7000000000000       9.235692649450549E-003  0.880689842488348     
   35.7300000000000       9.234838504869666E-003  0.880621393929616     
   35.7600000000000       9.233988000303691E-003  0.880552945993741     
   35.7900000000000       9.233141221905534E-003  0.880484498578272     
   35.8200000000000       9.232298053480692E-003  0.880416051806855     
   35.8500000000000       9.231458565301484E-003  0.880347605539866     
   35.8800000000000       9.230622684267555E-003  0.880279159900381     
   35.9100000000000       9.229790417325990E-003  0.880210714786877     
   35.9400000000000       9.228961766257442E-003  0.880142270252164     
   35.9700000000000       9.228136662474183E-003  0.880073826287150     
   36.0000000000000       9.227315173227920E-003  0.880005382843498     
   36.0300000000000       9.226497183973338E-003  0.879936940007865     
   36.0600000000000       9.225682782252552E-003  0.879868497655681     
   36.0900000000000       9.224871862605816E-003  0.879800055919676     
   36.1200000000000       9.224064476261807E-003  0.879731614666004     
   36.1500000000000       9.223260576863394E-003  0.879663173998480     
   36.1800000000000       9.222460142800844E-003  0.879594733846102     
   36.2100000000000       9.221663204071430E-003  0.879526294224881     
   36.2400000000000       9.220869670108784E-003  0.879457855164213     
   36.2700000000000       9.220079622763012E-003  0.879389416581816     
   36.3000000000000       9.219292944447628E-003  0.879320978589600     
   36.3300000000000       9.218509715914248E-003  0.879252541050660     
   36.3600000000000       9.217729849544384E-003  0.879184104095953     
   36.3900000000000       9.216953372404319E-003  0.879115667607730     
   36.4200000000000       9.216180267132421E-003  0.879047231662215     
   36.4500000000000       9.215410484319926E-003  0.878978796224105     
   36.4800000000000       9.214644078460864E-003  0.878910361271341     
   36.5100000000000       9.213880943137446E-003  0.878841926869001     
   36.5400000000000       9.213121167133732E-003  0.878773492907295     
   36.5700000000000       9.212364637957609E-003  0.878705059514173     
   36.6000000000000       9.211611422115885E-003  0.878636626550964     
   36.6300000000000       9.210861455434573E-003  0.878568194136374     
   36.6600000000000       9.210114737698066E-003  0.878499762177624     
   36.6900000000000       9.209371280584607E-003  0.878431330717340     
   36.7200000000000       9.208631009786233E-003  0.878362899758236     
   36.7500000000000       9.207893998841376E-003  0.878294469241899     
   36.7800000000000       9.207160132743832E-003  0.878226039263568     
   36.8100000000000       9.206429499187412E-003  0.878157609694401     
   36.8400000000000       9.205701998396206E-003  0.878089180668129     
   36.8700000000000       9.204977676441316E-003  0.878020752054831     
   36.9000000000000       9.204256496282145E-003  0.877952323951646     
   36.9300000000000       9.203538429567695E-003  0.877883896297571     
   36.9600000000000       9.202823514872732E-003  0.877815469098324     
   36.9900000000000       9.202111657779725E-003  0.877747042394000     
   37.0200000000000       9.201402944102424E-003  0.877678616094310     
   37.0500000000000       9.200697258076556E-003  0.877610190316930     
   37.0800000000000       9.199994678523334E-003  0.877541764923736     
   37.1100000000000       9.199295124900453E-003  0.877473340043743     
   37.1400000000000       9.198598618397235E-003  0.877404915565463     
   37.1700000000000       9.197905150728276E-003  0.877336491556966     
   37.2000000000000       9.197214666702808E-003  0.877268067993310     
   37.2300000000000       9.196527227685252E-003  0.877199644842869     
   37.2600000000000       9.195842725454711E-003  0.877131222179649     
   37.2900000000000       9.195161250512686E-003  0.877062799888316     
   37.3200000000000       9.194482694163482E-003  0.876994378099699     
   37.3500000000000       9.193807119381583E-003  0.876925956676709     
   37.3800000000000       9.193134469863168E-003  0.876857535733713     
   37.4100000000000       9.192464739433557E-003  0.876789115185788     
   37.4400000000000       9.191797948050279E-003  0.876720695066763     
   37.4700000000000       9.191134016996911E-003  0.876652275389264     
   37.5000000000000       9.190473024771542E-003  0.876583856086708     
   37.5300000000000       9.189814856597121E-003  0.876515437261049     
   37.5600000000000       9.189159599874005E-003  0.876447018780513     
   37.5900000000000       9.188507160137685E-003  0.876378600778990     
   37.6200000000000       9.187857578915099E-003  0.876310183130503     
   37.6500000000000       9.187210827242782E-003  0.876241765926108     
   37.6800000000000       9.186566871261209E-003  0.876173349113489     
   37.7100000000000       9.185925756580005E-003  0.876104932689699     
   37.7400000000000       9.185287386049099E-003  0.876036516703616     
   37.7700000000000       9.184651848453200E-003  0.875968101058658     
   37.8000000000000       9.184019030131767E-003  0.875899685876790     
   37.8300000000000       9.183389007945493E-003  0.875831271019491     
   37.8600000000000       9.182761707717932E-003  0.875762856613575     
   37.8900000000000       9.182137145631512E-003  0.875694442553290     
   37.9200000000000       9.181515321104670E-003  0.875626028899582     
   37.9500000000000       9.180896174374080E-003  0.875557615636292     
   37.9800000000000       9.180279772344774E-003  0.875489202723922     
   38.0100000000000       9.179666005787041E-003  0.875420790243638     
   38.0400000000000       9.179054966307151E-003  0.875352378075944     
   38.0700000000000       9.178446548868980E-003  0.875283966353551     
   38.1000000000000       9.177840813311258E-003  0.875215554941237     
   38.1300000000000       9.177237710163773E-003  0.875147143949296     
   38.1600000000000       9.176637228335375E-003  0.875078733299705     
   38.1900000000000       9.176039394682329E-003  0.875010323018817     
   38.2200000000000       9.175444127172227E-003  0.874941913127486     
   38.2500000000000       9.174851508178150E-003  0.874873503552563     
   38.2800000000000       9.174261423604781E-003  0.874805094401235     
   38.3100000000000       9.173673960331009E-003  0.874736685539757     
   38.3400000000000       9.173089028740127E-003  0.874668277101683     
   38.3700000000000       9.172506666475615E-003  0.874599868964768     
   38.4000000000000       9.171926851420698E-003  0.874531461214687     
   38.4300000000000       9.171349545335486E-003  0.874463053806547     
   38.4600000000000       9.170774799600724E-003  0.874394646730194     
   38.4900000000000       9.170202515159402E-003  0.874326240041667     
   38.5200000000000       9.169632783035212E-003  0.874257833639458     
   38.5500000000000       9.169065491734543E-003  0.874189427648721     
   38.5800000000000       9.168500716340256E-003  0.874121021931042     
   38.6100000000000       9.167938388213477E-003  0.874052616611019     
   38.6400000000000       9.167378519406888E-003  0.873984211587996     
   38.6700000000000       9.166821115791373E-003  0.873915806916820     
   38.7000000000000       9.166266114074645E-003  0.873847402588686     
   38.7300000000000       9.165713585610368E-003  0.873778998557676     
   38.7600000000000       9.165163420701769E-003  0.873710594910676     
   38.7900000000000       9.164615711702299E-003  0.873642191525076     
   38.8200000000000       9.164070356959514E-003  0.873573788534786     
   38.8500000000000       9.163527413594099E-003  0.873505385806512     
   38.8800000000000       9.162986838026251E-003  0.873436983446878     
   38.9100000000000       9.162448615176965E-003  0.873368581383795     
   38.9400000000000       9.161912777615626E-003  0.873300179637356     
   38.9700000000000       9.161379240844408E-003  0.873231778235192     
   39.0000000000000       9.160848090324447E-003  0.873163377098903     
   39.0300000000000       9.160319212830198E-003  0.873094976339747     
   39.0600000000000       9.159792694705945E-003  0.873026575822686     
   39.0900000000000       9.159268450600418E-003  0.872958175680681     
   39.1200000000000       9.158746514940955E-003  0.872889775794869     
   39.1500000000000       9.158226871392354E-003  0.872821376246286     
   39.1800000000000       9.157709478248377E-003  0.872752976996284     
   39.2100000000000       9.157194391619501E-003  0.872684578028788     
   39.2400000000000       9.156681511155406E-003  0.872616179405632     
   39.2700000000000       9.156170929611488E-003  0.872547781021474     
   39.3000000000000       9.155662537591848E-003  0.872479383003835     
   39.3300000000000       9.155156408609623E-003  0.872410985214694     
   39.3600000000000       9.154652478837320E-003  0.872342587776567     
   39.3900000000000       9.154150756967943E-003  0.872274190593217     
   39.4200000000000       9.153651254249493E-003  0.872205793714364     
   39.4500000000000       9.153153904657551E-003  0.872137397137283     
   39.4800000000000       9.152658783164274E-003  0.872069000810873     
   39.5100000000000       9.152165779986291E-003  0.872000604826566     
   39.5400000000000       9.151674987972888E-003  0.871932209059435     
   39.5700000000000       9.151186308527980E-003  0.871863813644132     
   39.6000000000000       9.150699796504477E-003  0.871795418449202     
   39.6300000000000       9.150215413305969E-003  0.871727023578072     
   39.6600000000000       9.149733140708469E-003  0.871658628963664     
   39.6900000000000       9.149253015973073E-003  0.871590234620911     
   39.7200000000000       9.148774952794220E-003  0.871521840582958     
   39.7500000000000       9.148299039092129E-003  0.871453446767249     
   39.7800000000000       9.147825162665154E-003  0.871385053288199     
   39.8100000000000       9.147353409329415E-003  0.871316660009945     
   39.8400000000000       9.146883697448809E-003  0.871248267064754     
   39.8700000000000       9.146416058833057E-003  0.871179874336734     
   39.9000000000000       9.145950481994675E-003  0.871111481903008     
   39.9300000000000       9.145486922523101E-003  0.871043089730106     
   39.9600000000000       9.145025440383496E-003  0.870974697797148     
   39.9900000000000       9.144565934422430E-003  0.870906306170620     
