 
      0.000000000000      0.016663466353      0.000000000000
      0.003921568627      0.016659339726      0.000000000000
      0.007843137255      0.016649819176      0.000000000000
      0.011764705882      0.016645785508      0.000000000000
      0.015686274510      0.016674626705      0.000000000000
      0.019607843137      0.016798817540      0.000000000000
      0.023529411765      0.017142092168      0.000000000000
      0.027450980392      0.017885548288      0.000000000000
      0.031372549020      0.019180046191      0.000000000000
      0.035294117647      0.021076862029      0.000000000000
      0.039215686275      0.023588185159      0.000000000000
      0.043137254902      0.026746599729      0.000000000000
      0.047058823529      0.030622569230      0.000000000000
      0.050980392157      0.035325144847      0.000000000000
      0.054901960784      0.040995913351      0.000000000000
      0.058823529412      0.047807012785      0.000000000000
      0.062745098039      0.055963530889      0.000000000000
      0.066666666667      0.065708309343      0.000000000000
      0.070588235294      0.077328126692      0.000000000000
      0.074509803922      0.091160267742      0.000000000000
      0.078431372549      0.107597593623      0.000000000000
      0.082352941176      0.127087169739      0.000000000000
      0.086274509804      0.150109347015      0.000000000000
      0.090196078431      0.177106046777      0.000000000003
      0.094117647059      0.208302160128      0.000000000033
      0.098039215686      0.243384493782      0.000000000613
      0.101960784314      0.281194386364      0.000000018315
      0.105882352941      0.320092330206      0.000000911615
      0.109803921569      0.357425554152      0.000075449692
      0.113725490196      0.390106116779      0.009461981612
      0.117647058824      0.412489237983      0.265539086516
      0.121568627451      0.319231053645      0.783954609407
      0.125490196078      0.009062505019      0.998535770193
      0.129411764706      0.000000000001      1.000000000000
      0.133333333333      0.000000000000      1.000000000000
      0.137254901961      0.000000000000      1.000000000000
      0.141176470588      0.000000000000      1.000000000000
      0.145098039216      0.000000000000      1.000000000000
      0.149019607843      0.000000000000      1.000000000000
      0.152941176471      0.000000000000      1.000000000000
      0.156862745098      0.000000000000      1.000000000000
      0.160784313725      0.000000000000      1.000000000000
      0.164705882353      0.000000000000      1.000000000000
      0.168627450980      0.000000000000      1.000000000000
      0.172549019608      0.000000000000      1.000000000000
      0.176470588235      0.000000000000      1.000000000000
      0.180392156863      0.000000000000      1.000000000000
      0.184313725490      0.000000000000      1.000000000000
      0.188235294118      0.000000000000      1.000000000000
      0.192156862745      0.000000000000      1.000000000000
      0.196078431373      0.000000000000      1.000000000000
      0.200000000000      0.000000000000      1.000000000000
      0.203921568627      0.000000000000      1.000000000000
      0.207843137255      0.000000000000      1.000000000000
      0.211764705882      0.000000000000      1.000000000000
      0.215686274510      0.000000000000      1.000000000000
      0.219607843137      0.000000000000      1.000000000000
      0.223529411765      0.000000000000      1.000000000000
      0.227450980392      0.000000000000      1.000000000000
      0.231372549020      0.000000000000      1.000000000000
      0.235294117647      0.000000000000      1.000000000000
      0.239215686275      0.000000000000      1.000000000000
      0.243137254902      0.000000000000      1.000000000000
      0.247058823529      0.000000000000      1.000000000000
      0.250980392157      0.000000000000      1.000000000000
      0.254901960784      0.000000000000      1.000000000000
      0.258823529412      0.000000000000      1.000000000000
      0.262745098039      0.000000000000      1.000000000000
      0.266666666667      0.000000000000      1.000000000000
      0.270588235294      0.000000000000      1.000000000000
      0.274509803922      0.000000000000      1.000000000000
      0.278431372549      0.000000000000      1.000000000000
      0.282352941176      0.000000000000      1.000000000000
      0.286274509804      0.000000000000      1.000000000000
      0.290196078431      0.000000000000      1.000000000000
      0.294117647059      0.000000000000      1.000000000000
      0.298039215686      0.000000000000      1.000000000000
      0.301960784314      0.000000000000      1.000000000000
      0.305882352941      0.000000000000      1.000000000000
      0.309803921569      0.000000000000      1.000000000000
      0.313725490196      0.000000000000      1.000000000000
      0.317647058824      0.000000000000      1.000000000000
      0.321568627451      0.000000000000      1.000000000000
      0.325490196078      0.000000000000      1.000000000000
      0.329411764706      0.000000000000      1.000000000000
      0.333333333333      0.000000000000      1.000000000000
      0.337254901961      0.000000000000      1.000000000000
      0.341176470588      0.000000000000      1.000000000000
      0.345098039216      0.000000000000      1.000000000000
      0.349019607843      0.000000000000      1.000000000000
      0.352941176471      0.000000000000      1.000000000000
      0.356862745098      0.000000000000      1.000000000000
      0.360784313725      0.000000000000      1.000000000000
      0.364705882353      0.000000000000      1.000000000000
      0.368627450980      0.000000000000      1.000000000000
      0.372549019608      0.000000000000      1.000000000000
      0.376470588235      0.000000000000      1.000000000000
      0.380392156863      0.000000000000      1.000000000000
      0.384313725490      0.000000000000      1.000000000000
      0.388235294118      0.000000000000      1.000000000000
      0.392156862745      0.000000000000      1.000000000000
      0.396078431373      0.000000000000      1.000000000000
      0.400000000000      0.000000000000      1.000000000000
      0.403921568627      0.000000000000      1.000000000000
      0.407843137255      0.000000000000      1.000000000000
      0.411764705882      0.000000000000      1.000000000000
      0.415686274510      0.000000000000      1.000000000000
      0.419607843137      0.000000000000      1.000000000000
      0.423529411765      0.000000000000      1.000000000000
      0.427450980392      0.000000000000      1.000000000000
      0.431372549020      0.000000000000      1.000000000000
      0.435294117647      0.000000000000      1.000000000000
      0.439215686275      0.000000000000      1.000000000000
      0.443137254902      0.000000000000      1.000000000000
      0.447058823529      0.000000000000      1.000000000000
      0.450980392157      0.000000000000      1.000000000000
      0.454901960784      0.000000000000      1.000000000000
      0.458823529412      0.000000000000      1.000000000000
      0.462745098039      0.000000000000      1.000000000000
      0.466666666667      0.000000000000      1.000000000000
      0.470588235294      0.000000000000      1.000000000000
      0.474509803922      0.000000000000      1.000000000000
      0.478431372549      0.000000000000      1.000000000000
      0.482352941176      0.000000000000      1.000000000000
      0.486274509804      0.000000000000      1.000000000000
      0.490196078431      0.000000000000      1.000000000000
      0.494117647059      0.000000000000      1.000000000000
      0.498039215686      0.000000000000      1.000000000000
      0.501960784314      0.000000000000      1.000000000000
      0.505882352941      0.000000000000      1.000000000000
      0.509803921569      0.000000000000      1.000000000000
      0.513725490196      0.000000000000      1.000000000000
      0.517647058824      0.000000000000      1.000000000000
      0.521568627451      0.000000000000      1.000000000000
      0.525490196078      0.000000000000      1.000000000000
      0.529411764706      0.000000000000      1.000000000000
      0.533333333333      0.000000000000      1.000000000000
      0.537254901961      0.000000000000      1.000000000000
      0.541176470588      0.000000000000      1.000000000000
      0.545098039216      0.000000000000      1.000000000000
      0.549019607843      0.000000000000      1.000000000000
      0.552941176471      0.000000000000      1.000000000000
      0.556862745098      0.000000000000      1.000000000000
      0.560784313725      0.000000000000      1.000000000000
      0.564705882353      0.000000000000      1.000000000000
      0.568627450980      0.000000000000      1.000000000000
      0.572549019608      0.000000000000      1.000000000000
      0.576470588235      0.000000000000      1.000000000000
      0.580392156863      0.000000000000      1.000000000000
      0.584313725490      0.000000000000      1.000000000000
      0.588235294118      0.000000000000      1.000000000000
      0.592156862745      0.000000000000      1.000000000000
      0.596078431373      0.000000000000      1.000000000000
      0.600000000000      0.000000000000      1.000000000000
      0.603921568627      0.000000000000      1.000000000000
      0.607843137255      0.000000000000      1.000000000000
      0.611764705882      0.000000000000      1.000000000000
      0.615686274510      0.000000000000      1.000000000000
      0.619607843137      0.000000000000      1.000000000000
      0.623529411765      0.000000000000      1.000000000000
      0.627450980392      0.000000000000      1.000000000000
      0.631372549020      0.000000000000      1.000000000000
      0.635294117647      0.000000000000      1.000000000000
      0.639215686275      0.000000000000      1.000000000000
      0.643137254902      0.000000000000      1.000000000000
      0.647058823529      0.000000000000      1.000000000000
      0.650980392157      0.000000000000      1.000000000000
      0.654901960784      0.000000000000      1.000000000000
      0.658823529412      0.000000000000      1.000000000000
      0.662745098039      0.000000000000      1.000000000000
      0.666666666667      0.000000000000      1.000000000000
      0.670588235294      0.000000000000      1.000000000000
      0.674509803922      0.000000000000      1.000000000000
      0.678431372549      0.000000000000      1.000000000000
      0.682352941176      0.000000000000      1.000000000000
      0.686274509804      0.000000000000      1.000000000000
      0.690196078431      0.000000000000      1.000000000000
      0.694117647059      0.000000000000      1.000000000000
      0.698039215686      0.000000000000      1.000000000000
      0.701960784314      0.000000000000      1.000000000000
      0.705882352941      0.000000000000      1.000000000000
      0.709803921569      0.000000000000      1.000000000000
      0.713725490196      0.000000000000      1.000000000000
      0.717647058824      0.000000000000      1.000000000000
      0.721568627451      0.000000000000      1.000000000000
      0.725490196078      0.000000000000      1.000000000000
      0.729411764706      0.000000000000      1.000000000000
      0.733333333333      0.000000000000      1.000000000000
      0.737254901961      0.000000000000      1.000000000000
      0.741176470588      0.000000000000      1.000000000000
      0.745098039216      0.000000000000      1.000000000000
      0.749019607843      0.000000000000      1.000000000000
      0.752941176471      0.000000000000      1.000000000000
      0.756862745098      0.000000000000      1.000000000000
      0.760784313725      0.000000000000      1.000000000000
      0.764705882353      0.000000000000      1.000000000000
      0.768627450980      0.000000000000      1.000000000000
      0.772549019608      0.000000000000      1.000000000000
      0.776470588235      0.000000000000      1.000000000000
      0.780392156863      0.000000000000      1.000000000000
      0.784313725490      0.000000000000      1.000000000000
      0.788235294118      0.000000000000      1.000000000000
      0.792156862745      0.000000000000      1.000000000000
      0.796078431373      0.000000000000      1.000000000000
      0.800000000000      0.000000000000      1.000000000000
      0.803921568627      0.000000000000      1.000000000000
      0.807843137255      0.000000000000      1.000000000000
      0.811764705882      0.000000000000      1.000000000000
      0.815686274510      0.000000000000      1.000000000000
      0.819607843137      0.000000000000      1.000000000000
      0.823529411765      0.000000000000      1.000000000000
      0.827450980392      0.000000000000      1.000000000000
      0.831372549020      0.000000000000      1.000000000000
      0.835294117647      0.000000000000      1.000000000000
      0.839215686275      0.000000000000      1.000000000000
      0.843137254902      0.000000000000      1.000000000000
      0.847058823529      0.000000000000      1.000000000000
      0.850980392157      0.000000000000      1.000000000000
      0.854901960784      0.000000000000      1.000000000000
      0.858823529412      0.000000000000      1.000000000000
      0.862745098039      0.000000000000      1.000000000000
      0.866666666667      0.000000000000      1.000000000000
      0.870588235294      0.000000000000      1.000000000000
      0.874509803922      0.000000000000      1.000000000000
      0.878431372549      0.000000000000      1.000000000000
      0.882352941176      0.000000000000      1.000000000000
      0.886274509804      0.000000000000      1.000000000000
      0.890196078431      0.000000000000      1.000000000000
      0.894117647059      0.000000000000      1.000000000000
      0.898039215686      0.000000000000      1.000000000000
      0.901960784314      0.000000000000      1.000000000000
      0.905882352941      0.000000000000      1.000000000000
      0.909803921569      0.000000000000      1.000000000000
      0.913725490196      0.000000000000      1.000000000000
      0.917647058824      0.000000000000      1.000000000000
      0.921568627451      0.000000000000      1.000000000000
      0.925490196078      0.000000000000      1.000000000000
      0.929411764706      0.000000000000      1.000000000000
      0.933333333333      0.000000000000      1.000000000000
      0.937254901961      0.000000000000      1.000000000000
      0.941176470588      0.000000000000      1.000000000000
      0.945098039216      0.000000000000      1.000000000000
      0.949019607843      0.000000000000      1.000000000000
      0.952941176471      0.000000000000      1.000000000000
      0.956862745098      0.000000000000      1.000000000000
      0.960784313725      0.000000000000      1.000000000000
      0.964705882353      0.000000000000      1.000000000000
      0.968627450980      0.000000000000      1.000000000000
      0.972549019608      0.000000000000      1.000000000000
      0.976470588235      0.000000000000      1.000000000000
      0.980392156863      0.000000000000      1.000000000000
      0.984313725490      0.000000000000      1.000000000000
      0.988235294118      0.000000000000      1.000000000000
      0.992156862745      0.000000000000      1.000000000000
      0.996078431373      0.000000000000      1.000000000000
      1.000000000000      0.000000000000      1.000000000000
