  3.000000000000000E-002  3.173802805890720E-003  0.999911753065944     
  6.000000000000000E-002  3.243659515286586E-003  0.999777007669252     
  9.000000000000000E-002  3.315012884891094E-003  0.999639360802158     
  0.120000000000000       3.387892847674752E-003  0.999498753653135     
  0.150000000000000       3.462329815199282E-003  0.999355126423025     
  0.180000000000000       3.538354677571686E-003  0.999208418321331     
  0.210000000000000       3.615998802744340E-003  0.999058567563535     
  0.240000000000000       3.695294035103346E-003  0.998905511369536     
  0.270000000000000       3.776272693281262E-003  0.998749185963325     
  0.300000000000000       3.858967567127602E-003  0.998589526573980     
  0.330000000000000       3.943411913762383E-003  0.998426467438143     
  0.360000000000000       4.029639452634869E-003  0.998259941804074     
  0.390000000000000       4.117684359501131E-003  0.998089881937445     
  0.420000000000000       4.207581259228741E-003  0.997916219129023     
  0.450000000000000       4.299365217328426E-003  0.997738883704395     
  0.480000000000000       4.393071730105246E-003  0.997557805035939     
  0.510000000000000       4.488736713312395E-003  0.997372911557212     
  0.540000000000000       4.586396489181452E-003  0.997184130779968     
  0.570000000000000       4.686087771692720E-003  0.996991389314048     
  0.600000000000000       4.787847649937367E-003  0.996794612890368     
  0.630000000000000       4.891713569411286E-003  0.996593726387287     
  0.660000000000000       4.997723311066946E-003  0.996388653860628     
  0.690000000000000       5.105914967934421E-003  0.996179318577683     
  0.720000000000000       5.216326919107031E-003  0.995965643055525     
  0.750000000000000       5.328997800869588E-003  0.995747549104005     
  0.780000000000000       5.443966474727923E-003  0.995524957873832     
  0.810000000000000       5.561271992076011E-003  0.995297789910169     
  0.840000000000000       5.680953555216876E-003  0.995065965212231     
  0.870000000000000       5.803050474424987E-003  0.994829403299375     
  0.900000000000000       5.927602120711948E-003  0.994588023284269     
  0.930000000000000       6.054647873925849E-003  0.994341743953742     
  0.960000000000000       6.184227065781812E-003  0.994090483857977     
  0.990000000000000       6.316378917383353E-003  0.993834161408779     
   1.02000000000000       6.451142470754683E-003  0.993572694987716     
   1.05000000000000       6.588556513862473E-003  0.993306003064996     
   1.08000000000000       6.728659498540495E-003  0.993034004330037     
   1.11000000000000       6.871489450711820E-003  0.992756617834750     
   1.14000000000000       7.017083872187906E-003  0.992473763150705     
   1.17000000000000       7.165479633321356E-003  0.992185360541392     
   1.20000000000000       7.316712855659503E-003  0.991891331150965     
   1.23000000000000       7.470818783716042E-003  0.991591597210969     
   1.26000000000000       7.627831644819997E-003  0.991286082266677     
   1.29000000000000       7.787784495987300E-003  0.990974711424872     
   1.32000000000000       7.950709056604643E-003  0.990657411625044     
   1.35000000000000       8.116635525549393E-003  0.990334111936192     
   1.38000000000000       8.285592381342652E-003  0.990004743881649     
   1.41000000000000       8.457606163694628E-003  0.989669241794566     
   1.44000000000000       8.632701234667276E-003  0.989327543206982     
   1.47000000000000       8.810899517491698E-003  0.988979589275701     
   1.50000000000000       8.992220210918011E-003  0.988625325248506     
   1.53000000000000       9.176679476638607E-003  0.988264700974644     
   1.56000000000000       9.364290097303786E-003  0.987897671463857     
   1.59000000000000       9.555061102013200E-003  0.987524197498735     
   1.62000000000000       9.748997356415176E-003  0.987144246305602     
   1.65000000000000       9.946099113514644E-003  0.986757792289703     
   1.68000000000000       1.014636152169054E-002  0.986364817841010     
   1.71000000000000       1.034977408550317E-002  0.985965314217617     
   1.74000000000000       1.055632007459871E-002  0.985559282514332     
   1.77000000000000       1.076597587577645E-002  0.985146734724820     
   1.80000000000000       1.097871028268404E-002  0.984727694906379     
   1.83000000000000       1.119448371689666E-002  0.984302200457245     
   1.86000000000000       1.141324737418141E-002  0.983870303517094     
   1.89000000000000       1.163494228885256E-002  0.983432072502221     
   1.92000000000000       1.185949830875213E-002  0.982987593787614     
   1.95000000000000       1.208683297352681E-002  0.982536973548790     
   1.98000000000000       1.231685028749933E-002  0.982080339776752     
   2.01000000000000       1.254943937975306E-002  0.981617844479649     
   2.04000000000000       1.278447304348315E-002  0.981149666084555     
   2.07000000000000       1.302180614628530E-002  0.980676012052052     
   2.10000000000000       1.326127390756843E-002  0.980197121714702     
   2.13000000000000       1.350269003676628E-002  0.979713269347866     
   2.16000000000000       1.374584473048474E-002  0.979224767477044     
   2.19000000000000       1.399050253704585E-002  0.978731970419589     
   2.22000000000000       1.423640008648290E-002  0.978235278049538     
   2.25000000000000       1.448324371876910E-002  0.977735139761592     
   2.28000000000000       1.473070702474267E-002  0.977232058592589     
   2.31000000000000       1.497842835391318E-002  0.976726595435624     
   2.34000000000000       1.522600834652845E-002  0.976219373250673     
   2.37000000000000       1.547300758874768E-002  0.975711081135659     
   2.40000000000000       1.571894450506120E-002  0.975202478070807     
   2.43000000000000       1.596329365649916E-002  0.974694396086538     
   2.46000000000000       1.620548464806650E-002  0.974187742529500     
   2.49000000000000       1.644490192419511E-002  0.973683501014414     
   2.52000000000000       1.668088575271518E-002  0.973182730554565     
   2.55000000000000       1.691273480462035E-002  0.972686562269262     
   2.58000000000000       1.713971074204451E-002  0.972196192985396     
   2.61000000000000       1.736104525574979E-002  0.971712875005939     
   2.64000000000000       1.757594999691839E-002  0.971237901339206     
   2.67000000000000       1.778362971789349E-002  0.970772585808774     
   2.70000000000000       1.798329876026624E-002  0.970318237736239     
   2.73000000000000       1.817420074851935E-002  0.969876131339706     
   2.76000000000000       1.835563088300349E-002  0.969447470629789     
   2.79000000000000       1.852695975899497E-002  0.969033351372911     
   2.82000000000000       1.868765711982122E-002  0.968634722525463     
   2.85000000000000       1.883731350828505E-002  0.968252350252100     
   2.88000000000000       1.897565764320482E-002  0.967886788012770     
   2.91000000000000       1.910256751252981E-002  0.967538356043491     
   2.94000000000000       1.921807369375430E-002  0.967207132769844     
   2.97000000000000       1.932235440083114E-002  0.966892959352225     
   3.00000000000000       1.941572270550983E-002  0.966595456918585     
   3.03000000000000       1.949860742581159E-002  0.966314054456698     
   3.06000000000000       1.957152979304420E-002  0.966048024164423     
   3.09000000000000       1.963507831069363E-002  0.965796520500121     
   3.12000000000000       1.968988401084653E-002  0.965558619331199     
   3.15000000000000       1.973659791888616E-002  0.965333354259545     
   3.18000000000000       1.977587294504879E-002  0.965119746532930     
   3.21000000000000       1.980834790471096E-002  0.964916830667359     
   3.24000000000000       1.983463421698015E-002  0.964723677196660     
   3.27000000000000       1.985531433993409E-002  0.964539398097483     
   3.30000000000000       1.987093179974246E-002  0.964363159286542     
   3.33000000000000       1.988198812521053E-002  0.964194190996035     
   3.36000000000000       1.988894704774584E-002  0.964031777885442     
   3.39000000000000       1.989222511706280E-002  0.963875277309713     
   3.42000000000000       1.989220306061835E-002  0.963724100643617     
   3.45000000000000       1.988922292388102E-002  0.963577719808583     
   3.48000000000000       1.988359482032748E-002  0.963435654202991     
   3.51000000000000       1.987559728119385E-002  0.963297473606343     
   3.54000000000000       1.986548100129859E-002  0.963162788912337     
   3.57000000000000       1.985347218095459E-002  0.963031250540450     
   3.60000000000000       1.983977318259739E-002  0.962902544421269     
   3.63000000000000       1.982456735463736E-002  0.962776386545827     
   3.66000000000000       1.980801924821628E-002  0.962652522115711     
   3.69000000000000       1.979027709318001E-002  0.962530720846457     
   3.72000000000000       1.977147526396985E-002  0.962410774397457     
   3.75000000000000       1.975173501679925E-002  0.962292494693426     
   3.78000000000000       1.973116602601252E-002  0.962175711306194     
   3.81000000000000       1.970986784071741E-002  0.962060269358156     
   3.84000000000000       1.968793100231257E-002  0.961946028014818     
   3.87000000000000       1.966543783309170E-002  0.961832859049723     
   3.90000000000000       1.964246331434842E-002  0.961720645508507     
   3.93000000000000       1.961907587847864E-002  0.961609280453239     
   3.96000000000000       1.959533804986826E-002  0.961498665966155     
   3.99000000000000       1.957130704833874E-002  0.961388712273792     
   4.02000000000000       1.954703530399291E-002  0.961279336931856     
   4.05000000000000       1.952257089696655E-002  0.961170464137478     
   4.08000000000000       1.949795794973023E-002  0.961062024121383     
   4.11000000000000       1.947323697840326E-002  0.960953952606672     
   4.14000000000000       1.944844520302106E-002  0.960846190332804     
   4.17000000000000       1.942361682076391E-002  0.960738682636745     
   4.20000000000000       1.939878324640805E-002  0.960631379085092     
   4.23000000000000       1.937397332263599E-002  0.960524233153523     
   4.26000000000000       1.934921350503430E-002  0.960417201948029     
   4.29000000000000       1.932452802945039E-002  0.960310245955165     
   4.32000000000000       1.929993905727212E-002  0.960203328817257     
   4.35000000000000       1.927546678821671E-002  0.960096417150330     
   4.38000000000000       1.925112957051909E-002  0.959989480381479     
   4.41000000000000       1.922694401296680E-002  0.959882490592858     
   4.44000000000000       1.920292504595273E-002  0.959775422436425     
   4.47000000000000       1.917908601242207E-002  0.959668253004890     
   4.50000000000000       1.915543874681053E-002  0.959560961723356     
   4.53000000000000       1.913199360169218E-002  0.959453530306741     
   4.56000000000000       1.910875945183641E-002  0.959345942696630     
   4.59000000000000       1.908574377241561E-002  0.959238185001979     
   4.62000000000000       1.906295264847314E-002  0.959130245520235     
   4.65000000000000       1.904039085106073E-002  0.959022114630283     
   4.68000000000000       1.901806181305344E-002  0.958913784817837     
   4.71000000000000       1.899596758123644E-002  0.958805250665122     
   4.74000000000000       1.897410888319362E-002  0.958696508856553     
   4.77000000000000       1.895248514284802E-002  0.958587558196306     
   4.80000000000000       1.893109451586713E-002  0.958478399548382     
   4.83000000000000       1.890993376931811E-002  0.958369035906474     
   4.86000000000000       1.888899835654779E-002  0.958259472372726     
   4.89000000000000       1.886828244884742E-002  0.958149716196717     
   4.92000000000000       1.884777897335763E-002  0.958039776689780     
   4.95000000000000       1.882747949614784E-002  0.957929665270197     
   4.98000000000000       1.880737433961084E-002  0.957819395431229     
   5.01000000000000       1.878745267530257E-002  0.957708982667301     
   5.04000000000000       1.876770251245496E-002  0.957598444398907     
   5.07000000000000       1.874811071511120E-002  0.957487799869498     
   5.10000000000000       1.872866317776072E-002  0.957377070080633     
   5.13000000000000       1.870934499221030E-002  0.957266277512515     
   5.16000000000000       1.869014040587797E-002  0.957155446009307     
   5.19000000000000       1.867103307640955E-002  0.957044600533452     
   5.22000000000000       1.865200632157341E-002  0.956933766867104     
   5.25000000000000       1.863304318553351E-002  0.956822971335836     
   5.28000000000000       1.861412665118406E-002  0.956712240471518     
   5.31000000000000       1.859523995023363E-002  0.956601600721903     
   5.34000000000000       1.857636672845418E-002  0.956491078047239     
   5.37000000000000       1.855749115412849E-002  0.956380697621002     
   5.40000000000000       1.853859823514623E-002  0.956270483573459     
   5.43000000000000       1.851967398554477E-002  0.956160458617506     
   5.46000000000000       1.850070540898014E-002  0.956050643874585     
   5.49000000000000       1.848168075191313E-002  0.955941058728069     
   5.52000000000000       1.846258959510927E-002  0.955831720592122     
   5.55000000000000       1.844342271369997E-002  0.955722644900156     
   5.58000000000000       1.842417224249555E-002  0.955613845107491     
   5.61000000000000       1.840483166908965E-002  0.955505332616838     
   5.64000000000000       1.838539560924465E-002  0.955397116901254     
   5.67000000000000       1.836585991320499E-002  0.955289205624950     
   5.70000000000000       1.834622156865649E-002  0.955181604673513     
   5.73000000000000       1.832647846247696E-002  0.955074318341184     
   5.76000000000000       1.830662946974937E-002  0.954967349502577     
   5.79000000000000       1.828667426951854E-002  0.954860699696869     
   5.82000000000000       1.826661318105734E-002  0.954754369311115     
   5.85000000000000       1.824644724738899E-002  0.954648357732633     
   5.88000000000000       1.822617796247256E-002  0.954542663471843     
   5.91000000000000       1.820580725704795E-002  0.954437284308504     
   5.94000000000000       1.818533753596654E-002  0.954332217371568     
   5.97000000000000       1.816477137395830E-002  0.954227459288924     
   6.00000000000000       1.814411165473524E-002  0.954123006299082     
   6.03000000000000       1.812336146626294E-002  0.954018854277961     
   6.06000000000000       1.810252394456978E-002  0.953914998859130     
   6.09000000000000       1.808160243907831E-002  0.953811435497387     
   6.12000000000000       1.806060024298837E-002  0.953708159525825     
   6.15000000000000       1.803952071532737E-002  0.953605166225532     
   6.18000000000000       1.801836725811489E-002  0.953502450820142     
   6.21000000000000       1.799714314449036E-002  0.953400008553473     
   6.24000000000000       1.797585172947296E-002  0.953297834714388     
   6.27000000000000       1.795449618467220E-002  0.953195924661551     
   6.30000000000000       1.793307967526446E-002  0.953094273861887     
   6.33000000000000       1.791160528131474E-002  0.952992877869008     
   6.36000000000000       1.789007593221451E-002  0.952891732369379     
   6.39000000000000       1.786849456995317E-002  0.952790833169559     
   6.42000000000000       1.784686389633884E-002  0.952690176224734     
   6.45000000000000       1.782518663468182E-002  0.952589757646119     
   6.48000000000000       1.780346529158234E-002  0.952489573692636     
   6.51000000000000       1.778170232986286E-002  0.952389620790484     
   6.54000000000000       1.775990008575751E-002  0.952289895506720     
   6.57000000000000       1.773806076103047E-002  0.952190394571627     
   6.60000000000000       1.771618652537685E-002  0.952091114853333     
   6.63000000000000       1.769427934198684E-002  0.951992053374322     
   6.66000000000000       1.767234119988781E-002  0.951893207297152     
   6.69000000000000       1.765037385381442E-002  0.951794573928301     
   6.72000000000000       1.762837909956317E-002  0.951696150713643     
   6.75000000000000       1.760635851179899E-002  0.951597935230825     
   6.78000000000000       1.758431369382840E-002  0.951499925190029     
   6.81000000000000       1.756224606382122E-002  0.951402118420022     
   6.84000000000000       1.754015704501266E-002  0.951304512870437     
   6.87000000000000       1.751804791877207E-002  0.951207106595916     
   6.90000000000000       1.749591994737669E-002  0.951109897757951     
   6.93000000000000       1.747377429189159E-002  0.951012884610027     
   6.96000000000000       1.745161207524019E-002  0.950916065498102     
   6.99000000000000       1.742943435192847E-002  0.950819438848201     
   7.02000000000000       1.740724212711004E-002  0.950723003165048     
   7.05000000000000       1.738503636056207E-002  0.950626757022581     
   7.08000000000000       1.736281796019290E-002  0.950530699060527     
   7.11000000000000       1.734058780156235E-002  0.950434827977825     
   7.14000000000000       1.731834671464523E-002  0.950339142527118     
   7.17000000000000       1.729609550036905E-002  0.950243641510932     
   7.20000000000000       1.727383492890364E-002  0.950148323774120     
   7.23000000000000       1.725156573544019E-002  0.950053188202642     
   7.26000000000000       1.722928864726107E-002  0.949958233714050     
   7.29000000000000       1.720700434238642E-002  0.949863459258590     
   7.32000000000000       1.718471352075525E-002  0.949768863808099     
   7.35000000000000       1.716241681217863E-002  0.949674446358878     
   7.38000000000000       1.714011490219286E-002  0.949580205919928     
   7.41000000000000       1.711780838244686E-002  0.949486141516692     
   7.44000000000000       1.709549793279227E-002  0.949392252180391     
   7.47000000000000       1.707318411838873E-002  0.949298536951286     
   7.50000000000000       1.705086761565850E-002  0.949204994871643     
   7.53000000000000       1.702854897615808E-002  0.949111624986677     
   7.56000000000000       1.700622886724166E-002  0.949018426343850     
   7.59000000000000       1.698390784076956E-002  0.948925397988985     
   7.62000000000000       1.696158654194414E-002  0.948832538973537     
   7.65000000000000       1.693926553924642E-002  0.948739848342703     
   7.68000000000000       1.691694544284885E-002  0.948647325149129     
   7.71000000000000       1.689462685406919E-002  0.948554968432131     
   7.74000000000000       1.687231034820943E-002  0.948462777233542     
   7.77000000000000       1.684999656695184E-002  0.948370750576279     
   7.80000000000000       1.682768606606703E-002  0.948278887478153     
   7.83000000000000       1.680537951264753E-002  0.948187186942626     
   7.86000000000000       1.678307746519720E-002  0.948095647964240     
   7.89000000000000       1.676078058055959E-002  0.948004269537079     
   7.92000000000000       1.673848944354583E-002  0.947913050643792     
   7.95000000000000       1.671620466959871E-002  0.947821990274610     
   7.98000000000000       1.669392689195491E-002  0.947731087399686     
   8.01000000000000       1.667165668891683E-002  0.947640340989113     
   8.04000000000000       1.664939473291684E-002  0.947549749995679     
   8.07000000000000       1.662714159303497E-002  0.947459313367566     
   8.10000000000000       1.660489792917005E-002  0.947369030056934     
   8.13000000000000       1.658266433484044E-002  0.947278899007787     
   8.16000000000000       1.656044141695463E-002  0.947188919176291     
   8.19000000000000       1.653822982109287E-002  0.947099089498078     
   8.22000000000000       1.651603011651962E-002  0.947009408910334     
   8.25000000000000       1.649384296679619E-002  0.946919876345989     
   8.28000000000000       1.647166894116548E-002  0.946830490738461     
   8.31000000000000       1.644950865206865E-002  0.946741251040168     
   8.34000000000000       1.642736271334320E-002  0.946652156188692     
   8.37000000000000       1.640523168439624E-002  0.946563205128191     
   8.40000000000000       1.638311620949226E-002  0.946474396795541     
   8.43000000000000       1.636101683555083E-002  0.946385730133513     
   8.46000000000000       1.633893415397899E-002  0.946297204108600     
   8.49000000000000       1.631686875284519E-002  0.946208817675134     
   8.52000000000000       1.629482116611029E-002  0.946120569795708     
   8.55000000000000       1.627279200719215E-002  0.946032459430322     
   8.58000000000000       1.625078179840176E-002  0.945944485548368     
   8.61000000000000       1.622879108818377E-002  0.945856647146522     
   8.64000000000000       1.620682044646740E-002  0.945768943205425     
   8.67000000000000       1.618487037129579E-002  0.945681372713327     
   8.70000000000000       1.616294143065414E-002  0.945593934671516     
   8.73000000000000       1.614103412688318E-002  0.945506628088847     
   8.76000000000000       1.611914895348164E-002  0.945419451995049     
   8.79000000000000       1.609728646260485E-002  0.945332405403465     
   8.82000000000000       1.607544711613886E-002  0.945245487339708     
   8.85000000000000       1.605363141397573E-002  0.945158696861109     
   8.88000000000000       1.603183985545454E-002  0.945072033014709     
   8.91000000000000       1.601007288270596E-002  0.944985494855130     
   8.94000000000000       1.598833099987613E-002  0.944899081449826     
   8.97000000000000       1.596661465130791E-002  0.944812791876436     
   9.00000000000000       1.594492426586868E-002  0.944726625231108     
   9.03000000000000       1.592326033334736E-002  0.944640580597197     
   9.06000000000000       1.590162325967378E-002  0.944554657074031     
   9.09000000000000       1.588001346459225E-002  0.944468853793441     
   9.12000000000000       1.585843140498587E-002  0.944383169867236     
   9.15000000000000       1.583687746120119E-002  0.944297604417308     
   9.18000000000000       1.581535204659832E-002  0.944212156599269     
   9.21000000000000       1.579385557791406E-002  0.944126825557681     
   9.24000000000000       1.577238841603581E-002  0.944041610442087     
   9.27000000000000       1.575095096596765E-002  0.943956510425668     
   9.30000000000000       1.572954360753379E-002  0.943871524682677     
   9.33000000000000       1.570816668364003E-002  0.943786652392754     
   9.36000000000000       1.568682058790125E-002  0.943701892745921     
   9.39000000000000       1.566550566926826E-002  0.943617244941653     
   9.42000000000000       1.564422225379638E-002  0.943532708188236     
   9.45000000000000       1.562297072003313E-002  0.943448281693639     
   9.48000000000000       1.560175139273991E-002  0.943363964679365     
   9.51000000000000       1.558056458125370E-002  0.943279756378824     
   9.54000000000000       1.555941064764648E-002  0.943195656018750     
   9.57000000000000       1.553828989700222E-002  0.943111662840777     
   9.60000000000000       1.551720262287769E-002  0.943027776099522     
   9.63000000000000       1.549614916989498E-002  0.942943995040739     
   9.66000000000000       1.547512982739419E-002  0.942860318925090     
   9.69000000000000       1.545414487334319E-002  0.942776747024764     
   9.72000000000000       1.543319463429322E-002  0.942693278604913     
   9.75000000000000       1.541227938728059E-002  0.942609912944452     
   9.78000000000000       1.539139939488512E-002  0.942526649329986     
   9.81000000000000       1.537055496413214E-002  0.942443487047239     
   9.84000000000000       1.534974636339534E-002  0.942360425392385     
   9.87000000000000       1.532897384027519E-002  0.942277463663997     
   9.90000000000000       1.530823767965930E-002  0.942194601170382     
   9.93000000000000       1.528753814503580E-002  0.942111837222986     
   9.96000000000000       1.526687546958835E-002  0.942029171131463     
   9.99000000000000       1.524624991319974E-002  0.941946602228298     
   10.0200000000000       1.522566173795670E-002  0.941864129837082     
   10.0500000000000       1.520511116292408E-002  0.941781753280512     
   10.0800000000000       1.518459842229707E-002  0.941699471913707     
   10.1100000000000       1.516412377697532E-002  0.941617285070145     
   10.1400000000000       1.514368743358711E-002  0.941535192090313     
   10.1700000000000       1.512328960364762E-002  0.941453192344730     
   10.2000000000000       1.510293054019515E-002  0.941371285179609     
   10.2300000000000       1.508261044268592E-002  0.941289469956675     
   10.2600000000000       1.506232950579563E-002  0.941207746051232     
   10.2900000000000       1.504208796190861E-002  0.941126112831772     
   10.3200000000000       1.502188601323677E-002  0.941044569677002     
   10.3500000000000       1.500172384123357E-002  0.940963115963114     
   10.3800000000000       1.498160164723829E-002  0.940881751088164     
   10.4100000000000       1.496151964316128E-002  0.940800474437956     
   10.4400000000000       1.494147799768498E-002  0.940719285399762     
   10.4700000000000       1.492147688440659E-002  0.940638183391653     
   10.5000000000000       1.490151651440745E-002  0.940557167807570     
   10.5300000000000       1.488159705129645E-002  0.940476238056651     
   10.5600000000000       1.486171865267941E-002  0.940395393556635     
   10.5900000000000       1.484188150440093E-002  0.940314633727423     
   10.6200000000000       1.482208578129865E-002  0.940233957990964     
   10.6500000000000       1.480233162885930E-002  0.940153365765325     
   10.6800000000000       1.478261919928704E-002  0.940072856499036     
   10.7100000000000       1.476294867657671E-002  0.939992429617364     
   10.7400000000000       1.474332019867080E-002  0.939912084558470     
   10.7700000000000       1.472373390009557E-002  0.939831820772176     
   10.8000000000000       1.470418994193811E-002  0.939751637707637     
   10.8300000000000       1.468468847530722E-002  0.939671534816509     
   10.8600000000000       1.466522962324788E-002  0.939591511546682     
   10.8900000000000       1.464581351285124E-002  0.939511567375723     
   10.9200000000000       1.462644030345354E-002  0.939431701758407     
   10.9500000000000       1.460711011434084E-002  0.939351914163926     
   10.9800000000000       1.458782305815827E-002  0.939272204064888     
   11.0100000000000       1.456857926392836E-002  0.939192570946180     
   11.0400000000000       1.454937886979919E-002  0.939113014283573     
   11.0700000000000       1.453022197759843E-002  0.939033533555550     
   11.1000000000000       1.451110868912670E-002  0.938954128262871     
   11.1300000000000       1.449203913495245E-002  0.938874797893629     
   11.1600000000000       1.447301342630197E-002  0.938795541944984     
   11.1900000000000       1.445403165467166E-002  0.938716359909215     
   11.2200000000000       1.443509391445553E-002  0.938637251306096     
   11.2500000000000       1.441620032938005E-002  0.938558215634204     
   11.2800000000000       1.439735098902095E-002  0.938479252405873     
   11.3100000000000       1.437854597513180E-002  0.938400361132909     
   11.3400000000000       1.435978537780464E-002  0.938321541346176     
   11.3700000000000       1.434106930727722E-002  0.938242792560312     
   11.4000000000000       1.432239783789641E-002  0.938164114299444     
   11.4300000000000       1.430377104114086E-002  0.938085506095838     
   11.4600000000000       1.428518900296977E-002  0.938006967489161     
   11.4900000000000       1.426665181834930E-002  0.937928498011122     
   11.5200000000000       1.424815954996107E-002  0.937850097197484     
   11.5500000000000       1.422971225964043E-002  0.937771764598800     
   11.5800000000000       1.421131002718390E-002  0.937693499764493     
   11.6100000000000       1.419295293355762E-002  0.937615302242091     
   11.6400000000000       1.417464103179716E-002  0.937537171579763     
   11.6700000000000       1.415637437430435E-002  0.937459107343656     
   11.7000000000000       1.413815303293614E-002  0.937381109094590     
   11.7300000000000       1.411997707702593E-002  0.937303176394306     
   11.7600000000000       1.410184655062740E-002  0.937225308803883     
   11.7900000000000       1.408376149725420E-002  0.937147505902831     
   11.8200000000000       1.406572197923038E-002  0.937069767264778     
   11.8500000000000       1.404772805672905E-002  0.936992092464250     
   11.8800000000000       1.402977976531825E-002  0.936914481075466     
   11.9100000000000       1.401187713992240E-002  0.936836932689386     
   11.9400000000000       1.399402023196872E-002  0.936759446893648     
   11.9700000000000       1.397620909466287E-002  0.936682023274267     
   12.0000000000000       1.395844375571103E-002  0.936604661418858     
   12.0300000000000       1.394072424201480E-002  0.936527360927903     
   12.0600000000000       1.392305059277834E-002  0.936450121404156     
   12.0900000000000       1.390542285572239E-002  0.936372942443927     
   12.1200000000000       1.388784105170113E-002  0.936295823648606     
   12.1500000000000       1.387030520018754E-002  0.936218764626353     
   12.1800000000000       1.385281532736058E-002  0.936141764995593     
   12.2100000000000       1.383537147542388E-002  0.936064824362393     
   12.2400000000000       1.381797366050910E-002  0.935987942341875     
   12.2700000000000       1.380062189484164E-002  0.935911118548995     
   12.3000000000000       1.378331619210924E-002  0.935834352616639     
   12.3300000000000       1.376605658667012E-002  0.935757644161877     
   12.3600000000000       1.374884309315948E-002  0.935680992812016     
   12.3900000000000       1.373167571622953E-002  0.935604398190221     
   12.4200000000000       1.371455445958916E-002  0.935527859939646     
   12.4500000000000       1.369747934528695E-002  0.935451377692049     
   12.4800000000000       1.368045038943083E-002  0.935374951083543     
   12.5100000000000       1.366346758950309E-002  0.935298579749124     
   12.5400000000000       1.364653094246342E-002  0.935222263336336     
   12.5700000000000       1.362964045431766E-002  0.935146001495318     
   12.6000000000000       1.361279614180014E-002  0.935069793868455     
   12.6300000000000       1.359599799883421E-002  0.934993640104999     
   12.6600000000000       1.357924601659204E-002  0.934917539854570     
   12.6900000000000       1.356254018653980E-002  0.934841492783317     
   12.7200000000000       1.354588051871812E-002  0.934765498543323     
   12.7500000000000       1.352926700984414E-002  0.934689556794862     
   12.7800000000000       1.351269964416393E-002  0.934613667194867     
   12.8100000000000       1.349617840511140E-002  0.934537829415395     
   12.8400000000000       1.347970328681613E-002  0.934462043126397     
   12.8700000000000       1.346327429045136E-002  0.934386307993305     
   12.9000000000000       1.344689139658891E-002  0.934310623686815     
   12.9300000000000       1.343055458380446E-002  0.934234989878596     
   12.9600000000000       1.341426383054099E-002  0.934159406255648     
   12.9900000000000       1.339801913223102E-002  0.934083872492164     
   13.0200000000000       1.338182047444616E-002  0.934008388269096     
   13.0500000000000       1.336566782940355E-002  0.933932953265149     
   13.0800000000000       1.334956116890633E-002  0.933857567170387     
   13.1100000000000       1.333350047091143E-002  0.933782229678296     
   13.1400000000000       1.331748572526424E-002  0.933706940473732     
   13.1700000000000       1.330151690407975E-002  0.933631699249011     
   13.2000000000000       1.328559397431811E-002  0.933556505693800     
   13.2300000000000       1.326971690158491E-002  0.933481359513519     
   13.2600000000000       1.325388566384429E-002  0.933406260406649     
   13.2900000000000       1.323810024131939E-002  0.933331208071160     
   13.3200000000000       1.322236059693193E-002  0.933256202208196     
   13.3500000000000       1.320666669246916E-002  0.933181242520597     
   13.3800000000000       1.319101848908939E-002  0.933106328724852     
   13.4100000000000       1.317541596261007E-002  0.933031460526531     
   13.4400000000000       1.315985908344661E-002  0.932956637635803     
   13.4700000000000       1.314434780814504E-002  0.932881859762463     
   13.5000000000000       1.312888209314517E-002  0.932807126622367     
   13.5300000000000       1.311346189610282E-002  0.932732437940763     
   13.5600000000000       1.309808718872616E-002  0.932657793432110     
   13.5900000000000       1.308275793319757E-002  0.932583192817288     
   13.6200000000000       1.306747408098588E-002  0.932508635815202     
   13.6500000000000       1.305223558341878E-002  0.932434122153331     
   13.6800000000000       1.303704239456237E-002  0.932359651565198     
   13.7100000000000       1.302189448113698E-002  0.932285223774763     
   13.7400000000000       1.300679179893976E-002  0.932210838512614     
   13.7700000000000       1.299173429488519E-002  0.932136495506972     
   13.8000000000000       1.297672191562513E-002  0.932062194495366     
   13.8300000000000       1.296175461103399E-002  0.931987935219928     
   13.8600000000000       1.294683234278744E-002  0.931913717414006     
   13.8900000000000       1.293195506187865E-002  0.931839540817316     
   13.9200000000000       1.291712271095704E-002  0.931765405167309     
   13.9500000000000       1.290233523246997E-002  0.931691310210161     
   13.9800000000000       1.288759257146604E-002  0.931617255697085     
   14.0100000000000       1.287289468465729E-002  0.931543241370534     
   14.0400000000000       1.285824151967151E-002  0.931469266978872     
   14.0700000000000       1.284363301514666E-002  0.931395332268678     
   14.1000000000000       1.282906910977809E-002  0.931321436993515     
   14.1300000000000       1.281454974337779E-002  0.931247580913901     
   14.1600000000000       1.280007486754698E-002  0.931173763781363     
   14.1900000000000       1.278564442776300E-002  0.931099985352281     
   14.2200000000000       1.277125835915610E-002  0.931026245382407     
   14.2500000000000       1.275691659694676E-002  0.930952543631664     
   14.2800000000000       1.274261907585451E-002  0.930878879869464     
   14.3100000000000       1.272836574165204E-002  0.930805253856921     
   14.3400000000000       1.271415653857353E-002  0.930731665357587     
   14.3700000000000       1.269999139916118E-002  0.930658114136491     
   14.4000000000000       1.268587025523662E-002  0.930584599959476     
   14.4300000000000       1.267179303724357E-002  0.930511122603402     
   14.4600000000000       1.265775968402958E-002  0.930437681840026     
   14.4900000000000       1.264377013861994E-002  0.930364277439340     
   14.5200000000000       1.262982433257409E-002  0.930290909175360     
   14.5500000000000       1.261592219413668E-002  0.930217576820448     
   14.5800000000000       1.260206365080354E-002  0.930144280156564     
   14.6100000000000       1.258824863387236E-002  0.930071018966815     
   14.6400000000000       1.257447708362069E-002  0.929997793027965     
   14.6700000000000       1.256074893255693E-002  0.929924602121730     
   14.7000000000000       1.254706410573171E-002  0.929851446028492     
   14.7300000000000       1.253342252844983E-002  0.929778324533427     
   14.7600000000000       1.251982412561378E-002  0.929705237429525     
   14.7900000000000       1.250626883173379E-002  0.929632184502573     
   14.8200000000000       1.249275658102234E-002  0.929559165540006     
   14.8500000000000       1.247928729738190E-002  0.929486180331239     
   14.8800000000000       1.246586090336808E-002  0.929413228665293     
   14.9100000000000       1.245247732044113E-002  0.929340310340708     
   14.9400000000000       1.243913647484433E-002  0.929267425154993     
   14.9700000000000       1.242583830016400E-002  0.929194572900856     
   15.0000000000000       1.241258272239181E-002  0.929121753375501     
   15.0300000000000       1.239936966114132E-002  0.929048966374820     
   15.0600000000000       1.238619903632445E-002  0.928976211699137     
   15.0900000000000       1.237307076728233E-002  0.928903489156176     
   15.1200000000000       1.235998478185024E-002  0.928830798547385     
   15.1500000000000       1.234694100903197E-002  0.928758139674840     
   15.1800000000000       1.233393936845740E-002  0.928685512343161     
   15.2100000000000       1.232097977754876E-002  0.928612916355908     
   15.2400000000000       1.230806215317689E-002  0.928540351524485     
   15.2700000000000       1.229518641445127E-002  0.928467817662433     
   15.3000000000000       1.228235248878310E-002  0.928395314577239     
   15.3300000000000       1.226956029973345E-002  0.928322842079862     
   15.3600000000000       1.225680976295877E-002  0.928250399981447     
   15.3900000000000       1.224410079398672E-002  0.928177988094195     
   15.4200000000000       1.223143330716896E-002  0.928105606238727     
   15.4500000000000       1.221880722181573E-002  0.928033254233547     
   15.4800000000000       1.220622246326528E-002  0.927960931893506     
   15.5100000000000       1.219367895044747E-002  0.927888639037290     
   15.5400000000000       1.218117659654130E-002  0.927816375482615     
   15.5700000000000       1.216871531508871E-002  0.927744141050275     
   15.6000000000000       1.215629501863730E-002  0.927671935568431     
   15.6300000000000       1.214391562615261E-002  0.927599758860979     
   15.6600000000000       1.213157706037250E-002  0.927527610750280     
   15.6900000000000       1.211927923681882E-002  0.927455491061978     
   15.7200000000000       1.210702206683222E-002  0.927383399620496     
   15.7500000000000       1.209480546209146E-002  0.927311336254514     
   15.7800000000000       1.208262933370510E-002  0.927239300798826     
   15.8100000000000       1.207049359962102E-002  0.927167293083291     
   15.8400000000000       1.205839818019407E-002  0.927095312937369     
   15.8700000000000       1.204634298857025E-002  0.927023360193290     
   15.9000000000000       1.203432793457130E-002  0.926951434682127     
   15.9300000000000       1.202235292826133E-002  0.926879536239543     
   15.9600000000000       1.201041787935430E-002  0.926807664706622     
   15.9900000000000       1.199852270425842E-002  0.926735819919540     
   16.0200000000000       1.198666732146096E-002  0.926664001714341     
   16.0500000000000       1.197485164258310E-002  0.926592209929632     
   16.0800000000000       1.196307557608869E-002  0.926520444402945     
   16.1100000000000       1.195133903072353E-002  0.926448704976067     
   16.1400000000000       1.193964191475924E-002  0.926376991496202     
   16.1700000000000       1.192798414269611E-002  0.926305303806082     
   16.2000000000000       1.191636563162443E-002  0.926233641747842     
   16.2300000000000       1.190478629239230E-002  0.926162005166275     
   16.2600000000000       1.189324603227520E-002  0.926090393905190     
   16.2900000000000       1.188174475895130E-002  0.926018807811746     
   16.3200000000000       1.187028237931964E-002  0.925947246738985     
   16.3500000000000       1.185885880558787E-002  0.925875710536434     
   16.3800000000000       1.184747395374588E-002  0.925804199051942     
   16.4100000000000       1.183612773457199E-002  0.925732712136201     
   16.4400000000000       1.182482005442270E-002  0.925661249639206     
   16.4700000000000       1.181355082006431E-002  0.925589811412943     
   16.5000000000000       1.180231993731937E-002  0.925518397315684     
   16.5300000000000       1.179112731578526E-002  0.925447007203999     
   16.5600000000000       1.177997287021544E-002  0.925375640931319     
   16.5900000000000       1.176885651196582E-002  0.925304298353774     
   16.6200000000000       1.175777814699846E-002  0.925232979327525     
   16.6500000000000       1.174673768117017E-002  0.925161683709203     
   16.6800000000000       1.173573501971812E-002  0.925090411361336     
   16.7100000000000       1.172477006958029E-002  0.925019162147539     
   16.7400000000000       1.171384274367276E-002  0.924947935927146     
   16.7700000000000       1.170295295421867E-002  0.924876732561125     
   16.8000000000000       1.169210060768603E-002  0.924805551911668     
   16.8300000000000       1.168128560899436E-002  0.924734393840345     
   16.8600000000000       1.167050786320697E-002  0.924663258212940     
   16.8900000000000       1.165976727517663E-002  0.924592144899329     
   16.9200000000000       1.164906375502872E-002  0.924521053765599     
   16.9500000000000       1.163839721546949E-002  0.924449984677137     
   16.9800000000000       1.162776756454434E-002  0.924378937501633     
   17.0100000000000       1.161717470663556E-002  0.924307912106171     
   17.0400000000000       1.160661854656450E-002  0.924236908359493     
   17.0700000000000       1.159609898832417E-002  0.924165926135894     
   17.1000000000000       1.158561593865979E-002  0.924094965308941     
   17.1300000000000       1.157516930940729E-002  0.924024025748857     
   17.1600000000000       1.156475901076630E-002  0.923953107327850     
   17.1900000000000       1.155438494783808E-002  0.923882209918808     
   17.2200000000000       1.154404702478906E-002  0.923811333394278     
   17.2500000000000       1.153374514583036E-002  0.923740477630957     
   17.2800000000000       1.152347921512103E-002  0.923669642509021     
   17.3100000000000       1.151324914170267E-002  0.923598827905127     
   17.3400000000000       1.150305483710871E-002  0.923528033695258     
   17.3700000000000       1.149289620881634E-002  0.923457259757505     
   17.4000000000000       1.148277316074935E-002  0.923386505969515     
   17.4300000000000       1.147268559718528E-002  0.923315772210057     
   17.4600000000000       1.146263342174664E-002  0.923245058362973     
   17.4900000000000       1.145261653983598E-002  0.923174364312492     
   17.5200000000000       1.144263486188581E-002  0.923103689939317     
   17.5500000000000       1.143268829817832E-002  0.923033035125369     
   17.5800000000000       1.142277675432231E-002  0.922962399753777     
   17.6100000000000       1.141290013410713E-002  0.922891783707078     
   17.6400000000000       1.140305834175703E-002  0.922821186870434     
   17.6700000000000       1.139325128084283E-002  0.922750609133485     
   17.7000000000000       1.138347885822544E-002  0.922680050384061     
   17.7300000000000       1.137374098482487E-002  0.922609510507656     
   17.7600000000000       1.136403756964517E-002  0.922538989391648     
   17.7900000000000       1.135436851738747E-002  0.922468486923818     
   17.8200000000000       1.134473373209274E-002  0.922398002991730     
   17.8500000000000       1.133513311791637E-002  0.922327537486523     
   17.8800000000000       1.132556657883089E-002  0.922257090302656     
   17.9100000000000       1.131603402286883E-002  0.922186661331770     
   17.9400000000000       1.130653536098486E-002  0.922116250464312     
   17.9700000000000       1.129707050134168E-002  0.922045857592618     
   18.0000000000000       1.128763934841842E-002  0.921975482608984     
   18.0300000000000       1.127824180661756E-002  0.921905125405924     
   18.0600000000000       1.126887778017671E-002  0.921834785879918     
   18.0900000000000       1.125954717364093E-002  0.921764463929779     
   18.1200000000000       1.125024989582014E-002  0.921694159451234     
   18.1500000000000       1.124098585768536E-002  0.921623872339503     
   18.1800000000000       1.123175496710315E-002  0.921553602491531     
   18.2100000000000       1.122255712870461E-002  0.921483349804043     
   18.2400000000000       1.121339224730212E-002  0.921413114174250     
   18.2700000000000       1.120426022744560E-002  0.921342895503359     
   18.3000000000000       1.119516097421159E-002  0.921272693694391     
   18.3300000000000       1.118609439689971E-002  0.921202508647314     
   18.3600000000000       1.117706040663605E-002  0.921132340261836     
   18.3900000000000       1.116805891148212E-002  0.921062188439264     
   18.4200000000000       1.115908981650999E-002  0.920992053080658     
   18.4500000000000       1.115015302700077E-002  0.920921934087592     
   18.4800000000000       1.114124844798991E-002  0.920851831365472     
   18.5100000000000       1.113237598499544E-002  0.920781744821490     
   18.5400000000000       1.112353554757453E-002  0.920711674359928     
   18.5700000000000       1.111472704720776E-002  0.920641619884693     
   18.6000000000000       1.110595039261107E-002  0.920571581301243     
   18.6300000000000       1.109720548948172E-002  0.920501558514872     
   18.6600000000000       1.108849224363274E-002  0.920431551431199     
   18.6900000000000       1.107981056076475E-002  0.920361559959353     
   18.7200000000000       1.107116034677191E-002  0.920291584010631     
   18.7500000000000       1.106254151126319E-002  0.920221623493692     
   18.7800000000000       1.105395396620011E-002  0.920151678316399     
   18.8100000000000       1.104539762132866E-002  0.920081748388138     
   18.8400000000000       1.103687238322583E-002  0.920011833618333     
   18.8700000000000       1.102837815827958E-002  0.919941933916418     
   18.9000000000000       1.101991485300193E-002  0.919872049194800     
   18.9300000000000       1.101148237371050E-002  0.919802179368674     
   18.9600000000000       1.100308062985745E-002  0.919732324351177     
   18.9900000000000       1.099470953387031E-002  0.919662484053974     
   19.0200000000000       1.098636899681663E-002  0.919592658390118     
   19.0500000000000       1.097805892648864E-002  0.919522847273040     
   19.0800000000000       1.096977922989991E-002  0.919453050615893     
   19.1100000000000       1.096152981446386E-002  0.919383268333980     
   19.1400000000000       1.095331058712225E-002  0.919313500345974     
   19.1700000000000       1.094512145702571E-002  0.919243746569568     
   19.2000000000000       1.093696233683462E-002  0.919174006920247     
   19.2300000000000       1.092883313908501E-002  0.919104281314444     
   19.2600000000000       1.092073377318259E-002  0.919034569669410     
   19.2900000000000       1.091266414693226E-002  0.918964871902029     
   19.3200000000000       1.090462416862645E-002  0.918895187930317     
   19.3500000000000       1.089661374615450E-002  0.918825517675773     
   19.3800000000000       1.088863278840461E-002  0.918755861060523     
   19.4100000000000       1.088068120786648E-002  0.918686218004141     
   19.4400000000000       1.087275891837687E-002  0.918616588426196     
   19.4700000000000       1.086486583139796E-002  0.918546972247465     
   19.5000000000000       1.085700185589260E-002  0.918477369388591     
   19.5300000000000       1.084916690091741E-002  0.918407779770413     
   19.5600000000000       1.084136087557712E-002  0.918338203316582     
   19.5900000000000       1.083358368890236E-002  0.918268639953068     
   19.6200000000000       1.082583525278035E-002  0.918199089603950     
   19.6500000000000       1.081811548183571E-002  0.918129552191954     
   19.6800000000000       1.081042428975043E-002  0.918060027640956     
   19.7100000000000       1.080276158729655E-002  0.917990515875267     
   19.7400000000000       1.079512728429761E-002  0.917921016818897     
   19.7700000000000       1.078752129106134E-002  0.917851530397340     
   19.8000000000000       1.077994351746310E-002  0.917782056539299     
   19.8300000000000       1.077239387471460E-002  0.917712595173474     
   19.8600000000000       1.076487227740021E-002  0.917643146226243     
   19.8900000000000       1.075737864106633E-002  0.917573709624208     
   19.9200000000000       1.074991287898457E-002  0.917504285295006     
   19.9500000000000       1.074247490220256E-002  0.917434873166110     
   19.9800000000000       1.073506462193170E-002  0.917365473165217     
   20.0100000000000       1.072768194944572E-002  0.917296085222625     
   20.0400000000000       1.072032679593274E-002  0.917226709270834     
   20.0700000000000       1.071299907517118E-002  0.917157345240671     
   20.1000000000000       1.070569870363184E-002  0.917087993061553     
   20.1300000000000       1.069842559721599E-002  0.917018652663873     
   20.1600000000000       1.069117966916074E-002  0.916949323978535     
   20.1900000000000       1.068396083154221E-002  0.916880006936141     
   20.2200000000000       1.067676899694156E-002  0.916810701468323     
   20.2500000000000       1.066960407761177E-002  0.916741407509708     
   20.2800000000000       1.066246598657455E-002  0.916672124995627     
   20.3100000000000       1.065535463994331E-002  0.916602853859214     
   20.3400000000000       1.064826995546678E-002  0.916533594033251     
   20.3700000000000       1.064121184933794E-002  0.916464345451569     
   20.4000000000000       1.063418023532194E-002  0.916395108048077     
   20.4300000000000       1.062717502686848E-002  0.916325881756556     
   20.4600000000000       1.062019613780467E-002  0.916256666512555     
   20.4900000000000       1.061324348158303E-002  0.916187462254347     
   20.5200000000000       1.060631697325406E-002  0.916118268919678     
   20.5500000000000       1.059941653087370E-002  0.916049086444306     
   20.5800000000000       1.059254207320486E-002  0.915979914764332     
   20.6100000000000       1.058569351691454E-002  0.915910753816705     
   20.6400000000000       1.057887077675100E-002  0.915841603538220     
   20.6700000000000       1.057207376762483E-002  0.915772463865839     
   20.7000000000000       1.056530240457055E-002  0.915703334738772     
   20.7300000000000       1.055855660246589E-002  0.915634216098385     
   20.7600000000000       1.055183627832303E-002  0.915565107884779     
   20.7900000000000       1.054514135184129E-002  0.915496010036502     
   20.8200000000000       1.053847174273319E-002  0.915426922492776     
   20.8500000000000       1.053182736846256E-002  0.915357845193450     
   20.8800000000000       1.052520814500964E-002  0.915288778078127     
   20.9100000000000       1.051861398873579E-002  0.915219721086858     
   20.9400000000000       1.051204481594931E-002  0.915150674162154     
   20.9700000000000       1.050550054305187E-002  0.915081637248146     
   21.0000000000000       1.049898108886175E-002  0.915012610287348     
   21.0300000000000       1.049248637452852E-002  0.914943593221104     
   21.0600000000000       1.048601632082480E-002  0.914874585991544     
   21.0900000000000       1.047957084626417E-002  0.914805588541264     
   21.1200000000000       1.047314986820789E-002  0.914736600812595     
   21.1500000000000       1.046675330445790E-002  0.914667622748503     
   21.1800000000000       1.046038107267845E-002  0.914598654294454     
   21.2100000000000       1.045403309080427E-002  0.914529695397169     
   21.2400000000000       1.044770927925746E-002  0.914460746001645     
   21.2700000000000       1.044140956057592E-002  0.914391806051930     
   21.3000000000000       1.043513385674498E-002  0.914322875492874     
   21.3300000000000       1.042888208755600E-002  0.914253954269700     
   21.3600000000000       1.042265417180434E-002  0.914185042327379     
   21.3900000000000       1.041645002874350E-002  0.914116139611572     
   21.4200000000000       1.041026957746111E-002  0.914047246070394     
   21.4500000000000       1.040411273738263E-002  0.913978361653071     
   21.4800000000000       1.039797943036669E-002  0.913909486307123     
   21.5100000000000       1.039186958031698E-002  0.913840619979179     
   21.5400000000000       1.038578311059383E-002  0.913771762616637     
   21.5700000000000       1.037971994244189E-002  0.913702914167251     
   21.6000000000000       1.037367999612940E-002  0.913634074578528     
   21.6300000000000       1.036766319237070E-002  0.913565243798606     
   21.6600000000000       1.036166945174066E-002  0.913496421777977     
   21.6900000000000       1.035569869509102E-002  0.913427608468309     
   21.7200000000000       1.034975084558157E-002  0.913358803819664     
   21.7500000000000       1.034382582845669E-002  0.913290007781133     
   21.7800000000000       1.033792356858708E-002  0.913221220302508     
   21.8100000000000       1.033204398883389E-002  0.913152441333972     
   21.8400000000000       1.032618701097293E-002  0.913083670825475     
   21.8700000000000       1.032035255717692E-002  0.913014908727438     
   21.9000000000000       1.031454054957929E-002  0.912946154992474     
   21.9300000000000       1.030875091041145E-002  0.912877409574604     
   21.9600000000000       1.030298356399714E-002  0.912808672426453     
   21.9900000000000       1.029723843687610E-002  0.912739943499479     
   22.0200000000000       1.029151545553695E-002  0.912671222745717     
   22.0500000000000       1.028581454460727E-002  0.912602510117674     
   22.0800000000000       1.028013562741425E-002  0.912533805567661     
   22.1100000000000       1.027447862759722E-002  0.912465109048236     
   22.1400000000000       1.026884346887940E-002  0.912396420513887     
   22.1700000000000       1.026323007488733E-002  0.912327739920837     
   22.2000000000000       1.025763837099179E-002  0.912259067224290     
   22.2300000000000       1.025206828492877E-002  0.912190402378028     
   22.2600000000000       1.024651974484898E-002  0.912121745336184     
   22.2900000000000       1.024099267728431E-002  0.912053096053470     
   22.3200000000000       1.023548700721984E-002  0.911984454484482     
   22.3500000000000       1.023000265972691E-002  0.911915820583831     
   22.3800000000000       1.022453956014550E-002  0.911847194307666     
   22.4100000000000       1.021909763357672E-002  0.911778575614174     
   22.4400000000000       1.021367680636740E-002  0.911709964461118     
   22.4700000000000       1.020827700728971E-002  0.911641360804630     
   22.5000000000000       1.020289816610093E-002  0.911572764600823     
   22.5300000000000       1.019754021135906E-002  0.911504175806469     
   22.5600000000000       1.019220306987161E-002  0.911435594378369     
   22.5900000000000       1.018688666813559E-002  0.911367020273163     
   22.6200000000000       1.018159093308305E-002  0.911298453448517     
   22.6500000000000       1.017631579139241E-002  0.911229893864260     
   22.6800000000000       1.017106117040244E-002  0.911161341480600     
   22.7100000000000       1.016582699974217E-002  0.911092796256118     
   22.7400000000000       1.016061321061834E-002  0.911024258148842     
   22.7700000000000       1.015541973365433E-002  0.910955727117440     
   22.8000000000000       1.015024649766870E-002  0.910887203120813     
   22.8300000000000       1.014509343068446E-002  0.910818686117643     
   22.8600000000000       1.013996046111403E-002  0.910750176067085     
   22.8900000000000       1.013484751733453E-002  0.910681672930263     
   22.9200000000000       1.012975452782149E-002  0.910613176669545     
   22.9500000000000       1.012468142289135E-002  0.910544687246075     
   22.9800000000000       1.011962813493540E-002  0.910476204619851     
   23.0100000000000       1.011459459655196E-002  0.910407728751267     
   23.0400000000000       1.010958073878809E-002  0.910339259601181     
   23.0700000000000       1.010458649134315E-002  0.910270797130312     
   23.1000000000000       1.009961178405660E-002  0.910202341299404     
   23.1300000000000       1.009465654699998E-002  0.910133892070625     
   23.1600000000000       1.008972071004713E-002  0.910065449408022     
   23.1900000000000       1.008480420416460E-002  0.909997013275305     
   23.2200000000000       1.007990696259527E-002  0.909928583634638     
   23.2500000000000       1.007502891964253E-002  0.909860160448042     
   23.2800000000000       1.007017000867769E-002  0.909791743678132     
   23.3100000000000       1.006533016140830E-002  0.909723333287600     
   23.3400000000000       1.006050930907650E-002  0.909654929238945     
   23.3700000000000       1.005570738335001E-002  0.909586531495356     
   23.4000000000000       1.005092431575132E-002  0.909518140021989     
   23.4300000000000       1.004616003810911E-002  0.909449754784822     
   23.4600000000000       1.004141448419181E-002  0.909381375748469     
   23.4900000000000       1.003668758959245E-002  0.909313002876641     
   23.5200000000000       1.003197928989267E-002  0.909244636133493     
   23.5500000000000       1.002728951911677E-002  0.909176275483548     
   23.5800000000000       1.002261821014293E-002  0.909107920891165     
   23.6100000000000       1.001796529603345E-002  0.909039572320779     
   23.6400000000000       1.001333071007459E-002  0.908971229738256     
   23.6700000000000       1.000871438535417E-002  0.908902893111190     
   23.7000000000000       1.000411625608023E-002  0.908834562406754     
   23.7300000000000       9.999536258630429E-003  0.908766237590654     
   23.7600000000000       9.994974330387672E-003  0.908697918628464     
   23.7900000000000       9.990430407865103E-003  0.908629605486304     
   23.8200000000000       9.985904425982621E-003  0.908561298130365     
   23.8500000000000       9.981396319186275E-003  0.908492996526644     
   23.8800000000000       9.976906022338474E-003  0.908424700641727     
   23.9100000000000       9.972433470200888E-003  0.908356410444048     
   23.9400000000000       9.967978597725564E-003  0.908288125902956     
   23.9700000000000       9.963541341646490E-003  0.908219846986572     
   24.0000000000000       9.959121640547897E-003  0.908151573662023     
   24.0300000000000       9.954719433195919E-003  0.908083305896774     
   24.0600000000000       9.950334656985749E-003  0.908015043658683     
   24.0900000000000       9.945967248050552E-003  0.907946786915479     
   24.1200000000000       9.941617142603143E-003  0.907878535634859     
   24.1500000000000       9.937284277151879E-003  0.907810289785669     
   24.1800000000000       9.932968587977356E-003  0.907742049338538     
   24.2100000000000       9.928670012160178E-003  0.907673814264075     
   24.2400000000000       9.924388488819035E-003  0.907605584531431     
   24.2700000000000       9.920123958376787E-003  0.907537360109348     
   24.3000000000000       9.915876360765035E-003  0.907469140967061     
   24.3300000000000       9.911645634388590E-003  0.907400927073984     
   24.3600000000000       9.907431716867704E-003  0.907332718399330     
   24.3900000000000       9.903234546180504E-003  0.907264514912575     
   24.4200000000000       9.899054060358821E-003  0.907196316584760     
   24.4500000000000       9.894890197351630E-003  0.907128123388279     
   24.4800000000000       9.890742896456686E-003  0.907059935294770     
   24.5100000000000       9.886612098944994E-003  0.906991752274587     
   24.5400000000000       9.882497746813936E-003  0.906923574298117     
   24.5700000000000       9.878399781099410E-003  0.906855401336208     
   24.6000000000000       9.874318141378936E-003  0.906787233359714     
   24.6300000000000       9.870252766921385E-003  0.906719070339308     
   24.6600000000000       9.866203597381417E-003  0.906650912246286     
   24.6900000000000       9.862170572292463E-003  0.906582759053691     
   24.7200000000000       9.858153631418214E-003  0.906514610735330     
   24.7500000000000       9.854152716212488E-003  0.906446467263829     
   24.7800000000000       9.850167769860391E-003  0.906378328610871     
   24.8100000000000       9.846198735775779E-003  0.906310194748423     
   24.8400000000000       9.842245556123607E-003  0.906242065648807     
   24.8700000000000       9.838308171832332E-003  0.906173941284237     
   24.9000000000000       9.834386523847235E-003  0.906105821626841     
   24.9300000000000       9.830480553437415E-003  0.906037706649704     
   24.9600000000000       9.826590201653877E-003  0.905969596327621     
   24.9900000000000       9.822715410119108E-003  0.905901490635597     
   25.0200000000000       9.818856122338746E-003  0.905833389547288     
   25.0500000000000       9.815012283235249E-003  0.905765293035745     
   25.0800000000000       9.811183837558664E-003  0.905697201074417     
   25.1100000000000       9.807370728690996E-003  0.905629113636993     
   25.1400000000000       9.803572898991243E-003  0.905561030696989     
   25.1700000000000       9.799790291085957E-003  0.905492952227970     
   25.2000000000000       9.796022847779572E-003  0.905424878204717     
   25.2300000000000       9.792270511693540E-003  0.905356808603551     
   25.2600000000000       9.788533226319261E-003  0.905288743400561     
   25.2900000000000       9.784810937066287E-003  0.905220682570481     
   25.3200000000000       9.781103590456997E-003  0.905152626087716     
   25.3500000000000       9.777411132564154E-003  0.905084573927094     
   25.3800000000000       9.773733508015862E-003  0.905016526063586     
   25.4100000000000       9.770070660745797E-003  0.904948482471965     
   25.4400000000000       9.766422534978390E-003  0.904880443127194     
   25.4700000000000       9.762789075041077E-003  0.904812408005614     
   25.5000000000000       9.759170225135597E-003  0.904744377084901     
   25.5300000000000       9.755565930557668E-003  0.904676350342175     
   25.5600000000000       9.751976138494696E-003  0.904608327753281     
   25.5900000000000       9.748400796997521E-003  0.904540309293924     
   25.6200000000000       9.744839853472928E-003  0.904472294940221     
   25.6500000000000       9.741293253889781E-003  0.904404284668357     
   25.6800000000000       9.737760943723028E-003  0.904336278454316     
   25.7100000000000       9.734242868785794E-003  0.904268276274394     
   25.7400000000000       9.730738974891033E-003  0.904200278106358     
   25.7700000000000       9.727249207826976E-003  0.904132283929104     
   25.8000000000000       9.723773514620849E-003  0.904064293720771     
   25.8300000000000       9.720311844118805E-003  0.903996307458320     
   25.8600000000000       9.716864145862801E-003  0.903928325118688     
   25.8900000000000       9.713430368595666E-003  0.903860346679201     
   25.9200000000000       9.710010459710337E-003  0.903792372117200     
   25.9500000000000       9.706604366207463E-003  0.903724401409835     
   25.9800000000000       9.703212035430925E-003  0.903656434534655     
   26.0100000000000       9.699833414684294E-003  0.903588471470715     
   26.0400000000000       9.696468451296842E-003  0.903520512198043     
   26.0700000000000       9.693117093983015E-003  0.903452556695797     
   26.1000000000000       9.689779293121705E-003  0.903384604942035     
   26.1300000000000       9.686454999718250E-003  0.903316656914857     
   26.1600000000000       9.683144163900537E-003  0.903248712592724     
   26.1900000000000       9.679846734508073E-003  0.903180771954089     
   26.2200000000000       9.676562660033883E-003  0.903112834977212     
   26.2500000000000       9.673291889334345E-003  0.903044901640809     
   26.2800000000000       9.670034371189453E-003  0.902976971925099     
   26.3100000000000       9.666790054478975E-003  0.902909045811179     
   26.3400000000000       9.663558889403054E-003  0.902841123279224     
   26.3700000000000       9.660340827877749E-003  0.902773204308361     
   26.4000000000000       9.657135822350374E-003  0.902705288877785     
   26.4300000000000       9.653943824359849E-003  0.902637376967031     
   26.4600000000000       9.650764784193409E-003  0.902569468555611     
   26.4900000000000       9.647598651802302E-003  0.902501563622851     
   26.5200000000000       9.644445377550137E-003  0.902433662148538     
   26.5500000000000       9.641304911689467E-003  0.902365764113946     
   26.5800000000000       9.638177204560748E-003  0.902297869501187     
   26.6100000000000       9.635062207798310E-003  0.902229978291456     
   26.6400000000000       9.631959874768463E-003  0.902162090464916     
   26.6700000000000       9.628870159323760E-003  0.902094206001789     
   26.7000000000000       9.625793014497648E-003  0.902026324882625     
   26.7300000000000       9.622728391999342E-003  0.901958447087955     
   26.7600000000000       9.619676243257822E-003  0.901890572598119     
   26.7900000000000       9.616636520044233E-003  0.901822701393888     
   26.8200000000000       9.613609174067046E-003  0.901754833457483     
   26.8500000000000       9.610594157093187E-003  0.901686968771992     
   26.8800000000000       9.607591422171803E-003  0.901619107319626     
   26.9100000000000       9.604600924038946E-003  0.901551249081549     
   26.9400000000000       9.601622617907710E-003  0.901483394038949     
   26.9700000000000       9.598656458268053E-003  0.901415542173338     
   27.0000000000000       9.595702398363064E-003  0.901347693466221     
   27.0300000000000       9.592760391014180E-003  0.901279847898906     
   27.0600000000000       9.589830389361145E-003  0.901212005453070     
   27.0900000000000       9.586912346595375E-003  0.901144166111783     
   27.1200000000000       9.584006215863524E-003  0.901076329859057     
   27.1500000000000       9.581111951505033E-003  0.901008496678118     
   27.1800000000000       9.578229509539574E-003  0.900940666551103     
   27.2100000000000       9.575358846609353E-003  0.900872839460109     
   27.2400000000000       9.572499918662563E-003  0.900805015387557     
   27.2700000000000       9.569652680385123E-003  0.900737194315883     
   27.3000000000000       9.566817086013184E-003  0.900669376227325     
   27.3300000000000       9.563993090113411E-003  0.900601561104393     
   27.3600000000000       9.561180647236361E-003  0.900533748930916     
   27.3900000000000       9.558379711891779E-003  0.900465939691770     
   27.4200000000000       9.555590239662454E-003  0.900398133371189     
   27.4500000000000       9.552812187756735E-003  0.900330329952266     
   27.4800000000000       9.550045514210390E-003  0.900262529417955     
   27.5100000000000       9.547290176484693E-003  0.900194731751533     
   27.5400000000000       9.544546130709156E-003  0.900126936936325     
   27.5700000000000       9.541813332535783E-003  0.900059144955462     
   27.6000000000000       9.539091737776813E-003  0.899991355792236     
   27.6300000000000       9.536381302471291E-003  0.899923569431142     
   27.6600000000000       9.533681982433423E-003  0.899855785857850     
   27.6900000000000       9.530993734383583E-003  0.899788005057588     
   27.7200000000000       9.528316516721969E-003  0.899720227014398     
   27.7500000000000       9.525650288759369E-003  0.899652451712050     
   27.7800000000000       9.522995009421954E-003  0.899584679134621     
   27.8100000000000       9.520350636386267E-003  0.899516909266286     
   27.8400000000000       9.517717126641094E-003  0.899449142091035     
   27.8700000000000       9.515094437377199E-003  0.899381377592902     
   27.9000000000000       9.512482525916247E-003  0.899313615756970     
   27.9300000000000       9.509881349406659E-003  0.899245856569616     
   27.9600000000000       9.507290865709863E-003  0.899178100017032     
   27.9900000000000       9.504711034288274E-003  0.899110346084218     
   28.0200000000000       9.502141815660156E-003  0.899042594755725     
   28.0500000000000       9.499583170266645E-003  0.898974846016379     
   28.0800000000000       9.497035057265620E-003  0.898907099851158     
   28.1100000000000       9.494497435011223E-003  0.898839356244881     
   28.1400000000000       9.491970262055159E-003  0.898771615182304     
   28.1700000000000       9.489453496878724E-003  0.898703876649033     
   28.2000000000000       9.486947098086373E-003  0.898636140632047     
   28.2300000000000       9.484451024554291E-003  0.898568407118458     
   28.2600000000000       9.481965236733048E-003  0.898500676094233     
   28.2900000000000       9.479489696369556E-003  0.898432947544693     
   28.3200000000000       9.477024365240493E-003  0.898365221455364     
   28.3500000000000       9.474569204119472E-003  0.898297497811976     
   28.3800000000000       9.472124172727456E-003  0.898229776600143     
   28.4100000000000       9.469689230753033E-003  0.898162057805340     
   28.4400000000000       9.467264338125041E-003  0.898094341413650     
   28.4700000000000       9.464849454654816E-003  0.898026627412542     
   28.5000000000000       9.462444540397562E-003  0.897958915789970     
   28.5300000000000       9.460049556608223E-003  0.897891206532887     
   28.5600000000000       9.457664466135177E-003  0.897823499627388     
   28.5900000000000       9.455289232141178E-003  0.897755795059651     
   28.6200000000000       9.452923816947846E-003  0.897688092816106     
   28.6500000000000       9.450568181696449E-003  0.897620392883131     
   28.6800000000000       9.448222287218335E-003  0.897552695246913     
   28.7100000000000       9.445886094734596E-003  0.897484999894002     
   28.7400000000000       9.443559565371228E-003  0.897417306812250     
   28.7700000000000       9.441242660223382E-003  0.897349615990337     
   28.8000000000000       9.438935341483708E-003  0.897281927416207     
   28.8300000000000       9.436637572967916E-003  0.897214241076756     
   28.8600000000000       9.434349319023753E-003  0.897146556958784     
   28.8900000000000       9.432070543507193E-003  0.897078875049367     
   28.9200000000000       9.429801209038248E-003  0.897011195335603     
   28.9500000000000       9.427541277720027E-003  0.896943517804392     
   28.9800000000000       9.425290711875270E-003  0.896875842442765     
   29.0100000000000       9.423049473948189E-003  0.896808169238866     
   29.0400000000000       9.420817526208526E-003  0.896740498181961     
   29.0700000000000       9.418594831622834E-003  0.896672829260950     
   29.1000000000000       9.416381354875675E-003  0.896605162463588     
   29.1300000000000       9.414177061483365E-003  0.896537497777283     
   29.1600000000000       9.411981916770396E-003  0.896469835189696     
   29.1900000000000       9.409795884859290E-003  0.896402174688602     
   29.2200000000000       9.407618929116301E-003  0.896334516261600     
   29.2500000000000       9.405451012937209E-003  0.896266859896246     
   29.2800000000000       9.403292100034004E-003  0.896199205580922     
   29.3100000000000       9.401142153856621E-003  0.896131553305313     
   29.3400000000000       9.399001138325234E-003  0.896063903059199     
   29.3700000000000       9.396869018743285E-003  0.895996254831253     
   29.4000000000000       9.394745761684194E-003  0.895928608609505     
   29.4300000000000       9.392631333817510E-003  0.895860964382158     
   29.4600000000000       9.390525700852023E-003  0.895793322137601     
   29.4900000000000       9.388428827425332E-003  0.895725681864118     
   29.5200000000000       9.386340678082267E-003  0.895658043549828     
   29.5500000000000       9.384261217659701E-003  0.895590407183359     
   29.5800000000000       9.382190410843129E-003  0.895522772754647     
   29.6100000000000       9.380128222446918E-003  0.895455140254215     
   29.6400000000000       9.378074618457351E-003  0.895387509671696     
   29.6700000000000       9.376029566310231E-003  0.895319880995802     
   29.7000000000000       9.373993033939140E-003  0.895252254215237     
   29.7300000000000       9.371964988567343E-003  0.895184629318946     
   29.7600000000000       9.369945396225210E-003  0.895117006295857     
   29.7900000000000       9.367934222572092E-003  0.895049385134695     
   29.8200000000000       9.365931433523532E-003  0.894981765824384     
   29.8500000000000       9.363936994998533E-003  0.894914148354987     
   29.8800000000000       9.361950872780023E-003  0.894846532717569     
   29.9100000000000       9.359973033540112E-003  0.894778918902718     
   29.9400000000000       9.358003445377421E-003  0.894711306899918     
   29.9700000000000       9.356042077326128E-003  0.894643696698367     
   30.0000000000000       9.354088898085972E-003  0.894576088287504     
   30.0300000000000       9.352143875183662E-003  0.894508481656854     
   30.0600000000000       9.350206975405312E-003  0.894440876795760     
   30.0900000000000       9.348278165690359E-003  0.894373273693528     
   30.1200000000000       9.346357413134549E-003  0.894305672340293     
   30.1500000000000       9.344444684634636E-003  0.894238072727436     
   30.1800000000000       9.342539947474597E-003  0.894170474846406     
   30.2100000000000       9.340643170422895E-003  0.894102878687564     
   30.2400000000000       9.338754323381859E-003  0.894035284240639     
   30.2700000000000       9.336873376418434E-003  0.893967691495510     
   30.3000000000000       9.335000298532792E-003  0.893900100442235     
   30.3300000000000       9.333135057812209E-003  0.893832511070764     
   30.3600000000000       9.331277622133193E-003  0.893764923370880     
   30.3900000000000       9.329427959715473E-003  0.893697337332811     
   30.4200000000000       9.327586038603767E-003  0.893629752948051     
   30.4500000000000       9.325751826883853E-003  0.893562170208721     
   30.4800000000000       9.323925293815238E-003  0.893494589106123     
   30.5100000000000       9.322106410006753E-003  0.893427009630614     
   30.5400000000000       9.320295146663162E-003  0.893359431772481     
   30.5700000000000       9.318491474361276E-003  0.893291855522247     
   30.6000000000000       9.316695362512964E-003  0.893224280870433     
   30.6300000000000       9.314906780057726E-003  0.893156707807358     
   30.6600000000000       9.313125696139438E-003  0.893089136323452     
   30.6900000000000       9.311352079967009E-003  0.893021566410179     
   30.7200000000000       9.309585900582366E-003  0.892953998060075     
   30.7500000000000       9.307827127717543E-003  0.892886431265361     
   30.7800000000000       9.306075732540510E-003  0.892818866017152     
   30.8100000000000       9.304331687256506E-003  0.892751302306162     
   30.8400000000000       9.302594963776140E-003  0.892683740123312     
   30.8700000000000       9.300865533003548E-003  0.892616179459634     
   30.9000000000000       9.299143364998609E-003  0.892548620306007     
   30.9300000000000       9.297428429835587E-003  0.892481062653196     
   30.9600000000000       9.295720697768252E-003  0.892413506492616     
   30.9900000000000       9.294020138913429E-003  0.892345951816936     
   31.0200000000000       9.292326723622934E-003  0.892278398619145     
   31.0500000000000       9.290640423434939E-003  0.892210846891245     
   31.0800000000000       9.288961211269186E-003  0.892143296624459     
   31.1100000000000       9.287289060306316E-003  0.892075747810058     
   31.1400000000000       9.285623942952520E-003  0.892008200439515     
   31.1700000000000       9.283965830502346E-003  0.891940654504247     
   31.2000000000000       9.282314693944225E-003  0.891873109995468     
   31.2300000000000       9.280670504548200E-003  0.891805566904639     
   31.2600000000000       9.279033233447326E-003  0.891738025224352     
   31.2900000000000       9.277402851848143E-003  0.891670484948088     
   31.3200000000000       9.275779331603548E-003  0.891602946068780     
   31.3500000000000       9.274162646205637E-003  0.891535408578306     
   31.3800000000000       9.272552769712403E-003  0.891467872468286     
   31.4100000000000       9.270949676033587E-003  0.891400337730560     
   31.4400000000000       9.269353337858702E-003  0.891332804357030     
   31.4700000000000       9.267763727184523E-003  0.891265272339419     
   31.5000000000000       9.266180816123494E-003  0.891197741669396     
   31.5300000000000       9.264604576901677E-003  0.891130212339402     
   31.5600000000000       9.263034981589030E-003  0.891062684343082     
   31.5900000000000       9.261472002645982E-003  0.890995157674186     
   31.6200000000000       9.259915613738423E-003  0.890927632325416     
   31.6500000000000       9.258365789799458E-003  0.890860108288815     
   31.6800000000000       9.256822505865573E-003  0.890792585556528     
   31.7100000000000       9.255285736187080E-003  0.890725064120871     
   31.7400000000000       9.253755453886263E-003  0.890657543974072     
   31.7700000000000       9.252231631903330E-003  0.890590025108166     
   31.8000000000000       9.250714243416386E-003  0.890522507515520     
   31.8300000000000       9.249203261531697E-003  0.890454991189675     
   31.8600000000000       9.247698659308938E-003  0.890387476124917     
   31.8900000000000       9.246200410773238E-003  0.890319962314868     
   31.9200000000000       9.244708491255239E-003  0.890252449752147     
   31.9500000000000       9.243222876844311E-003  0.890184938429192     
   31.9800000000000       9.241743543180445E-003  0.890117428338653     
   32.0100000000000       9.240270464797404E-003  0.890049919473215     
   32.0400000000000       9.238803615464428E-003  0.889982411825372     
   32.0700000000000       9.237342969208039E-003  0.889914905387604     
   32.1000000000000       9.235888500183640E-003  0.889847400153218     
   32.1300000000000       9.234440182237779E-003  0.889779896116679     
   32.1600000000000       9.232997989718814E-003  0.889712393272442     
   32.1900000000000       9.231561898345312E-003  0.889644891613904     
   32.2200000000000       9.230131884840067E-003  0.889577391133859     
   32.2500000000000       9.228707926081266E-003  0.889509891825226     
   32.2800000000000       9.227289998031973E-003  0.889442393681075     
   32.3100000000000       9.225878075599764E-003  0.889374896694372     
   32.3400000000000       9.224472133609028E-003  0.889307400857899     
   32.3700000000000       9.223072147055368E-003  0.889239906164803     
   32.4000000000000       9.221678090772893E-003  0.889172412609405     
   32.4300000000000       9.220289939682257E-003  0.889104920186710     
   32.4600000000000       9.218907669683548E-003  0.889037428891016     
   32.4900000000000       9.217531257893558E-003  0.888969938715645     
   32.5200000000000       9.216160682197435E-003  0.888902449653762     
   32.5500000000000       9.214795919969557E-003  0.888834961698739     
   32.5800000000000       9.213436947403092E-003  0.888767474843969     
   32.6100000000000       9.212083740130172E-003  0.888699989082653     
   32.6400000000000       9.210736273939747E-003  0.888632504407983     
   32.6700000000000       9.209394524709286E-003  0.888565020813986     
   32.7000000000000       9.208058468050716E-003  0.888497538295822     
   32.7300000000000       9.206728080116307E-003  0.888430056848616     
   32.7600000000000       9.205403338290332E-003  0.888362576466441     
   32.7900000000000       9.204084221083604E-003  0.888295097142780     
   32.8200000000000       9.202770707055519E-003  0.888227618871233     
   32.8500000000000       9.201462773855668E-003  0.888160141645547     
   32.8800000000000       9.200160398160077E-003  0.888092665459365     
   32.9100000000000       9.198863556478396E-003  0.888025190306140     
   32.9400000000000       9.197572225530604E-003  0.887957716179680     
   32.9700000000000       9.196286381881590E-003  0.887890243074948     
   33.0000000000000       9.195006002108203E-003  0.887822770987593     
   33.0300000000000       9.193731063774621E-003  0.887755299912578     
   33.0600000000000       9.192461545657078E-003  0.887687829843892     
   33.0900000000000       9.191197427361780E-003  0.887620360775345     
   33.1200000000000       9.189938687843058E-003  0.887552892700948     
   33.1500000000000       9.188685305046729E-003  0.887485425614740     
   33.1800000000000       9.187437256280089E-003  0.887417959510566     
   33.2100000000000       9.186194519005392E-003  0.887350494382244     
   33.2400000000000       9.184957070674338E-003  0.887283030224387     
   33.2700000000000       9.183724888635595E-003  0.887215567032740     
   33.3000000000000       9.182497950596155E-003  0.887148104803071     
   33.3300000000000       9.181276235517750E-003  0.887080643530112     
   33.3600000000000       9.180059723520111E-003  0.887013183207974     
   33.3900000000000       9.178848394795278E-003  0.886945723830859     
   33.4200000000000       9.177642228671887E-003  0.886878265393121     
   33.4500000000000       9.176441203482419E-003  0.886810807889019     
   33.4800000000000       9.175245297281332E-003  0.886743351312618     
   33.5100000000000       9.174054488462733E-003  0.886675895658277     
   33.5400000000000       9.172868755154488E-003  0.886608440921475     
   33.5700000000000       9.171688075539997E-003  0.886540987098441     
   33.6000000000000       9.170512428660226E-003  0.886473534184791     
   33.6300000000000       9.169341794863140E-003  0.886406082175143     
   33.6600000000000       9.168176155121848E-003  0.886338631063886     
   33.6900000000000       9.167015490190715E-003  0.886271180845597     
   33.7200000000000       9.165859779621524E-003  0.886203731514898     
   33.7500000000000       9.164709002284976E-003  0.886136283066227     
   33.7800000000000       9.163563137165589E-003  0.886068835493953     
   33.8100000000000       9.162422163318151E-003  0.886001388793156     
   33.8400000000000       9.161286059617166E-003  0.885933942960069     
   33.8700000000000       9.160154805286065E-003  0.885866497991063     
   33.9000000000000       9.159028380666743E-003  0.885799053881522     
   33.9300000000000       9.157906767304992E-003  0.885731610626129     
   33.9600000000000       9.156789946967506E-003  0.885664168219622     
   33.9900000000000       9.155677900600323E-003  0.885596726656896     
   34.0200000000000       9.154570608124902E-003  0.885529285932774     
   34.0500000000000       9.153468049131084E-003  0.885461846041877     
   34.0800000000000       9.152370203396145E-003  0.885394406979032     
   34.1100000000000       9.151277050713511E-003  0.885326968740119     
   34.1400000000000       9.150188570665100E-003  0.885259531321870     
   34.1700000000000       9.149104743622244E-003  0.885192094720543     
   34.2000000000000       9.148025551322669E-003  0.885124658931362     
   34.2300000000000       9.146950976216980E-003  0.885057223949233     
   34.2600000000000       9.145881000543334E-003  0.884989789769235     
   34.2900000000000       9.144815605459544E-003  0.884922356386515     
   34.3200000000000       9.143754771436495E-003  0.884854923796056     
   34.3500000000000       9.142698478763261E-003  0.884787491992722     
   34.3800000000000       9.141646708044954E-003  0.884720060971962     
   34.4100000000000       9.140599439620282E-003  0.884652630730392     
   34.4400000000000       9.139556654012469E-003  0.884585201264943     
   34.4700000000000       9.138518332909868E-003  0.884517772571641     
   34.5000000000000       9.137484459094656E-003  0.884450344645709     
   34.5300000000000       9.136455015788887E-003  0.884382917482355     
   34.5600000000000       9.135429985541921E-003  0.884315491076956     
   34.5900000000000       9.134409349807816E-003  0.884248065424852     
   34.6200000000000       9.133393089561907E-003  0.884180640521173     
   34.6500000000000       9.132381186090659E-003  0.884113216361149     
   34.6800000000000       9.131373620447275E-003  0.884045792940957     
   34.7100000000000       9.130370373726795E-003  0.883978370257751     
   34.7400000000000       9.129371427492971E-003  0.883910948308401     
   34.7700000000000       9.128376764649553E-003  0.883843527088731     
   34.8000000000000       9.127386368997266E-003  0.883776106594119     
   34.8300000000000       9.126400224232787E-003  0.883708686820083     
   34.8600000000000       9.125418313110822E-003  0.883641267762243     
   34.8900000000000       9.124440617481343E-003  0.883573849416083     
   34.9200000000000       9.123467119019648E-003  0.883506431776917     
   34.9500000000000       9.122497799658359E-003  0.883439014840496     
   34.9800000000000       9.121532641167487E-003  0.883371598603711     
   35.0100000000000       9.120571625319023E-003  0.883304183063989     
   35.0400000000000       9.119614734897055E-003  0.883236768217987     
   35.0700000000000       9.118661953915632E-003  0.883169354061458     
   35.1000000000000       9.117713266903953E-003  0.883101940590024     
   35.1300000000000       9.116768657931422E-003  0.883034527799488     
   35.1600000000000       9.115828109932517E-003  0.882967115685655     
   35.1900000000000       9.114891605282741E-003  0.882899704244129     
   35.2200000000000       9.113959126390922E-003  0.882832293470505     
   35.2500000000000       9.113030655846746E-003  0.882764883361172     
   35.2800000000000       9.112106176014975E-003  0.882697473913599     
   35.3100000000000       9.111185669621207E-003  0.882630065125229     
   35.3400000000000       9.110269120486002E-003  0.882562656992491     
   35.3700000000000       9.109356513641089E-003  0.882495249511208     
   35.4000000000000       9.108447834204728E-003  0.882427842677281     
   35.4300000000000       9.107543066445168E-003  0.882360436486750     
   35.4600000000000       9.106642193537257E-003  0.882293030935556     
   35.4900000000000       9.105745198530763E-003  0.882225626019442     
   35.5200000000000       9.104852064591515E-003  0.882158221734408     
   35.5500000000000       9.103962774776280E-003  0.882090818077520     
   35.5800000000000       9.103077312075127E-003  0.882023415046610     
   35.6100000000000       9.102195660233379E-003  0.881956012638957     
   35.6400000000000       9.101317804309670E-003  0.881888610850842     
   35.6700000000000       9.100443730166274E-003  0.881821209678267     
   35.7000000000000       9.099573423137140E-003  0.881753809117402     
   35.7300000000000       9.098706867697657E-003  0.881686409164469     
   35.7600000000000       9.097844047471486E-003  0.881619009815517     
   35.7900000000000       9.096984946155752E-003  0.881551611066484     
   35.8200000000000       9.096129547515782E-003  0.881484212913907     
   35.8500000000000       9.095277835144997E-003  0.881416815355460     
   35.8800000000000       9.094429792819807E-003  0.881349418389094     
   35.9100000000000       9.093585405429512E-003  0.881282022011850     
   35.9400000000000       9.092744658905591E-003  0.881214626219990     
   35.9700000000000       9.091907539687340E-003  0.881147231009754     
   36.0000000000000       9.091074033483412E-003  0.881079836377545     
   36.0300000000000       9.090244124932107E-003  0.881012442319719     
   36.0600000000000       9.089417798108195E-003  0.880945048832427     
   36.0900000000000       9.088595037444424E-003  0.880877655911905     
   36.1200000000000       9.087775827196103E-003  0.880810263555305     
   36.1500000000000       9.086960151537090E-003  0.880742871760750     
   36.1800000000000       9.086147995160391E-003  0.880675480526106     
   36.2100000000000       9.085339343967378E-003  0.880608089848203     
   36.2400000000000       9.084534184838991E-003  0.880540699723405     
   36.2700000000000       9.083732504581776E-003  0.880473310148199     
   36.3000000000000       9.082934288970664E-003  0.880405921119172     
   36.3300000000000       9.082139522967799E-003  0.880338532632785     
   36.3600000000000       9.081348191323561E-003  0.880271144685316     
   36.3900000000000       9.080560279020440E-003  0.880203757273420     
   36.4200000000000       9.079775770834752E-003  0.880136370394863     
   36.4500000000000       9.078994651552120E-003  0.880068984048002     
   36.4800000000000       9.078216906842296E-003  0.880001598230492     
   36.5100000000000       9.077442523600564E-003  0.879934212939054     
   36.5400000000000       9.076671489393002E-003  0.879866828170234     
   36.5700000000000       9.075903791281807E-003  0.879799443920742     
   36.6000000000000       9.075139415192135E-003  0.879732060187310     
   36.6300000000000       9.074378346504921E-003  0.879664676966475     
   36.6600000000000       9.073620570559498E-003  0.879597294254716     
   36.6900000000000       9.072866072889142E-003  0.879529912049214     
   36.7200000000000       9.072114838742507E-003  0.879462530348249     
   36.7500000000000       9.071366853626117E-003  0.879395149150205     
   36.7800000000000       9.070622104245321E-003  0.879327768452497     
   36.8100000000000       9.069880578431935E-003  0.879260388251852     
   36.8400000000000       9.069142264146799E-003  0.879193008545030     
   36.8700000000000       9.068407148618568E-003  0.879125629328935     
   36.9000000000000       9.067675218017194E-003  0.879058250600398     
   36.9300000000000       9.066946458144423E-003  0.878990872356042     
   36.9600000000000       9.066220855011157E-003  0.878923494592647     
   36.9900000000000       9.065498394588336E-003  0.878856117307968     
   37.0200000000000       9.064779062666724E-003  0.878788740500640     
   37.0500000000000       9.064062845581904E-003  0.878721364168905     
   37.0800000000000       9.063349731026876E-003  0.878653988309989     
   37.1100000000000       9.062639707512856E-003  0.878586612920726     
   37.1400000000000       9.061932763432408E-003  0.878519237998090     
   37.1700000000000       9.061228886024989E-003  0.878451863539133     
   37.2000000000000       9.060528061766769E-003  0.878384489540762     
   37.2300000000000       9.059830277031789E-003  0.878317115999719     
   37.2600000000000       9.059135518445978E-003  0.878249742913194     
   37.2900000000000       9.058443772268847E-003  0.878182370279495     
   37.3200000000000       9.057755024918946E-003  0.878114998097411     
   37.3500000000000       9.057069263716770E-003  0.878047626364958     
   37.3800000000000       9.056386477257653E-003  0.877980255079267     
   37.4100000000000       9.055706654603984E-003  0.877912884237338     
   37.4400000000000       9.055029784238163E-003  0.877845513836340     
   37.4700000000000       9.054355853660481E-003  0.877778143873434     
   37.5000000000000       9.053684849660499E-003  0.877710774345586     
   37.5300000000000       9.053016759206514E-003  0.877643405249731     
   37.5600000000000       9.052351569333698E-003  0.877576036583558     
   37.5900000000000       9.051689266761221E-003  0.877508668345820     
   37.6200000000000       9.051029838626479E-003  0.877441300535283     
   37.6500000000000       9.050373273254848E-003  0.877373933149724     
   37.6800000000000       9.049719559875590E-003  0.877306566186284     
   37.7100000000000       9.049068688011157E-003  0.877239199642156     
   37.7400000000000       9.048420646316972E-003  0.877171833514668     
   37.7700000000000       9.047775422397663E-003  0.877104467801057     
   37.8000000000000       9.047133003500702E-003  0.877037102498359     
   37.8300000000000       9.046493377203587E-003  0.876969737603796     
   37.8600000000000       9.045856530897454E-003  0.876902373115590     
   37.8900000000000       9.045222451791518E-003  0.876835009032786     
   37.9200000000000       9.044591127839114E-003  0.876767645353987     
   37.9500000000000       9.043962548170579E-003  0.876700282076785     
   37.9800000000000       9.043336702726799E-003  0.876632919198420     
   38.0100000000000       9.042713581320357E-003  0.876565556716271     
   38.0400000000000       9.042093172609057E-003  0.876498194627787     
   38.0700000000000       9.041475464506135E-003  0.876430832930262     
   38.1000000000000       9.040860444777874E-003  0.876363471620834     
   38.1300000000000       9.040248101465451E-003  0.876296110697115     
   38.1600000000000       9.039638422263793E-003  0.876228750157827     
   38.1900000000000       9.039031395073433E-003  0.876161390002133     
   38.2200000000000       9.038427008606386E-003  0.876094030228395     
   38.2500000000000       9.037825252815074E-003  0.876026670834116     
   38.2800000000000       9.037226118147883E-003  0.875959311816683     
   38.3100000000000       9.036629594537741E-003  0.875891953173643     
   38.3400000000000       9.036035670790881E-003  0.875824594902532     
   38.3700000000000       9.035444335128120E-003  0.875757237000684     
   38.4000000000000       9.034855575864821E-003  0.875689879465415     
   38.4300000000000       9.034269381376381E-003  0.875622522294800     
   38.4600000000000       9.033685739838027E-003  0.875555165487964     
   38.4900000000000       9.033104639720409E-003  0.875487809044022     
   38.5200000000000       9.032526070641424E-003  0.875420452961099     
   38.5500000000000       9.031950023299420E-003  0.875353097236698     
   38.5800000000000       9.031376488401206E-003  0.875285741868374     
   38.6100000000000       9.030805456064526E-003  0.875218386853809     
   38.6400000000000       9.030236915107870E-003  0.875151032190600     
   38.6700000000000       9.029670854235800E-003  0.875083677876132     
   38.7000000000000       9.029107262311408E-003  0.875016323907984     
   38.7300000000000       9.028546127959745E-003  0.874948970284725     
   38.7600000000000       9.027987439773734E-003  0.874881617005743     
   38.7900000000000       9.027431187050738E-003  0.874814264069980     
   38.8200000000000       9.026877360145805E-003  0.874746911475374     
   38.8500000000000       9.026325950375575E-003  0.874679559219508     
   38.8800000000000       9.025776948740431E-003  0.874612207300100     
   38.9100000000000       9.025230345290160E-003  0.874544855714938     
   38.9400000000000       9.024686129139930E-003  0.874477504461652     
   38.9700000000000       9.024144289418896E-003  0.874410153537717     
   39.0000000000000       9.023604815434818E-003  0.874342802941066     
   39.0300000000000       9.023067696080080E-003  0.874275452670734     
   39.0600000000000       9.022532920555710E-003  0.874208102726209     
   39.0900000000000       9.022000478784171E-003  0.874140753106196     
   39.1200000000000       9.021470362049467E-003  0.874073403808529     
   39.1500000000000       9.020942561999985E-003  0.874006054830917     
   39.1800000000000       9.020417069859359E-003  0.873938706171225     
   39.2100000000000       9.019893875624223E-003  0.873871357827310     
   39.2400000000000       9.019372968822992E-003  0.873804009796832     
   39.2700000000000       9.018854338920397E-003  0.873736662077414     
   39.3000000000000       9.018337975557790E-003  0.873669314667419     
   39.3300000000000       9.017823868114347E-003  0.873601967566261     
   39.3600000000000       9.017312006298735E-003  0.873534620773376     
   39.3900000000000       9.016802380909650E-003  0.873467274287227     
   39.4200000000000       9.016294983761334E-003  0.873399928105630     
   39.4500000000000       9.015789806890507E-003  0.873332582226443     
   39.4800000000000       9.015286841510029E-003  0.873265236647650     
   39.5100000000000       9.014786077817983E-003  0.873197891367154     
   39.5400000000000       9.014287505587262E-003  0.873130546382648     
   39.5700000000000       9.013791114890854E-003  0.873063201691988     
   39.6000000000000       9.013296895558076E-003  0.872995857293993     
   39.6300000000000       9.012804837365050E-003  0.872928513188331     
   39.6600000000000       9.012314930675719E-003  0.872861169374272     
   39.6900000000000       9.011827167100429E-003  0.872793825850077     
   39.7200000000000       9.011341538949887E-003  0.872726482613621     
   39.7500000000000       9.010858038496074E-003  0.872659139662905     
   39.7800000000000       9.010376656931950E-003  0.872591796996005     
   39.8100000000000       9.009897384614567E-003  0.872524454610847     
   39.8400000000000       9.009420211737444E-003  0.872457112505192     
   39.8700000000000       9.008945128741161E-003  0.872389770677211     
   39.9000000000000       9.008472125789870E-003  0.872322429126166     
   39.9300000000000       9.008001193128680E-003  0.872255087851825     
   39.9600000000000       9.007532321750823E-003  0.872187746853226     
   39.9900000000000       9.007065503963813E-003  0.872120406128507     
