  3.000000000000000E-002  3.266492254088330E-003  0.999909175916873     
  6.000000000000000E-002  3.338388846833203E-003  0.999770495687639     
  9.000000000000000E-002  3.411825599756665E-003  0.999628829581649     
  0.120000000000000       3.486833299877995E-003  0.999484117103050     
  0.150000000000000       3.563443225346470E-003  0.999336296741930     
  0.180000000000000       3.641687145298243E-003  0.999185305970662     
  0.210000000000000       3.721597319033894E-003  0.999031081241318     
  0.240000000000000       3.803206494456133E-003  0.998873557984248     
  0.270000000000000       3.886547905702283E-003  0.998712670607929     
  0.300000000000000       3.971655269901099E-003  0.998548352500221     
  0.330000000000000       4.058562782977935E-003  0.998380536031118     
  0.360000000000000       4.147305114426085E-003  0.998209152557179     
  0.390000000000000       4.237917400955722E-003  0.998034132427738     
  0.420000000000000       4.330435238924635E-003  0.997855404993088     
  0.450000000000000       4.424894675447258E-003  0.997672898614790     
  0.480000000000000       4.521332198070153E-003  0.997486540678305     
  0.510000000000000       4.619784722892796E-003  0.997296257608138     
  0.540000000000000       4.720289581002837E-003  0.997101974885721     
  0.570000000000000       4.822884503084023E-003  0.996903617070274     
  0.600000000000000       4.927607602043091E-003  0.996701107822876     
  0.630000000000000       5.034497353489382E-003  0.996494369934053     
  0.660000000000000       5.143592573886633E-003  0.996283325355165     
  0.690000000000000       5.254932396181209E-003  0.996067895233910     
  0.720000000000000       5.368556242694300E-003  0.995847999954321     
  0.750000000000000       5.484503795047317E-003  0.995623559181611     
  0.780000000000000       5.602814960869685E-003  0.995394491912307     
  0.810000000000000       5.723529837016188E-003  0.995160716530108     
  0.840000000000000       5.846688668997312E-003  0.994922150867962     
  0.870000000000000       5.972331806299257E-003  0.994678712276903     
  0.900000000000000       6.100499653241622E-003  0.994430317702228     
  0.930000000000000       6.231232614988822E-003  0.994176883767646     
  0.960000000000000       6.364571038296366E-003  0.993918326868095     
  0.990000000000000       6.500555146534710E-003  0.993654563271981     
   1.02000000000000       6.639224968490821E-003  0.993385509233669     
   1.05000000000000       6.780620260400950E-003  0.993111081117123     
   1.08000000000000       6.924780420616731E-003  0.992831195531685     
   1.11000000000000       7.071744396249474E-003  0.992545769481066     
   1.14000000000000       7.221550581074844E-003  0.992254720526747     
   1.17000000000000       7.374236703910669E-003  0.991957966967065     
   1.20000000000000       7.529839706603468E-003  0.991655428033421     
   1.23000000000000       7.688395610674128E-003  0.991347024105165     
   1.26000000000000       7.849939371579026E-003  0.991032676944864     
   1.29000000000000       8.014504719437782E-003  0.990712309955842     
   1.32000000000000       8.182123984963072E-003  0.990385848464064     
   1.35000000000000       8.352827909198831E-003  0.990053220026625     
   1.38000000000000       8.526645435530075E-003  0.989714354769367     
   1.41000000000000       8.703603482268549E-003  0.989369185756374     
   1.44000000000000       8.883726693941676E-003  0.989017649394390     
   1.47000000000000       9.067037169215921E-003  0.988659685875504     
   1.50000000000000       9.253554163167529E-003  0.988295239661808     
   1.53000000000000       9.443293761371169E-003  0.987924260016097     
   1.56000000000000       9.636268523008066E-003  0.987546701583096     
   1.59000000000000       9.832487089896756E-003  0.987162525026189     
   1.62000000000000       1.003195375801953E-002  0.986771697725080     
   1.65000000000000       1.023466800775270E-002  0.986374194540424     
   1.68000000000000       1.044062398860722E-002  0.985969998652033     
   1.71000000000000       1.064980995384615E-002  0.985559102477927     
   1.74000000000000       1.086220763986609E-002  0.985141508682217     
   1.77000000000000       1.107779158471258E-002  0.984717231280544     
   1.80000000000000       1.129652837954831E-002  0.984286296852616     
   1.83000000000000       1.151837584631708E-002  0.983848745872191     
   1.86000000000000       1.174328213425977E-002  0.983404634165734     
   1.89000000000000       1.197118472736914E-002  0.982954034511771     
   1.92000000000000       1.220200935435361E-002  0.982497038393796     
   1.95000000000000       1.243566879228022E-002  0.982033757920236     
   1.98000000000000       1.267206155486516E-002  0.981564327925505     
   2.01000000000000       1.291107045649770E-002  0.981088908266393     
   2.04000000000000       1.315256104367990E-002  0.980607686327811     
   2.07000000000000       1.339637988684083E-002  0.980120879751070     
   2.10000000000000       1.364235272768887E-002  0.979628739396120     
   2.13000000000000       1.389028248067694E-002  0.979131552546156     
   2.16000000000000       1.413994709206573E-002  0.978629646358333     
   2.19000000000000       1.439109726675590E-002  0.978123391557301     
   2.22000000000000       1.464345408176231E-002  0.977613206358320     
   2.25000000000000       1.489670651610787E-002  0.977099560592768     
   2.28000000000000       1.515050894019686E-002  0.976582979989976     
   2.31000000000000       1.540447862362050E-002  0.976064050544077     
   2.34000000000000       1.565819333929756E-002  0.975543422861555     
   2.37000000000000       1.591118916461427E-002  0.975021816342787     
   2.40000000000000       1.616295860797399E-002  0.974500022997433     
   2.43000000000000       1.641294922330967E-002  0.973978910627849     
   2.46000000000000       1.666056291691132E-002  0.973459425036206     
   2.49000000000000       1.690515620072971E-002  0.972942590820777     
   2.52000000000000       1.714604170245758E-002  0.972429510228934     
   2.55000000000000       1.738249130017861E-002  0.971921359436905     
   2.58000000000000       1.761374129845207E-002  0.971419381544175     
   2.61000000000000       1.783900008771332E-002  0.970924875526547     
   2.64000000000000       1.805745870776842E-002  0.970439180419133     
   2.67000000000000       1.826830464193491E-002  0.969963654140068     
   2.70000000000000       1.847073897381849E-002  0.969499646660907     
   2.73000000000000       1.866399672608171E-002  0.969048467712169     
   2.76000000000000       1.884736977411197E-002  0.968611349882345     
   2.79000000000000       1.902023122359101E-002  0.968189408776535     
   2.82000000000000       1.918205962731060E-002  0.967783602744779     
   2.85000000000000       1.933246098401934E-002  0.967394695428884     
   2.88000000000000       1.947118622058246E-002  0.967023224836643     
   2.91000000000000       1.959814195371074E-002  0.966669482611009     
   2.94000000000000       1.971339291442267E-002  0.966333506363901     
   2.97000000000000       1.981715552250306E-002  0.966015086295918     
   3.00000000000000       1.990978345303123E-002  0.965713785168080     
   3.03000000000000       1.999174719176993E-002  0.965428968729573     
   3.06000000000000       2.006361016472435E-002  0.965159842565843     
   3.09000000000000       2.012600383988303E-002  0.964905491394652     
   3.12000000000000       2.017960333257396E-002  0.964664918067711     
   3.15000000000000       2.022510429759429E-002  0.964437080858717     
   3.18000000000000       2.026320207686224E-002  0.964220927584752     
   3.21000000000000       2.029457444064082E-002  0.964015424434506     
   3.24000000000000       2.031986865868576E-002  0.963819578055512     
   3.27000000000000       2.033969264097031E-002  0.963632451050856     
   3.30000000000000       2.035460944757666E-002  0.963453171926451     
   3.33000000000000       2.036513453246197E-002  0.963280940533639     
   3.36000000000000       2.037173529438121E-002  0.963115029739229     
   3.39000000000000       2.037483268943265E-002  0.962954783749118     
   3.42000000000000       2.037480468413922E-002  0.962799613412810     
   3.45000000000000       2.037199102671305E-002  0.962648989217244     
   3.48000000000000       2.036669830274088E-002  0.962502433478335     
   3.51000000000000       2.035920417446749E-002  0.962359513535732     
   3.54000000000000       2.034976040180674E-002  0.962219836824402     
   3.57000000000000       2.033859495379195E-002  0.962083047484513     
   3.60000000000000       2.032591364239606E-002  0.961948823816424     
   3.63000000000000       2.031190153476806E-002  0.961816876127783     
   3.66000000000000       2.029672426928265E-002  0.961686944750654     
   3.69000000000000       2.028052935926513E-002  0.961558798091707     
   3.72000000000000       2.026344757252333E-002  0.961432230579668     
   3.75000000000000       2.024559449210093E-002  0.961307060346217     
   3.78000000000000       2.022707235109611E-002  0.961183126482609     
   3.81000000000000       2.020797213791254E-002  0.961060285840805     
   3.84000000000000       2.018837579065239E-002  0.960938409615327     
   3.87000000000000       2.016835817258929E-002  0.960817380174980     
   3.90000000000000       2.014798858837159E-002  0.960697088563960     
   3.93000000000000       2.012733179203679E-002  0.960577432804574     
   3.96000000000000       2.010644856568694E-002  0.960458316902623     
   3.99000000000000       2.008539597160566E-002  0.960339650395278     
   4.02000000000000       2.006422736830082E-002  0.960221348295859     
   4.05000000000000       2.004299226786422E-002  0.960103331310797     
   4.08000000000000       2.002173610282120E-002  0.959985526219480     
   4.11000000000000       2.000049996989873E-002  0.959867866311106     
   4.14000000000000       1.997932042776966E-002  0.959750291759327     
   4.17000000000000       1.995822943695924E-002  0.959632749796205     
   4.20000000000000       1.993725452293716E-002  0.959515194550789     
   4.23000000000000       1.991641919703034E-002  0.959397586479238     
   4.26000000000000       1.989574358738600E-002  0.959279891437205     
   4.29000000000000       1.987524516315623E-002  0.959162079565164     
   4.32000000000000       1.985493943804510E-002  0.959044124175275     
   4.35000000000000       1.983484060108409E-002  0.958926000740819     
   4.38000000000000       1.981496206717279E-002  0.958807686007974     
   4.41000000000000       1.979531693660610E-002  0.958689157243786     
   4.44000000000000       1.977591833668930E-002  0.958570391660481     
   4.47000000000000       1.975677961852185E-002  0.958451366061385     
   4.50000000000000       1.973791439453386E-002  0.958332056736294     
   4.53000000000000       1.971933641726838E-002  0.958212439610650     
   4.56000000000000       1.970105931547198E-002  0.958092490628448     
   4.59000000000000       1.968309622168067E-002  0.957972186320605     
   4.62000000000000       1.966545934435662E-002  0.957851504479943     
   4.65000000000000       1.964815954870665E-002  0.957730424842782     
   4.68000000000000       1.963120600049195E-002  0.957608929685622     
   4.71000000000000       1.961460588929623E-002  0.957487004297993     
   4.74000000000000       1.959836419784719E-002  0.957364637371528     
   4.77000000000000       1.958248346208424E-002  0.957241821391522     
   4.80000000000000       1.956696349683185E-002  0.957118553083036     
   4.83000000000000       1.955180111310887E-002  0.956994833882913     
   4.86000000000000       1.953698987410277E-002  0.956870670364541     
   4.89000000000000       1.952251992101783E-002  0.956746074559337     
   4.92000000000000       1.950837787841946E-002  0.956621064154342     
   4.95000000000000       1.949454684136808E-002  0.956495662561069     
   4.98000000000000       1.948100645014231E-002  0.956369898847135     
   5.01000000000000       1.946773306341141E-002  0.956243807513912     
   5.04000000000000       1.945470004353201E-002  0.956117428098260     
   5.07000000000000       1.944187816876298E-002  0.955990804574132     
   5.10000000000000       1.942923618674060E-002  0.955863984529923     
   5.13000000000000       1.941674151778239E-002  0.955737018104519     
   5.16000000000000       1.940436109765885E-002  0.955609956690780     
   5.19000000000000       1.939206231166875E-002  0.955482851470474     
   5.22000000000000       1.937981392513651E-002  0.955355751919033     
   5.25000000000000       1.936758689164776E-002  0.955228704466586     
   5.28000000000000       1.935535494754599E-002  0.955101751473573     
   5.31000000000000       1.934309496361540E-002  0.954974930586117     
   5.34000000000000       1.933078707389604E-002  0.954848274451110     
   5.37000000000000       1.931841461462354E-002  0.954721810741029     
   5.40000000000000       1.930596390293152E-002  0.954595562441847     
   5.43000000000000       1.929342388788359E-002  0.954469548355171     
   5.46000000000000       1.928078571721040E-002  0.954343783749674     
   5.49000000000000       1.926804227255170E-002  0.954218281080428     
   5.52000000000000       1.925518772806078E-002  0.954093050688914     
   5.55000000000000       1.924221718215604E-002  0.953968101402474     
   5.58000000000000       1.922912640279204E-002  0.953843440965665     
   5.61000000000000       1.921591171395635E-002  0.953719076254841     
   5.64000000000000       1.920257003214475E-002  0.953595013255111     
   5.67000000000000       1.918909903115310E-002  0.953471256823800     
   5.70000000000000       1.917549737342269E-002  0.953347810326835     
   5.73000000000000       1.916176491572288E-002  0.953224675288578     
   5.76000000000000       1.914790280488536E-002  0.953101851195818     
   5.79000000000000       1.913391342975739E-002  0.952979335526432     
   5.82000000000000       1.911980025227518E-002  0.952857123980596     
   5.85000000000000       1.910556756584631E-002  0.952735210842095     
   5.88000000000000       1.909122022376745E-002  0.952613589399251     
   5.91000000000000       1.907676336754349E-002  0.952492252375066     
   5.94000000000000       1.906220217752413E-002  0.952371192329455     
   5.97000000000000       1.904754166407839E-002  0.952250402003309     
   6.00000000000000       1.903278651211238E-002  0.952129874582068     
   6.03000000000000       1.901794098501404E-002  0.952009603866971     
   6.06000000000000       1.900300888891854E-002  0.951889584350999     
   6.09000000000000       1.898799359652939E-002  0.951769811200136     
   6.12000000000000       1.897289812998480E-002  0.951650280140337     
   6.15000000000000       1.895772529862976E-002  0.951530987254645     
   6.18000000000000       1.894247787365987E-002  0.951411928714033     
   6.21000000000000       1.892715875934448E-002  0.951293100499732     
   6.24000000000000       1.891177110691124E-002  0.951174498201233     
   6.27000000000000       1.889631833288052E-002  0.951056116958370     
   6.30000000000000       1.888080404566986E-002  0.950937951554306     
   6.33000000000000       1.886523192113048E-002  0.950819996603020     
   6.36000000000000       1.884960557428116E-002  0.950702246755386     
   6.39000000000000       1.883392845753697E-002  0.950584696870185     
   6.42000000000000       1.881820379603432E-002  0.950467342128254     
   6.45000000000000       1.880243455853290E-002  0.950350178089430     
   6.48000000000000       1.878662345631587E-002  0.950233200702778     
   6.51000000000000       1.877077295913456E-002  0.950116406286597     
   6.54000000000000       1.875488531620606E-002  0.949999791497167     
   6.57000000000000       1.873896257304320E-002  0.949883353301991     
   6.60000000000000       1.872300658203312E-002  0.949767088963107     
   6.63000000000000       1.870701901379504E-002  0.949650996021675     
   6.66000000000000       1.869100138167968E-002  0.949535072264906     
   6.69000000000000       1.867495508662834E-002  0.949419315661216     
   6.72000000000000       1.865888147291198E-002  0.949303724273427     
   6.75000000000000       1.864278186825199E-002  0.949188296188491     
   6.78000000000000       1.862665758301707E-002  0.949073029506726     
   6.81000000000000       1.861050986781655E-002  0.948957922399911     
   6.84000000000000       1.859433985695692E-002  0.948842973201185     
   6.87000000000000       1.857814853260868E-002  0.948728180471012     
   6.90000000000000       1.856193672955207E-002  0.948613543002207     
   6.93000000000000       1.854570517963205E-002  0.948499059759931     
   6.96000000000000       1.852945458137499E-002  0.948384729776710     
   6.99000000000000       1.851318567498093E-002  0.948270552032976     
   7.02000000000000       1.849689930275593E-002  0.948156525355064     
   7.05000000000000       1.848059643810087E-002  0.948042648358742     
   7.08000000000000       1.846427817263892E-002  0.947928919457117     
   7.11000000000000       1.844794566130988E-002  0.947815336936549     
   7.14000000000000       1.843160003788299E-002  0.947701899084460     
   7.17000000000000       1.841524232423311E-002  0.947588604334589     
   7.20000000000000       1.839887335970374E-002  0.947475451387616     
   7.23000000000000       1.838249376718391E-002  0.947362439276830     
   7.26000000000000       1.836610395298932E-002  0.947249567377655     
   7.29000000000000       1.834970412176896E-002  0.947136835387648     
   7.32000000000000       1.833329429021506E-002  0.947024243305267     
   7.35000000000000       1.831687430261965E-002  0.946911791408334     
   7.38000000000000       1.830044386734102E-002  0.946799480204742     
   7.41000000000000       1.828400263031048E-002  0.946687310327021     
   7.44000000000000       1.826755028451716E-002  0.946575282367114     
   7.47000000000000       1.825108669769427E-002  0.946463396675564     
   7.50000000000000       1.823461203241793E-002  0.946351653164709     
   7.53000000000000       1.821812683289863E-002  0.946240051157438     
   7.56000000000000       1.820163205769192E-002  0.946128589316440     
   7.59000000000000       1.818512904570602E-002  0.946017265676843     
   7.62000000000000       1.816861941396809E-002  0.945906077788419     
   7.65000000000000       1.815210489914383E-002  0.945795022952481     
   7.68000000000000       1.813558716871981E-002  0.945684098516261     
   7.71000000000000       1.811906763788743E-002  0.945573302169726     
   7.74000000000000       1.810254732902881E-002  0.945462632185225     
   7.77000000000000       1.808602679857146E-002  0.945352087555894     
   7.80000000000000       1.806950613395469E-002  0.945241668021684     
   7.83000000000000       1.805298500384093E-002  0.945131374005126     
   7.86000000000000       1.803646274107069E-002  0.945021206489831     
   7.89000000000000       1.801993845012279E-002  0.944911166858579     
   7.92000000000000       1.800341114288943E-002  0.944801256687022     
   7.95000000000000       1.798687990430611E-002  0.944691477488301     
   7.98000000000000       1.797034407547913E-002  0.944581830423908     
   8.01000000000000       1.795380342876217E-002  0.944472316018408     
   8.04000000000000       1.793725830449497E-002  0.944362933925833     
   8.07000000000000       1.792070968264245E-002  0.944253682792147     
   8.10000000000000       1.790415917119292E-002  0.944144560245726     
   8.13000000000000       1.788760890463685E-002  0.944035563030337     
   8.16000000000000       1.787106135919761E-002  0.943926687274361     
   8.19000000000000       1.785451910586114E-002  0.943817928867238     
   8.22000000000000       1.783798453578507E-002  0.943709283891944     
   8.25000000000000       1.782145960202288E-002  0.943600749045716     
   8.28000000000000       1.780494562223126E-002  0.943492321977040     
   8.31000000000000       1.778844317553485E-002  0.943384001481466     
   8.34000000000000       1.777195210408113E-002  0.943275787532099     
   8.37000000000000       1.775547160504599E-002  0.943167681160547     
   8.40000000000000       1.773900038540572E-002  0.943059684229676     
   8.43000000000000       1.772253685554791E-002  0.942951799138022     
   8.46000000000000       1.770607934914260E-002  0.942844028478452     
   8.49000000000000       1.768962636046195E-002  0.942736374664749     
   8.52000000000000       1.767317678258588E-002  0.942628839549591     
   8.55000000000000       1.765673011933524E-002  0.942521424074604     
   8.58000000000000       1.764028663952680E-002  0.942414128002336     
   8.61000000000000       1.762384744645001E-002  0.942306949775492     
   8.64000000000000       1.760741444571776E-002  0.942199886533968     
   8.67000000000000       1.759099020777917E-002  0.942092934299971     
   8.70000000000000       1.757457773559943E-002  0.941986088319135     
   8.73000000000000       1.755818016219346E-002  0.941879343522747     
   8.76000000000000       1.754180041549735E-002  0.941772695055181     
   8.79000000000000       1.752544089727587E-002  0.941666138794439     
   8.82000000000000       1.750910322525428E-002  0.941559671787353     
   8.85000000000000       1.749278808006683E-002  0.941453292529729     
   8.88000000000000       1.747649517956162E-002  0.941347001048821     
   8.91000000000000       1.746022337651814E-002  0.941240798786183     
   8.94000000000000       1.744397085254078E-002  0.941134688318064     
   8.97000000000000       1.742773537195180E-002  0.941028672969354     
   9.00000000000000       1.741151456577769E-002  0.940922756370784     
   9.03000000000000       1.739530622568080E-002  0.940816941993373     
   9.06000000000000       1.737910858929694E-002  0.940711232689055     
   9.09000000000000       1.736292059221337E-002  0.940605630274997     
   9.12000000000000       1.734674205646346E-002  0.940500135208880     
   9.15000000000000       1.733057378730242E-002  0.940394746401757     
   9.18000000000000       1.731441755923745E-002  0.940289461202431     
   9.21000000000000       1.729827598569197E-002  0.940184275566872     
   9.24000000000000       1.728215228135202E-002  0.940079184403069     
   9.27000000000000       1.726604994040574E-002  0.939974182058836     
   9.30000000000000       1.724997236637219E-002  0.939869262899527     
   9.33000000000000       1.723392249875409E-002  0.939764421906238     
   9.36000000000000       1.721790248654346E-002  0.939659655215665     
   9.39000000000000       1.720191345625946E-002  0.939554960524013     
   9.42000000000000       1.718595541036724E-002  0.939450337293168     
   9.45000000000000       1.717002727026821E-002  0.939345786729059     
   9.48000000000000       1.715412705109545E-002  0.939241311544254     
   9.51000000000000       1.713825213328002E-002  0.939136915554615     
   9.54000000000000       1.712239958794300E-002  0.939032603176992     
   9.57000000000000       1.710656651961682E-002  0.938928378888181     
   9.60000000000000       1.709075039977927E-002  0.938824246689520     
   9.63000000000000       1.707494936793815E-002  0.938720209614297     
   9.66000000000000       1.705916247392784E-002  0.938616269319091     
   9.69000000000000       1.704338983325843E-002  0.938512425804295     
   9.72000000000000       1.702763267219185E-002  0.938408677303515     
   9.75000000000000       1.701189325047054E-002  0.938305020365304     
   9.78000000000000       1.699617466411623E-002  0.938201450128272     
   9.81000000000000       1.698048054543489E-002  0.938097960767030     
   9.84000000000000       1.696481469045954E-002  0.937994546064898     
   9.87000000000000       1.694918065444494E-002  0.937891200051798     
   9.90000000000000       1.693358136279374E-002  0.937787917633585     
   9.93000000000000       1.691801878676438E-002  0.937684695134232     
   9.96000000000000       1.690249372887045E-002  0.937581530677062     
   9.99000000000000       1.688700575030369E-002  0.937478424348664     
   10.0200000000000       1.687155325162383E-002  0.937375378120255     
   10.0500000000000       1.685613369179620E-002  0.937272395542036     
   10.0800000000000       1.684074390782991E-002  0.937169481264306     
   10.1100000000000       1.682538048713844E-002  0.937066640459479     
   10.1400000000000       1.681004014935747E-002  0.936963878215694     
   10.1700000000000       1.679472010525721E-002  0.936861198956269     
   10.2000000000000       1.677941836706722E-002  0.936758605927177     
   10.2300000000000       1.676413398494156E-002  0.936656100792875     
   10.2600000000000       1.674886718438900E-002  0.936553683381475     
   10.2900000000000       1.673361938493976E-002  0.936451351613408     
   10.3200000000000       1.671839309173821E-002  0.936349101631161     
   10.3500000000000       1.670319166627785E-002  0.936246928125086     
   10.3800000000000       1.668801899691447E-002  0.936144824827076     
   10.4100000000000       1.667287910200517E-002  0.936042785123558     
   10.4400000000000       1.665777570746880E-002  0.935940802723885     
   10.4700000000000       1.664271184567241E-002  0.935838872310665     
   10.5000000000000       1.662768952325825E-002  0.935736990095874     
   10.5300000000000       1.661270950092372E-002  0.935635154212053     
   10.5600000000000       1.659777121699423E-002  0.935533364883473     
   10.5900000000000       1.658287286810208E-002  0.935431624349458     
   10.6200000000000       1.656801163605237E-002  0.935329936549337     
   10.6500000000000       1.655318402601033E-002  0.935228306617514     
   10.6800000000000       1.653838626640960E-002  0.935126740264024     
   10.7100000000000       1.652361472082930E-002  0.935025243120490     
   10.7400000000000       1.650886627239830E-002  0.934923820117310     
   10.7700000000000       1.649413865177628E-002  0.934822474940689     
   10.8000000000000       1.647943068444412E-002  0.934721209609315     
   10.8300000000000       1.646474243470541E-002  0.934620024207717     
   10.8600000000000       1.645007522845979E-002  0.934518916807365     
   10.8900000000000       1.643543154695709E-002  0.934417883591926     
   10.9200000000000       1.642081479758335E-002  0.934316919181893     
   10.9500000000000       1.640622898195143E-002  0.934216017130880     
   10.9800000000000       1.639167829360542E-002  0.934115170545906     
   11.0100000000000       1.637716668618246E-002  0.934014372769097     
   11.0400000000000       1.636269745747076E-002  0.933913618049628     
   11.0700000000000       1.634827289533103E-002  0.933812902132403     
   11.1000000000000       1.633389402764620E-002  0.933712222694500     
   11.1300000000000       1.631956050961769E-002  0.933611579572757     
   11.1600000000000       1.630527066690319E-002  0.933510974747519     
   11.1900000000000       1.629102169230807E-002  0.933410412079078     
   11.2200000000000       1.627680997002389E-002  0.933309896830753     
   11.2500000000000       1.626263148172554E-002  0.933209435045891     
   11.2800000000000       1.624848224092689E-002  0.933109032862668     
   11.3100000000000       1.623435870765453E-002  0.933008695845190     
   11.3400000000000       1.622025814780093E-002  0.932908428391119     
   11.3700000000000       1.620617891129622E-002  0.932808233259468     
   11.4000000000000       1.619212060791768E-002  0.932708111253822     
   11.4300000000000       1.617808416347409E-002  0.932608061090481     
   11.4600000000000       1.616407174689374E-002  0.932508079470000     
   11.4900000000000       1.615008657091754E-002  0.932408161352328     
   11.5200000000000       1.613613258298830E-002  0.932308300413748     
   11.5500000000000       1.612221407544602E-002  0.932208489643235     
   11.5800000000000       1.610833525334082E-002  0.932108722019971     
   11.6100000000000       1.609449980333982E-002  0.932008991204159     
   11.6400000000000       1.608071050836312E-002  0.931909292170094     
   11.6700000000000       1.606696894994187E-002  0.931809621713279     
   11.7000000000000       1.605327533377672E-002  0.931709978772401     
   11.7300000000000       1.603962846299821E-002  0.931610364522892     
   11.7600000000000       1.602602586746114E-002  0.931510782222947     
   11.7900000000000       1.601246407651852E-002  0.931411236824955     
   11.8200000000000       1.599893900073271E-002  0.931311734400597     
   11.8500000000000       1.598544637188309E-002  0.931212281455993     
   11.8800000000000       1.597198218690176E-002  0.931112884223219     
   11.9100000000000       1.595854310988708E-002  0.931013548004149     
   11.9400000000000       1.594512679946398E-002  0.930914276622447     
   11.9700000000000       1.593173213859520E-002  0.930815072022822     
   12.0000000000000       1.591835934947329E-002  0.930715934047204     
   12.0300000000000       1.590500998175991E-002  0.930616860409106     
   12.0600000000000       1.589168677174789E-002  0.930517846873824     
   12.0900000000000       1.587839338260539E-002  0.930418887632795     
   12.1200000000000       1.586513404887414E-002  0.930319975839474     
   12.1500000000000       1.585191315905981E-002  0.930221104256124     
   12.1800000000000       1.583873481696477E-002  0.930122265948770     
   12.2100000000000       1.582560242506594E-002  0.930023454961904     
   12.2400000000000       1.581251833208242E-002  0.929924666905110     
   12.2700000000000       1.579948358235487E-002  0.929825899389776     
   12.3000000000000       1.578649779683180E-002  0.929727152265339     
   12.3300000000000       1.577355920382018E-002  0.929628427621710     
   12.3600000000000       1.576066482155307E-002  0.929529729548812     
   12.3900000000000       1.574781077461274E-002  0.929431063675124     
   12.4200000000000       1.573499270589541E-002  0.929332436540048     
   12.4500000000000       1.572220623174047E-002  0.929233854879894     
   12.4800000000000       1.570944738589706E-002  0.929135324914261     
   12.5100000000000       1.569671300759391E-002  0.929036851707346     
   12.5400000000000       1.568400104270271E-002  0.928938438657501     
   12.5700000000000       1.567131073753722E-002  0.928840087150600     
   12.6000000000000       1.565864271137944E-002  0.928741796401723     
   12.6300000000000       1.564599890041304E-002  0.928643563499663     
   12.6600000000000       1.563338237545455E-002  0.928545383654311     
   12.6900000000000       1.562079704811650E-002  0.928447250627937     
   12.7200000000000       1.560824729205226E-002  0.928349157311826     
   12.7500000000000       1.559573751515752E-002  0.928251096393938     
   12.7800000000000       1.558327172376980E-002  0.928153061053671     
   12.8100000000000       1.557085312094420E-002  0.928055045616753     
   12.8400000000000       1.555848377835286E-002  0.927957046106140     
   12.8700000000000       1.554616441587512E-002  0.927859060632464     
   12.9000000000000       1.553389431471445E-002  0.927761089579669     
   12.9300000000000       1.552167137847412E-002  0.927663135558531     
   12.9600000000000       1.550949234137373E-002  0.927565203123833     
   12.9900000000000       1.549735310403662E-002  0.927467298280054     
   13.0200000000000       1.548524915810158E-002  0.927369427831373     
   13.0500000000000       1.547317604739405E-002  0.927271598655759     
   13.0800000000000       1.546112981128242E-002  0.927173816989934     
   13.1100000000000       1.544910736522773E-002  0.927076087800219     
   13.1400000000000       1.543710678775488E-002  0.926978414292433     
   13.1700000000000       1.542512749479402E-002  0.926880797594596     
   13.2000000000000       1.541317028998411E-002  0.926783236633201     
   13.2300000000000       1.540123728654402E-002  0.926685728213014     
   13.2600000000000       1.538933170577749E-002  0.926588267296073     
   13.2900000000000       1.537745756889312E-002  0.926490847457421     
   13.3200000000000       1.536561931005096E-002  0.926393461476793     
   13.3500000000000       1.535382134691622E-002  0.926296102011008     
   13.3800000000000       1.534206764928021E-002  0.926198762283596     
   13.4100000000000       1.533036134650367E-002  0.926101436726557     
   13.4400000000000       1.531870441132975E-002  0.926004121513118     
   13.4700000000000       1.530709745176745E-002  0.925906814928692     
   13.5000000000000       1.529553963462210E-002  0.925809517539375     
   13.5300000000000       1.528402875355401E-002  0.925712232133377     
   13.5600000000000       1.527256144057927E-002  0.925614963432016     
   13.5900000000000       1.526113350264753E-002  0.925517717593593     
   13.6200000000000       1.524974034661759E-002  0.925420501562825     
   13.6500000000000       1.523837744192793E-002  0.925323322342841     
   13.6800000000000       1.522704076645652E-002  0.925226186276262     
   13.7100000000000       1.521572718897741E-002  0.925129098412571     
   13.7400000000000       1.520443475593929E-002  0.925032062017596     
   13.7700000000000       1.519316286344799E-002  0.924935078259339     
   13.8000000000000       1.518191230430815E-002  0.924838146089260     
   13.8300000000000       1.517068518725700E-002  0.924741262326484     
   13.8600000000000       1.515948473439971E-002  0.924644421938907     
   13.8900000000000       1.514831497372150E-002  0.924547618498248     
   13.9200000000000       1.513718035425889E-002  0.924450844768644     
   13.9500000000000       1.512608531958473E-002  0.924354093374462     
   13.9800000000000       1.511503387933662E-002  0.924257357485124     
   14.0100000000000       1.510402921851476E-002  0.924160631453442     
   14.0400000000000       1.509307338090515E-002  0.924063911348156     
   14.0700000000000       1.508216705713406E-002  0.923967195329874     
   14.1000000000000       1.507130950008206E-002  0.923870483831206     
   14.1300000000000       1.506049858058298E-002  0.923773779516788     
   14.1600000000000       1.504973098384241E-002  0.923677087017833     
   14.1900000000000       1.503900253139713E-002  0.923580412459916     
   14.2200000000000       1.502830859601326E-002  0.923483762830293     
   14.2500000000000       1.501764456194492E-002  0.923387145256291     
   14.2800000000000       1.500700627639905E-002  0.923290566279849     
   14.3100000000000       1.499639044311709E-002  0.923194031208697     
   14.3400000000000       1.498579492248413E-002  0.923097543605215     
   14.3700000000000       1.497521891711905E-002  0.923001104950781     
   14.4000000000000       1.496466303262042E-002  0.922904714505362     
   14.4300000000000       1.495412921093287E-002  0.922808369369309     
   14.4600000000000       1.494362054201704E-002  0.922712064741612     
   14.4900000000000       1.493314096951780E-002  0.922615794353342     
   14.5200000000000       1.492269491645817E-002  0.922519551038303     
   14.5500000000000       1.491228686519573E-002  0.922423327388923     
   14.5800000000000       1.490192093032561E-002  0.922327116436987     
   14.6100000000000       1.489160046357063E-002  0.922230912296891     
   14.6400000000000       1.488132772659187E-002  0.922134710712943     
   14.6700000000000       1.487110366204640E-002  0.922038509460252     
   14.7000000000000       1.486092778587107E-002  0.921942308559849     
   14.7300000000000       1.485079821484589E-002  0.921846110282219     
   14.7600000000000       1.484071183247918E-002  0.921749918930255     
   14.7900000000000       1.483066458246512E-002  0.921653740413757     
   14.8200000000000       1.482065186275395E-002  0.921557581653009     
   14.8500000000000       1.481066897755815E-002  0.921461449874678     
   14.8800000000000       1.480071159482393E-002  0.921365351881303     
   14.9100000000000       1.479077615760341E-002  0.921269293377664     
   14.9400000000000       1.478086020894138E-002  0.921173278422249     
   14.9700000000000       1.477096260515394E-002  0.921077309048495     
   15.0000000000000       1.476108360522245E-002  0.920981385079182     
   15.0300000000000       1.475122483297646E-002  0.920885504142360     
   15.0600000000000       1.474138911654958E-002  0.920789661884742     
   15.0900000000000       1.473158021866103E-002  0.920693852364502     
   15.1200000000000       1.472180248119128E-002  0.920598068589528     
   15.1500000000000       1.471206041609368E-002  0.920502303152876     
   15.1800000000000       1.470235827995406E-002  0.920406548907481     
   15.2100000000000       1.469269967072993E-002  0.920310799618931     
   15.2400000000000       1.468308718276887E-002  0.920215050537763     
   15.2700000000000       1.467352215107457E-002  0.920119298840025     
   15.3000000000000       1.466400450890372E-002  0.920023543895168     
   15.3300000000000       1.465453277459982E-002  0.919927787332808     
   15.3600000000000       1.464510417387338E-002  0.919832032894780     
   15.3900000000000       1.463571489178681E-002  0.919736286077179     
   15.4200000000000       1.462636043413224E-002  0.919640553589668     
   15.4500000000000       1.461703606216400E-002  0.919544842684458     
   15.4800000000000       1.460773725201403E-002  0.919449160429043     
   15.5100000000000       1.459846012606339E-002  0.919353513006307     
   15.5400000000000       1.458920181054685E-002  0.919257905117711     
   15.5700000000000       1.457996068810708E-002  0.919162339544031     
   15.6000000000000       1.457073652884914E-002  0.919066816894289     
   15.6300000000000       1.456153049441353E-002  0.918971335555050     
   15.6600000000000       1.455234501769503E-002  0.918875891838931     
   15.6900000000000       1.454318356903419E-002  0.918780480318307     
   15.7200000000000       1.453405032899813E-002  0.918685094315577     
   15.7500000000000       1.452494979676292E-002  0.918589726506759     
   15.7800000000000       1.451588636946021E-002  0.918494369583993     
   15.8100000000000       1.450686393037676E-002  0.918399016917209     
   15.8400000000000       1.449788548257385E-002  0.918303663156059     
   15.8700000000000       1.448895286013300E-002  0.918208304719137     
   15.9000000000000       1.448006654288761E-002  0.918112940126962     
   15.9300000000000       1.447122559292513E-002  0.918017570146735     
   15.9600000000000       1.446242772248058E-002  0.917922197730247     
   15.9900000000000       1.445366949255167E-002  0.917826827742083     
   16.0200000000000       1.444494662890777E-002  0.917731466494770     
   16.0500000000000       1.443625442737431E-002  0.917636121130679     
   16.0800000000000       1.442758820594099E-002  0.917540798914018     
   16.1100000000000       1.441894375240651E-002  0.917445506512579     
   16.1400000000000       1.441031771754177E-002  0.917350249350197     
   16.1700000000000       1.440170791502978E-002  0.917255031095614     
   16.2000000000000       1.439311350505265E-002  0.917159853329436     
   16.2300000000000       1.438453505193511E-002  0.917064715408520     
   16.2600000000000       1.437597445579981E-002  0.916969614531088     
   16.2900000000000       1.436743476603364E-002  0.916874545993172     
   16.3200000000000       1.435891989282873E-002  0.916779503613755     
   16.3500000000000       1.435043424195774E-002  0.916684480291644     
   16.3800000000000       1.434198230535380E-002  0.916589468644576     
   16.4100000000000       1.433356824420361E-002  0.916494461673238     
   16.4400000000000       1.432519550149958E-002  0.916399453391195     
   16.4700000000000       1.431686647779947E-002  0.916304439365705     
   16.5000000000000       1.430858229832946E-002  0.916209417122534     
   16.5300000000000       1.430034269253169E-002  0.916114386378547     
   16.5600000000000       1.429214599922619E-002  0.916019349078087     
   16.5900000000000       1.428398930156463E-002  0.915924309223055     
   16.6200000000000       1.427586868517565E-002  0.915829272503136     
   16.6500000000000       1.426777959978540E-002  0.915734245752950     
   16.6800000000000       1.425971729009889E-002  0.915639236285940     
   16.7100000000000       1.425167724940388E-002  0.915544251175702     
   16.7400000000000       1.424365564444414E-002  0.915449296566038     
   16.7700000000000       1.423564966579021E-002  0.915354377085196     
   16.8000000000000       1.422765777184168E-002  0.915259495419684     
   16.8300000000000       1.421967981014387E-002  0.915164652078366     
   16.8600000000000       1.421171701182814E-002  0.915069845357258     
   16.8900000000000       1.420377186360892E-002  0.914975071501039     
   16.9200000000000       1.419584786957798E-002  0.914880325044841     
   16.9500000000000       1.418794922348165E-002  0.914785599306510     
   16.9800000000000       1.418008042026914E-002  0.914690886986234     
   17.0100000000000       1.417224584149780E-002  0.914596180820222     
   17.0400000000000       1.416444935135487E-002  0.914501474230370     
   17.0700000000000       1.415669393849112E-002  0.914406761913112     
   17.1000000000000       1.414898143434148E-002  0.914312040316916     
   17.1300000000000       1.414131233221708E-002  0.914217307967381     
   17.1600000000000       1.413368572405616E-002  0.914122565610282     
   17.1900000000000       1.412609936360527E-002  0.914027816155504     
   17.2200000000000       1.411854985555446E-002  0.913933064419068     
   17.2500000000000       1.411103295898180E-002  0.913838316677653     
   17.2800000000000       1.410354398013204E-002  0.913743580070828     
   17.3100000000000       1.409607821575864E-002  0.913648861908452     
   17.3400000000000       1.408863139824744E-002  0.913554168958435     
   17.3700000000000       1.408120009247117E-002  0.913459506795091     
   17.4000000000000       1.407378200338843E-002  0.913364879276854     
   17.4300000000000       1.406637616870571E-002  0.913270288199163     
   17.4600000000000       1.405898302581025E-002  0.913175733144213     
   17.4900000000000       1.405160435308070E-002  0.913081211530873     
   17.5200000000000       1.404424309374728E-002  0.912986718854767     
   17.5500000000000       1.403690307826635E-002  0.912892249096099     
   17.5800000000000       1.402958866934245E-002  0.912797795259760     
   17.6100000000000       1.402230436084848E-002  0.912703350000268     
   17.6400000000000       1.401505436615329E-002  0.912608906276195     
   17.6700000000000       1.400784223189445E-002  0.912514457976651     
   17.7000000000000       1.400067051030364E-002  0.912420000465891     
   17.7300000000000       1.399354051776334E-002  0.912325530999976     
   17.7600000000000       1.398645220042084E-002  0.912231048979795     
   17.7900000000000       1.397940412011636E-002  0.912136556016489     
   17.8200000000000       1.397239356566311E-002  0.912042055798098     
   17.8500000000000       1.396541678505699E-002  0.911947553760867     
   17.8800000000000       1.395846932273014E-002  0.911853056586315     
   17.9100000000000       1.395154643263662E-002  0.911758571566153     
   17.9400000000000       1.394464352513730E-002  0.911664105898180     
   17.9700000000000       1.393775659800330E-002  0.911569665990655     
   18.0000000000000       1.393088260375859E-002  0.911475256852721     
   18.0300000000000       1.392401971709665E-002  0.911380881632778     
   18.0600000000000       1.391716748199443E-002  0.911286541342240     
   18.0900000000000       1.391032683216649E-002  0.911192234779045     
   18.1200000000000       1.390349998843347E-002  0.911097958648522     
   18.1500000000000       1.389669024430002E-002  0.911003707866558     
   18.1800000000000       1.388990165875573E-002  0.910909476017743     
   18.2100000000000       1.388313868303425E-002  0.910815255928645     
   18.2400000000000       1.387640575415283E-002  0.910721040305851     
   18.2700000000000       1.386970689094437E-002  0.910626822382659     
   18.3000000000000       1.386304532749221E-002  0.910532596518328     
   18.3300000000000       1.385642321493097E-002  0.910438358699058     
   18.3600000000000       1.384984141653836E-002  0.910344106898799     
   18.3900000000000       1.384329941393051E-002  0.910249841268899     
   18.4200000000000       1.383679533453669E-002  0.910155564137493     
   18.4500000000000       1.383032610224476E-002  0.910061279812425     
   18.4800000000000       1.382388770347224E-002  0.909966994196388     
   18.5100000000000       1.381747554925104E-002  0.909872714240994     
   18.5400000000000       1.381108490076450E-002  0.909778447287371     
   18.5700000000000       1.380471131407231E-002  0.909684200360454     
   18.6000000000000       1.379835105435236E-002  0.909589979495245     
   18.6300000000000       1.379200143452300E-002  0.909495789169187     
   18.6600000000000       1.378566104632446E-002  0.909401631896039     
   18.6900000000000       1.377932986791625E-002  0.909307508011593     
   18.7200000000000       1.377300924519183E-002  0.909213415659693     
   18.7500000000000       1.376670175320899E-002  0.909119350971533     
   18.7800000000000       1.376041095162541E-002  0.909025308418984     
   18.8100000000000       1.375414105559983E-002  0.908931281310634     
   18.8400000000000       1.374789655080663E-002  0.908837262387392     
   18.8700000000000       1.374168178631568E-002  0.908743244465472     
   18.9000000000000       1.373550058080809E-002  0.908649221070600     
   18.9300000000000       1.372935587574347E-002  0.908555187009090     
   18.9600000000000       1.372324946439938E-002  0.908461138827968     
   18.9900000000000       1.371718181926382E-002  0.908367075126000     
   19.0200000000000       1.371115203301492E-002  0.908272996688670     
   19.0500000000000       1.370515788067201E-002  0.908178906432127     
   19.0800000000000       1.369919600217401E-002  0.908084809154055     
   19.1100000000000       1.369326219485729E-002  0.907990711104557     
   19.1400000000000       1.368735179352139E-002  0.907896619408420     
   19.1700000000000       1.368146010291740E-002  0.907802541390676     
   19.2000000000000       1.367558283694406E-002  0.907708483875443     
   19.2300000000000       1.366971651545401E-002  0.907614452536068     
   19.2600000000000       1.366385877622853E-002  0.907520451367037     
   19.2900000000000       1.365800857403228E-002  0.907426482327209     
   19.3200000000000       1.365216625445891E-002  0.907332545178766     
   19.3500000000000       1.364633350263374E-002  0.907238637525611     
   19.3800000000000       1.364051317548325E-002  0.907144755040384     
   19.4100000000000       1.363470903359960E-002  0.907050891857390     
   19.4400000000000       1.362892539609398E-002  0.906957041096929     
   19.4700000000000       1.362316674846223E-002  0.906863195475452     
   19.5000000000000       1.361743733770041E-002  0.906769347948251     
   19.5300000000000       1.361174078965086E-002  0.906675492329000     
   19.5600000000000       1.360607978087830E-002  0.906581623833612     
   19.5900000000000       1.360045579213509E-002  0.906487739503377     
   19.6200000000000       1.359486896377464E-002  0.906393838472527     
   19.6500000000000       1.358931806616666E-002  0.906299922056708     
   19.6800000000000       1.358380059053300E-002  0.906205993650826     
   19.7100000000000       1.357831295726096E-002  0.906112058437698     
   19.7400000000000       1.357285082885397E-002  0.906018122924269     
   19.7700000000000       1.356740950284618E-002  0.905924194340572     
   19.8000000000000       1.356198434752091E-002  0.905830279956724     
   19.8300000000000       1.355657123383777E-002  0.905736386389797     
   19.8600000000000       1.355116691535358E-002  0.905642518977730     
   19.8900000000000       1.354576931625062E-002  0.905548681287184     
   19.9200000000000       1.354037770267825E-002  0.905454874799751     
   19.9500000000000       1.353499272810744E-002  0.905361098796073     
   19.9800000000000       1.352961635507769E-002  0.905267350437747     
   20.0100000000000       1.352425166394279E-002  0.905173625033057     
   20.0400000000000       1.351890256639060E-002  0.905079916461027     
   20.0700000000000       1.351357344864169E-002  0.904986217716723     
   20.1000000000000       1.350826877531961E-002  0.904892521530483     
   20.1300000000000       1.350299268842324E-002  0.904798821007192     
   20.1600000000000       1.349774863577190E-002  0.904705110230631     
   20.1900000000000       1.349253905997138E-002  0.904611384782146     
   20.2200000000000       1.348736517331112E-002  0.904517642131107     
   20.2500000000000       1.348222683713658E-002  0.904423881865117     
   20.2800000000000       1.347712255692284E-002  0.904330105739359     
   20.3100000000000       1.347204959666711E-002  0.904236317536396     
   20.3400000000000       1.346700420783330E-002  0.904142522740783     
   20.3700000000000       1.346198195809942E-002  0.904048728048242     
   20.4000000000000       1.345697813333120E-002  0.903954940747713     
   20.4300000000000       1.345198817411323E-002  0.903861168034148     
   20.4600000000000       1.344700809976202E-002  0.903767416325046     
   20.4900000000000       1.344203487262146E-002  0.903673690656781     
   20.5200000000000       1.343706666506964E-002  0.903579994224251     
   20.5500000000000       1.343210300722277E-002  0.903486328103953     
   20.5800000000000       1.342714480846912E-002  0.903392691176011     
   20.6100000000000       1.342219425708490E-002  0.903299080241951     
   20.6400000000000       1.341725461009393E-002  0.903205490321704     
   20.6700000000000       1.341232989256196E-002  0.903111915102009     
   20.7000000000000       1.340742453240047E-002  0.903018347497185     
   20.7300000000000       1.340254296234318E-002  0.902924780273666     
   20.7600000000000       1.339768922353230E-002  0.902831206684180     
   20.7900000000000       1.339286660444043E-002  0.902737621057426     
   20.8200000000000       1.338807734503413E-002  0.902644019294132     
   20.8500000000000       1.338332243015728E-002  0.902550399229165     
   20.8800000000000       1.337860148914524E-002  0.902456760830055     
   20.9100000000000       1.337391281137232E-002  0.902363106213725     
   20.9400000000000       1.336925347986213E-002  0.902269439475137     
   20.9700000000000       1.336461961668877E-002  0.902175766334575     
   21.0000000000000       1.336000672385826E-002  0.902082093625851     
   21.0300000000000       1.335541009157546E-002  0.901988428666181     
   21.0600000000000       1.335082523410090E-002  0.901894778567612     
   21.0900000000000       1.334624830591230E-002  0.901801149563672     
   21.1200000000000       1.334167645200188E-002  0.901707546426016     
   21.1500000000000       1.333710805677034E-002  0.901613972031663     
   21.1800000000000       1.333254287181609E-002  0.901520427117235     
   21.2100000000000       1.332798201772614E-002  0.901426910232537     
   21.2400000000000       1.332342786563848E-002  0.901333417887690     
   21.2700000000000       1.331888381200772E-002  0.901239944875260     
   21.3000000000000       1.331435396690540E-002  0.901146484737661     
   21.3300000000000       1.330984278282813E-002  0.901053030339262     
   21.3600000000000       1.330535465613011E-002  0.900959574493700     
   21.3900000000000       1.330089353541412E-002  0.900866110592264     
   21.4200000000000       1.329646256997797E-002  0.900772633180007     
   21.4500000000000       1.329206382720940E-002  0.900679138431993     
   21.4800000000000       1.328769810168444E-002  0.900585624491194     
   21.5100000000000       1.328336483169548E-002  0.900492091640445     
   21.5400000000000       1.327906213165227E-002  0.900398542292239     
   21.5700000000000       1.327478694126076E-002  0.900304980792030     
   21.6000000000000       1.327053528397695E-002  0.900211413043733     
   21.6300000000000       1.326630261716099E-002  0.900117845981725     
   21.6600000000000       1.326208424463747E-002  0.900024286932066     
   21.6900000000000       1.325787575104046E-002  0.899930742924311     
   21.7200000000000       1.325367341061895E-002  0.899837220027935     
   21.7500000000000       1.324947452531000E-002  0.899743722786895     
   21.7800000000000       1.324527765827834E-002  0.899650253810354     
   21.8100000000000       1.324108274512216E-002  0.899556813552982     
   21.8400000000000       1.323689107944504E-002  0.899463400294511     
   21.8700000000000       1.323270517979277E-002  0.899370010310743     
   21.9000000000000       1.322852855241894E-002  0.899276638215750     
   21.9300000000000       1.322436537112300E-002  0.899183277444028     
   21.9600000000000       1.322022010181772E-002  0.899089920830874     
   21.9900000000000       1.321609710424186E-002  0.898996561240825     
   22.0200000000000       1.321200024498925E-002  0.898903192190166     
   22.0500000000000       1.320793255436972E-002  0.898809808410927     
   22.0800000000000       1.320389595511590E-002  0.898716406310091     
   22.1100000000000       1.319989108465891E-002  0.898622984287126     
   22.1400000000000       1.319591722563375E-002  0.898529542883902     
   22.1700000000000       1.319197235202293E-002  0.898436084752467     
   22.2000000000000       1.318805329084408E-002  0.898342614437917     
   22.2300000000000       1.318415599088135E-002  0.898249137986648     
   22.2600000000000       1.318027587987427E-002  0.898155662405933     
   22.2900000000000       1.317640827993917E-002  0.898062195019069     
   22.3200000000000       1.317254884000351E-002  0.897968742778585     
   22.3500000000000       1.316869393799655E-002  0.897875311611628     
   22.3800000000000       1.316484100848121E-002  0.897781905869956     
   22.4100000000000       1.316098876338061E-002  0.897688527940329     
   22.4400000000000       1.315713728954190E-002  0.897595178046309     
   22.4700000000000       1.315328802111708E-002  0.897501854248996     
   22.5000000000000       1.314944359474987E-002  0.897408552637273     
   22.5300000000000       1.314560760286736E-002  0.897315267685920     
   22.5600000000000       1.314178426704202E-002  0.897221992749173     
   22.5900000000000       1.313797805959785E-002  0.897128720647049     
   22.6200000000000       1.313419330606599E-002  0.897035444293916     
   22.6500000000000       1.313043380247366E-002  0.896942157315412     
   22.6800000000000       1.312670247946207E-002  0.896848854601914     
   22.7100000000000       1.312300114049860E-002  0.896755532753362     
   22.7400000000000       1.311933029504780E-002  0.896662190379894     
   22.7700000000000       1.311568910048605E-002  0.896568828233738     
   22.8000000000000       1.311207541932549E-002  0.896475449159179     
   22.8300000000000       1.310848599084616E-002  0.896382057859123     
   22.8600000000000       1.310491670783732E-002  0.896288660489853     
   22.8900000000000       1.310136297906721E-002  0.896195264111161     
   22.9200000000000       1.309782014654446E-002  0.896101876037331     
   22.9500000000000       1.309428391593318E-002  0.896008503152220     
   22.9800000000000       1.309075075298780E-002  0.895915151262587     
   23.0100000000000       1.308721820245449E-002  0.895821824561037     
   23.0400000000000       1.308368509828157E-002  0.895728525252623     
   23.0700000000000       1.308015165011748E-002  0.895635253374113     
   23.1000000000000       1.307661940509323E-002  0.895542006811786     
   23.1300000000000       1.307309109367271E-002  0.895448781507007     
   23.1600000000000       1.306957037553719E-002  0.895355571826832     
   23.1900000000000       1.306606150803599E-002  0.895262371066288     
   23.2200000000000       1.306256896576265E-002  0.895169172038956     
   23.2500000000000       1.305909704397456E-002  0.895075967705043     
   23.2800000000000       1.305564947964984E-002  0.894982751783268     
   23.3100000000000       1.305222912172506E-002  0.894889519295383     
   23.3400000000000       1.304883767715412E-002  0.894796266999083     
   23.3700000000000       1.304547555294636E-002  0.894702993674849     
   23.4000000000000       1.304214180725759E-002  0.894609700243306     
   23.4300000000000       1.303883421542062E-002  0.894516389700997     
   23.4600000000000       1.303554944936992E-002  0.894423066874134     
   23.4900000000000       1.303228336053419E-002  0.894329738002925     
   23.5200000000000       1.302903134620359E-002  0.894236410184660     
   23.5500000000000       1.302578876790799E-002  0.894143090721914     
   23.5800000000000       1.302255137988529E-002  0.894049786439678     
   23.6100000000000       1.301931572065594E-002  0.893956503045462     
   23.6400000000000       1.301607942478612E-002  0.893863244602886     
   23.6700000000000       1.301284142463307E-002  0.893770013171365     
   23.7000000000000       1.300960202802024E-002  0.893676808639327     
   23.7300000000000       1.300636287163962E-002  0.893583628755528     
   23.7600000000000       1.300312675959342E-002  0.893490469346648     
   23.7900000000000       1.299989740356990E-002  0.893397324697572     
   23.8200000000000       1.299667908762298E-002  0.893304188060245     
   23.8500000000000       1.299347628639688E-002  0.893211052247226     
   23.8800000000000       1.299029326957399E-002  0.893117910258951     
   23.9100000000000       1.298713372615900E-002  0.893024755891232     
   23.9400000000000       1.298400043976096E-002  0.892931584272365     
   23.9700000000000       1.298089504099974E-002  0.892838392286361     
   24.0000000000000       1.297781785662397E-002  0.892745178848759     
   24.0300000000000       1.297476786784433E-002  0.892651945012479     
   24.0600000000000       1.297174278322909E-002  0.892558693892504     
   24.0900000000000       1.296873922411221E-002  0.892465430409756     
   24.1200000000000       1.296575301210503E-002  0.892372160867548     
   24.1500000000000       1.296277953826300E-002  0.892278892389542     
   24.1800000000000       1.295981418206800E-002  0.892185632266200     
   24.2100000000000       1.295685273813034E-002  0.892092387273914     
   24.2400000000000       1.295389180378084E-002  0.891999163040724     
   24.2700000000000       1.295092908514961E-002  0.891905963528419     
   24.3000000000000       1.294796359225986E-002  0.891812790682524     
   24.3300000000000       1.294499570982814E-002  0.891719644276408     
   24.3600000000000       1.294202714418395E-002  0.891626521953072     
   24.3900000000000       1.293906075621146E-002  0.891533419451988     
   24.4200000000000       1.293610029721996E-002  0.891440330996695     
   24.4500000000000       1.293315007104300E-002  0.891347249808508     
   24.4800000000000       1.293021455140852E-002  0.891254168702079     
   24.5100000000000       1.292729798738106E-002  0.891161080711707     
   24.5400000000000       1.292440403032654E-002  0.891067979695152     
   24.5700000000000       1.292153541324595E-002  0.890974860864756     
   24.6000000000000       1.291869370819079E-002  0.890881721203015     
   24.6300000000000       1.291587918089508E-002  0.890788559729768     
   24.6600000000000       1.291309075467893E-002  0.890695377599191     
   24.6900000000000       1.291032608855104E-002  0.890602178016029     
   24.7200000000000       1.290758176707403E-002  0.890508965972095     
   24.7500000000000       1.290485359122587E-002  0.890415747816967     
   24.7800000000000       1.290213694948577E-002  0.890322530692363     
   24.8100000000000       1.289942723705662E-002  0.890229321877618     
   24.8400000000000       1.289672028103662E-002  0.890136128110641     
   24.8700000000000       1.289401272485869E-002  0.890042954958116     
   24.9000000000000       1.289130232999154E-002  0.889949806304194     
   24.9300000000000       1.288858816597740E-002  0.889856684008313     
   24.9600000000000       1.288587067604453E-002  0.889763587757552     
   24.9900000000000       1.288315161916867E-002  0.889670515116268     
   25.0200000000000       1.288043389885971E-002  0.889577461759812     
   25.0500000000000       1.287772129589288E-002  0.889484421867491     
   25.0800000000000       1.287501812852644E-002  0.889391388639719     
   25.1100000000000       1.287232886938420E-002  0.889298354894838     
   25.1400000000000       1.286965775180180E-002  0.889205313694475     
   25.1700000000000       1.286700839894589E-002  0.889112258944351     
   25.2000000000000       1.286438350629883E-002  0.889019185920714     
   25.2300000000000       1.286178460289869E-002  0.888926091680051     
   25.2600000000000       1.285921191011899E-002  0.888832975319772     
   25.2900000000000       1.285666430969940E-002  0.888739838068610     
   25.3200000000000       1.285413942563754E-002  0.888646683196693     
   25.3500000000000       1.285163381721977E-002  0.888553515746759     
   25.3800000000000       1.284914327217390E-002  0.888460342100889     
   25.4100000000000       1.284666317896085E-002  0.888367169412567     
   25.4400000000000       1.284418894597600E-002  0.888274004951755     
   25.4700000000000       1.284171642544790E-002  0.888180855427454     
   25.5000000000000       1.283924229548833E-002  0.888087726361334     
   25.5300000000000       1.283676435857871E-002  0.887994621581285     
   25.5600000000000       1.283428172794741E-002  0.887901542884936     
   25.5900000000000       1.283179488945525E-002  0.887808489897916     
   25.6200000000000       1.282930564019157E-002  0.887715460129129     
   25.6500000000000       1.282681691433233E-002  0.887622449209310     
   25.6800000000000       1.282433251370749E-002  0.887529451287718     
   25.7100000000000       1.282185676678876E-002  0.887436459551571     
   25.7400000000000       1.281939414535943E-002  0.887343466823557     
   25.7700000000000       1.281694887164564E-002  0.887250466186291     
   25.8000000000000       1.281452454909943E-002  0.887157451580763     
   25.8300000000000       1.281212384722877E-002  0.887064418329272     
   25.8600000000000       1.280974826562056E-002  0.886971363540848     
   25.8900000000000       1.280739799567976E-002  0.886878286367276     
   25.9200000000000       1.280507189154251E-002  0.886785188088873     
   25.9500000000000       1.280276755454281E-002  0.886692072020346     
   25.9800000000000       1.280048152831232E-002  0.886598943238527     
   26.0100000000000       1.279820959333528E-002  0.886505808146630     
   26.0400000000000       1.279594713986096E-002  0.886412673905052     
   26.0700000000000       1.279368958689268E-002  0.886319547776490     
   26.1000000000000       1.279143280507016E-002  0.886226436449845     
   26.1300000000000       1.278917349701888E-002  0.886133345416341     
   26.1600000000000       1.278690949364788E-002  0.886040278466396     
   26.1900000000000       1.278463993808405E-002  0.885947237356948     
   26.2200000000000       1.278236534509400E-002  0.885854221673652     
   26.2500000000000       1.278008753741164E-002  0.885761228889828     
   26.2800000000000       1.277780946971240E-002  0.885668254608167     
   26.3100000000000       1.277553495783869E-002  0.885575292959747     
   26.3400000000000       1.277326833709525E-002  0.885482337124796     
   26.3700000000000       1.277101407891641E-002  0.885389379930454     
   26.4000000000000       1.276877639865353E-002  0.885296414474396     
   26.4300000000000       1.276655888757487E-002  0.885203434721541     
   26.4600000000000       1.276436419932792E-002  0.885110436024519     
   26.4900000000000       1.276219381583415E-002  0.885017415526188     
   26.5200000000000       1.276004791095663E-002  0.884924372412609     
   26.5500000000000       1.275792532322204E-002  0.884831307995893     
   26.5800000000000       1.275582364182090E-002  0.884738225617519     
   26.6100000000000       1.275373940284151E-002  0.884645130374125     
   26.6400000000000       1.275166838447561E-002  0.884552028680561     
   26.6700000000000       1.274960598006574E-002  0.884458927700297     
   26.7000000000000       1.274754761673741E-002  0.884365834690943     
   26.7300000000000       1.274548917750615E-002  0.884272756329248     
   26.7600000000000       1.274342738053865E-002  0.884179698088843     
   26.7900000000000       1.274136007416065E-002  0.884086663739095     
   26.8200000000000       1.273928641940672E-002  0.883993655014610     
   26.8500000000000       1.273720694807227E-002  0.883900671479617     
   26.8800000000000       1.273512349780211E-002  0.883807710588941     
   26.9100000000000       1.273303903507483E-002  0.883714767931373     
   26.9400000000000       1.273095738378385E-002  0.883621837629836     
   26.9700000000000       1.272888288328902E-002  0.883528912862673     
   27.0000000000000       1.272682000524671E-002  0.883435986461284     
   27.0300000000000       1.272477296192612E-002  0.883343051533026     
   27.0600000000000       1.272274533902716E-002  0.883250102056723     
   27.0900000000000       1.272073978314806E-002  0.883157133401579     
   27.1200000000000       1.271875776875905E-002  0.883064142728011     
   27.1500000000000       1.271679946290543E-002  0.882971129238951     
   27.1800000000000       1.271486369881260E-002  0.882878094261234     
   27.2100000000000       1.271294806252574E-002  0.882785041147818     
   27.2400000000000       1.271104908947771E-002  0.882691975002942     
   27.2700000000000       1.270916255970607E-002  0.882598902245058     
   27.3000000000000       1.270728387062645E-002  0.882505830037584     
   27.3300000000000       1.270540845519318E-002  0.882412765635121     
   27.3600000000000       1.270353220344929E-002  0.882319715709305     
   27.3900000000000       1.270165184123655E-002  0.882226685727426     
   27.4200000000000       1.269976522469601E-002  0.882133679452101     
   27.4500000000000       1.269787152235243E-002  0.882040698611523     
   27.4800000000000       1.269597127274212E-002  0.881947742764538     
   27.5100000000000       1.269406631915084E-002  0.881854809362199     
   27.5400000000000       1.269215963237628E-002  0.881761893991546     
   27.5700000000000       1.269025503926039E-002  0.881668990775897     
   27.6000000000000       1.268835688087694E-002  0.881576092895989     
   27.6300000000000       1.268646962965903E-002  0.881483193187181     
   27.6600000000000       1.268459749812623E-002  0.881390284761741     
   27.6900000000000       1.268274407216887E-002  0.881297361603619     
   27.7200000000000       1.268091199897510E-002  0.881204419086628     
   27.7500000000000       1.267910275439522E-002  0.881111454374627     
   27.7800000000000       1.267731650790818E-002  0.881018466672359     
   27.8100000000000       1.267555209631151E-002  0.880925457306644     
   27.8400000000000       1.267380711023051E-002  0.880832429628740     
   27.8700000000000       1.267207809033369E-002  0.880739388739997     
   27.9000000000000       1.267036082201358E-002  0.880646341055593     
   27.9300000000000       1.266865070753668E-002  0.880553293736268     
   27.9600000000000       1.266694318363714E-002  0.880460254035474     
   27.9900000000000       1.266523414270054E-002  0.880367228625883     
   28.0200000000000       1.266352031138835E-002  0.880274222978227     
   28.0500000000000       1.266179954530948E-002  0.880181240860778     
   28.0800000000000       1.266007101143504E-002  0.880088284009106     
   28.1100000000000       1.265833524612088E-002  0.879995351990550     
   28.1400000000000       1.265659409026246E-002  0.879902442265121     
   28.1700000000000       1.265485051249760E-002  0.879809550428584     
   28.2000000000000       1.265310833820264E-002  0.879716670612024     
   28.2300000000000       1.265137190814134E-002  0.879623796002232     
   28.2600000000000       1.264964569600284E-002  0.879530919438234     
   28.2900000000000       1.264793391743585E-002  0.879438034033047     
   28.3200000000000       1.264624016349374E-002  0.879345133768136     
   28.3500000000000       1.264456708854785E-002  0.879252214011560     
   28.3800000000000       1.264291617744785E-002  0.879159271918404     
   28.4100000000000       1.264128761008518E-002  0.879066306682198     
   28.4400000000000       1.263968023447909E-002  0.878973319617004     
   28.4700000000000       1.263809165249258E-002  0.878880314060987     
   28.5000000000000       1.263651841510369E-002  0.878787295103536     
   28.5300000000000       1.263495631607809E-002  0.878694269150604     
   28.5600000000000       1.263340076319395E-002  0.878601243357965     
   28.5900000000000       1.263184719518400E-002  0.878508224979515     
   28.6200000000000       1.263029150271515E-002  0.878415220694261     
   28.6500000000000       1.262873040732661E-002  0.878322235984828     
   28.6800000000000       1.262716175685721E-002  0.878229274635859     
   28.7100000000000       1.262558470887868E-002  0.878136338402234     
   28.7400000000000       1.262399978982134E-002  0.878043426871802     
   28.7700000000000       1.262240883121106E-002  0.877950537524556     
   28.8000000000000       1.262081479388551E-002  0.877857665974081     
   28.8300000000000       1.261922149789765E-002  0.877764806365623     
   28.8600000000000       1.261763328190826E-002  0.877671951895234     
   28.8900000000000       1.261605462123366E-002  0.877579095405393     
   28.9200000000000       1.261448973709857E-002  0.877486230006305     
   28.9500000000000       1.261294222997949E-002  0.877393349670402     
   28.9800000000000       1.261141476709739E-002  0.877300449751048     
   29.0100000000000       1.260990884886133E-002  0.877207527384013     
   29.0400000000000       1.260842467245432E-002  0.877114581740355     
   29.0700000000000       1.260696110372169E-002  0.877021614110351     
   29.1000000000000       1.260551576152151E-002  0.876928627809192     
   29.1300000000000       1.260408521154076E-002  0.876835627906415     
   29.1600000000000       1.260266525855050E-002  0.876742620793537     
   29.1900000000000       1.260125131644146E-002  0.876649613619317     
   29.2200000000000       1.259983882443618E-002  0.876556613639391     
   29.2500000000000       1.259842366799721E-002  0.876463627543609     
   29.2800000000000       1.259700255841816E-002  0.876370660833732     
   29.3100000000000       1.259557332950826E-002  0.876277717320017     
   29.3400000000000       1.259413512263764E-002  0.876184798786960     
   29.3700000000000       1.259268844758051E-002  0.876091904853330     
   29.4000000000000       1.259123512041055E-002  0.875999033028679     
   29.4300000000000       1.258977808922876E-002  0.875906178952330     
   29.4600000000000       1.258832116536118E-002  0.875813336789307     
   29.4900000000000       1.258686868374223E-002  0.875720499747776     
   29.5200000000000       1.258542512156243E-002  0.875627660673573     
   29.5500000000000       1.258399470766798E-002  0.875534812671094     
   29.5800000000000       1.258258105557981E-002  0.875441949698152     
   29.6100000000000       1.258118685021738E-002  0.875349067085749     
   29.6400000000000       1.257981361318536E-002  0.875256161941254     
   29.6700000000000       1.257846156488717E-002  0.875163233403529     
   29.7000000000000       1.257712959470367E-002  0.875070282729508     
   29.7300000000000       1.257581534348355E-002  0.874977313202818     
   29.7600000000000       1.257451539546181E-002  0.874884329866243     
   29.7900000000000       1.257322556874072E-002  0.874791339092260     
   29.8200000000000       1.257194128390239E-002  0.874698348020714     
   29.8500000000000       1.257065797941494E-002  0.874605363909982     
   29.8800000000000       1.256937153257506E-002  0.874512393464540     
   29.9100000000000       1.256807864003645E-002  0.874419442211463     
   29.9400000000000       1.256677711617933E-002  0.874326513994548     
   29.9700000000000       1.256546608027928E-002  0.874233610636811     
   30.0000000000000       1.256414601959939E-002  0.874140731796958     
   30.0300000000000       1.256281872944573E-002  0.874047875022437     
   30.0600000000000       1.256148714084090E-002  0.873955035985245     
   30.0900000000000       1.256015505335448E-002  0.873862208875139     
   30.1200000000000       1.255882679669706E-002  0.873769386914996     
   30.1500000000000       1.255750685005200E-002  0.873676562954044     
   30.1800000000000       1.255619945156598E-002  0.873583730088407     
   30.2100000000000       1.255490823085730E-002  0.873490882256549     
   30.2400000000000       1.255363589467453E-002  0.873398014760553     
   30.2700000000000       1.255238399064970E-002  0.873305124671586     
   30.3000000000000       1.255115276751405E-002  0.873212211087917     
   30.3300000000000       1.254994114312559E-002  0.873119275224851     
   30.3600000000000       1.254874678467220E-002  0.873026320326959     
   30.3900000000000       1.254756629830708E-002  0.872933351404207     
   30.4200000000000       1.254639551754378E-002  0.872840374805916     
   30.4500000000000       1.254522987023619E-002  0.872747397661237     
   30.4800000000000       1.254406479310365E-002  0.872654427231991     
   30.5100000000000       1.254289615278773E-002  0.872561470240409     
   30.5400000000000       1.254172062755385E-002  0.872468532244107     
   30.5700000000000       1.254053600770861E-002  0.872375617127211     
   30.6000000000000       1.253934138533172E-002  0.872282726758920     
   30.6300000000000       1.253813722007794E-002  0.872189860845703     
   30.6600000000000       1.253692528182874E-002  0.872097016980174     
   30.6900000000000       1.253570848069164E-002  0.872004190873098     
   30.7200000000000       1.253449060176182E-002  0.871911376743386     
   30.7500000000000       1.253327596812349E-002  0.871818567831007     
   30.7800000000000       1.253206906094623E-002  0.871725756988772     
   30.8100000000000       1.253087412902592E-002  0.871632937302536     
   30.8400000000000       1.252969482062856E-002  0.871540102687452     
   30.8700000000000       1.252853386783361E-002  0.871447248411117     
   30.9000000000000       1.252739284843225E-002  0.871354371501803     
   30.9300000000000       1.252627204388064E-002  0.871261471009945     
   30.9600000000000       1.252517040479574E-002  0.871168548102026     
   30.9900000000000       1.252408562850073E-002  0.871075605977012     
   31.0200000000000       1.252301434604312E-002  0.870982649606694     
   31.0500000000000       1.252195240822813E-002  0.870889685313539     
   31.0800000000000       1.252089525077777E-002  0.870796720214283     
   31.1100000000000       1.251983830789886E-002  0.870703761574629     
   31.1400000000000       1.251877743351077E-002  0.870610816137109     
   31.1700000000000       1.251770928431250E-002  0.870517889494266     
   31.2000000000000       1.251663162255371E-002  0.870424985576336     
   31.2300000000000       1.251554350870658E-002  0.870332106305301     
   31.2600000000000       1.251444537037655E-002  0.870239251442177     
   31.2900000000000       1.251333894793082E-002  0.870146418631100     
   31.3200000000000       1.251222712715675E-002  0.870053603626985     
   31.3500000000000       1.251111367621897E-002  0.869960800681853     
   31.3800000000000       1.251000291024598E-002  0.869868003054992     
   31.4100000000000       1.250889931226911E-002  0.869775203603125     
   31.4400000000000       1.250780714278785E-002  0.869682395400274     
   31.4700000000000       1.250673007082398E-002  0.869589572334996     
   31.5000000000000       1.250567085674013E-002  0.869496729635689     
   31.5300000000000       1.250463111201012E-002  0.869403864282015     
   31.5600000000000       1.250361115459744E-002  0.869310975270336     
   31.5900000000000       1.250260997159139E-002  0.869218063712063     
   31.6200000000000       1.250162529377425E-002  0.869125132754821     
   31.6500000000000       1.250065377972944E-002  0.869032187327475     
   31.6800000000000       1.249969129927061E-002  0.868939233722275     
   31.7100000000000       1.249873329660779E-002  0.868846279041880     
   31.7400000000000       1.249777520288127E-002  0.868753330556064     
   31.7700000000000       1.249681285759609E-002  0.868660395029675     
   31.8000000000000       1.249584289320850E-002  0.868567478093838     
   31.8300000000000       1.249486304050657E-002  0.868474583729808     
   31.8600000000000       1.249387232454419E-002  0.868381713918014     
   31.8900000000000       1.249287113700607E-002  0.868288868479904     
   31.9200000000000       1.249186118514553E-002  0.868196045116700     
   31.9500000000000       1.249084532739527E-002  0.868103239632237     
   31.9800000000000       1.248982731275561E-002  0.868010446315219     
   32.0100000000000       1.248881144712781E-002  0.867917658446346     
   32.0400000000000       1.248780221517271E-002  0.867824868886716     
   32.0700000000000       1.248680388988754E-002  0.867732070697343     
   32.1000000000000       1.248582016277033E-002  0.867639257737488     
   32.1300000000000       1.248485382494014E-002  0.867546425192401     
   32.1600000000000       1.248390652454862E-002  0.867453569988261     
   32.1900000000000       1.248297861931668E-002  0.867360691061984     
   32.2200000000000       1.248206913602893E-002  0.867267789464486     
   32.2500000000000       1.248117584184462E-002  0.867174868287008     
   32.2800000000000       1.248029542524017E-002  0.867081932411256     
   32.3100000000000       1.247942377661807E-002  0.866988988096197     
   32.3400000000000       1.247855634932320E-002  0.866896042428780     
   32.3700000000000       1.247768857106367E-002  0.866803102682811     
   32.4000000000000       1.247681626556946E-002  0.866710175647021     
   32.4300000000000       1.247593603881826E-002  0.866617266994120     
   32.4600000000000       1.247504558723797E-002  0.866524380760519     
   32.4900000000000       1.247414389717709E-002  0.866431518989956     
   32.5200000000000       1.247323132102317E-002  0.866338681569409     
   32.5500000000000       1.247230952974078E-002  0.866245866262073     
   32.5800000000000       1.247138135169347E-002  0.866153068924941     
   32.6100000000000       1.247045051467346E-002  0.866060283886644     
   32.6400000000000       1.246952131413060E-002  0.865967504451284     
   32.6700000000000       1.246859823602659E-002  0.865874723484917     
   32.7000000000000       1.246768556642151E-002  0.865781934034709     
   32.7300000000000       1.246678702067196E-002  0.865689129928457     
   32.7600000000000       1.246590542270962E-002  0.865596306304960     
   32.7900000000000       1.246504245990023E-002  0.865503460032786     
   32.8200000000000       1.246419853251119E-002  0.865410589984788     
   32.8500000000000       1.246337270982147E-002  0.865317697146669     
   32.8800000000000       1.246256279793545E-002  0.865224784548852     
   32.9100000000000       1.246176551733578E-002  0.865131857022099     
   32.9400000000000       1.246097678047974E-002  0.865038920789269     
   32.9700000000000       1.246019205052113E-002  0.864945982920000     
   33.0000000000000       1.245940675153785E-002  0.864853050691890     
   33.0300000000000       1.245861669041554E-002  0.864760130918714     
   33.0600000000000       1.245781844480372E-002  0.864667229317205     
   33.0900000000000       1.245700967431368E-002  0.864574349982405     
   33.1200000000000       1.245618932375817E-002  0.864481495025508     
   33.1500000000000       1.245535770328207E-002  0.864388664403450     
   33.1800000000000       1.245451644475522E-002  0.864295855945690     
   33.2100000000000       1.245366834403474E-002  0.864203065566160     
   33.2400000000000       1.245281710582536E-002  0.864110287636380     
   33.2700000000000       1.245196701394109E-002  0.864017515485753     
   33.3000000000000       1.245112255523057E-002  0.863924741985992     
   33.3300000000000       1.245028802918224E-002  0.863831960169870     
   33.3600000000000       1.244946717609868E-002  0.863739163832004     
   33.3900000000000       1.244866285441796E-002  0.863646348062020     
   33.4200000000000       1.244787679285787E-002  0.863553509667381     
   33.4500000000000       1.244710943662153E-002  0.863460647452923     
   33.4800000000000       1.244635989991445E-002  0.863367762335030     
   33.5100000000000       1.244562603005213E-002  0.863274857279403     
   33.5400000000000       1.244490458142654E-002  0.863181937062453     
   33.5700000000000       1.244419148991849E-002  0.863089007868330     
   33.6000000000000       1.244348222919053E-002  0.862996076747773     
   33.6300000000000       1.244277221964036E-002  0.862903150981761     
   33.6600000000000       1.244205725049578E-002  0.862810237409916     
   33.6900000000000       1.244133386956624E-002  0.862717341794943     
   33.7200000000000       1.244059969757629E-002  0.862624468293403     
   33.7500000000000       1.243985363537103E-002  0.862531619087484     
   33.7800000000000       1.243909594828277E-002  0.862438794207915     
   33.8100000000000       1.243832822660196E-002  0.862345991554195     
   33.8400000000000       1.243755323148343E-002  0.862253207100583     
   33.8700000000000       1.243677464280783E-002  0.862160435264204     
   33.9000000000000       1.243599673160337E-002  0.862067669401584     
   33.9300000000000       1.243522398511781E-002  0.861974902390889     
   33.9600000000000       1.243446071645952E-002  0.861882127250216     
   33.9900000000000       1.243371069170862E-002  0.861789337739682     
   34.0200000000000       1.243297680518837E-002  0.861696528897517     
   34.0500000000000       1.243226082876089E-002  0.861603697467150     
   34.0800000000000       1.243156325460743E-002  0.861510842182009     
   34.1100000000000       1.243088324397405E-002  0.861417963885597     
   34.1400000000000       1.243021868739153E-002  0.861325065475434     
   34.1700000000000       1.242956637488285E-002  0.861232151670521     
   34.2000000000000       1.242892226703703E-002  0.861139228613875     
   34.2300000000000       1.242828184874890E-002  0.861046303335768     
   34.2600000000000       1.242764053681556E-002  0.860953383119998     
   34.2900000000000       1.242699410221730E-002  0.860860474832527     
   34.3200000000000       1.242633906170672E-002  0.860767584283552     
   34.3500000000000       1.242567299538890E-002  0.860674715693536     
   34.3800000000000       1.242499475805743E-002  0.860581871318659     
   34.4100000000000       1.242430456798992E-002  0.860489051266766     
   34.4400000000000       1.242360397169324E-002  0.860396253510724     
   34.4700000000000       1.242289569363486E-002  0.860303474088165     
   34.5000000000000       1.242218338725988E-002  0.860210707464316     
   34.5300000000000       1.242147130969169E-002  0.860117947024589     
   34.5600000000000       1.242076394802541E-002  0.860025185654481     
   34.5900000000000       1.242006562903081E-002  0.859932416357355     
   34.6200000000000       1.241938014517483E-002  0.859839632857858     
   34.6500000000000       1.241871042777166E-002  0.859746830141033     
   34.6800000000000       1.241805829331992E-002  0.859654004883829     
   34.7100000000000       1.241742428272028E-002  0.859561155745377     
   34.7400000000000       1.241680760609708E-002  0.859468283493200     
   34.7700000000000       1.241620619897326E-002  0.859375390953581     
   34.8000000000000       1.241561688856652E-002  0.859282482785340     
   34.8300000000000       1.241503566138628E-002  0.859189565088100     
   34.8600000000000       1.241445801430363E-002  0.859096644870120     
   34.8900000000000       1.241387936070792E-002  0.859003729417312     
   34.9200000000000       1.241329545293742E-002  0.858910825622213     
   34.9500000000000       1.241270277572885E-002  0.858817939343653     
   34.9800000000000       1.241209886712987E-002  0.858725074867935     
   35.0100000000000       1.241148253410254E-002  0.858632234527770     
   35.0400000000000       1.241085394591422E-002  0.858539418510992     
   35.0700000000000       1.241021460332949E-002  0.858446624866771     
   35.1000000000000       1.240956719232812E-002  0.858353849698855     
   35.1300000000000       1.240891533841841E-002  0.858261087522892     
   35.1600000000000       1.240826328372796E-002  0.858168331754877     
   35.1900000000000       1.240761551459340E-002  0.858075575288593     
   35.2200000000000       1.240697637135754E-002  0.857982811112805     
   35.2500000000000       1.240634967329120E-002  0.857890032916021     
   35.2800000000000       1.240573838956841E-002  0.857797235628683     
   35.3100000000000       1.240514438255583E-002  0.857704415859241     
   35.3400000000000       1.240456824335335E-002  0.857611572190071     
   35.3700000000000       1.240400923256110E-002  0.857518705310024     
   35.4000000000000       1.240346533227309E-002  0.857425817971435     
   35.4300000000000       1.240293340832800E-002  0.857332914770427     
   35.4600000000000       1.240240947430390E-002  0.857240001761119     
   35.4900000000000       1.240188903980968E-002  0.857147085928216     
   35.5200000000000       1.240136751511808E-002  0.857054174558936     
   35.5500000000000       1.240084063370083E-002  0.856961274572388     
   35.5800000000000       1.240030484754467E-002  0.856868391876851     
   35.6100000000000       1.239975765145933E-002  0.856775530826025     
   35.6400000000000       1.239919780306121E-002  0.856682693831279     
   35.6700000000000       1.239862542090262E-002  0.856589881162916     
   35.7000000000000       1.239804195826207E-002  0.856497090949011     
   35.7300000000000       1.239745006099388E-002  0.856404319361906     
   35.7600000000000       1.239685332526584E-002  0.856311560969818     
   35.7900000000000       1.239625597714497E-002  0.856218809220976     
   35.8200000000000       1.239566250155791E-002  0.856126057018461     
   35.8500000000000       1.239507725222053E-002  0.856033297336754     
   35.8800000000000       1.239450407545845E-002  0.855940523827807     
   35.9100000000000       1.239394597896899E-002  0.855847731366382     
   35.9400000000000       1.239340487199235E-002  0.855754916490777     
   35.9700000000000       1.239288139707990E-002  0.855662077704531     
   36.0000000000000       1.239237486669593E-002  0.855569215615485     
   36.0300000000000       1.239188331091181E-002  0.855476332899622     
   36.0600000000000       1.239140363549299E-002  0.855383434088079     
   36.0900000000000       1.239093188217818E-002  0.855290525187480     
   36.1200000000000       1.239046357408991E-002  0.855197613157458     
   36.1500000000000       1.238999411876045E-002  0.855104705285628     
   36.1800000000000       1.238951923071840E-002  0.855011808517470     
   36.2100000000000       1.238903532866262E-002  0.854918928811244     
   36.2400000000000       1.238853986320932E-002  0.854826070589269     
   36.2700000000000       1.238803154134768E-002  0.854733236343344     
   36.3000000000000       1.238751042942996E-002  0.854640426428382     
   36.3300000000000       1.238697793169386E-002  0.854547639053661     
   36.3600000000000       1.238643665237357E-002  0.854454870462364     
   36.3900000000000       1.238589015697952E-002  0.854362115277286     
   36.4200000000000       1.238534265447789E-002  0.854269366980489     
   36.4500000000000       1.238479862769582E-002  0.854176618485421     
   36.4800000000000       1.238426244342660E-002  0.854083862752730     
   36.5100000000000       1.238373797515803E-002  0.853991093397631     
   36.5400000000000       1.238322826959617E-002  0.853898305238407     
   36.5700000000000       1.238273528366383E-002  0.853805494741871     
   36.6000000000000       1.238225971241825E-002  0.853712660330972     
   36.6300000000000       1.238180092139382E-002  0.853619802530521     
   36.6600000000000       1.238135698989471E-002  0.853526923938003     
   36.6900000000000       1.238092486481307E-002  0.853434029017477     
   36.7200000000000       1.238050061709013E-002  0.853341123726200     
   36.7500000000000       1.238007978414946E-002  0.853248214997230     
   36.7800000000000       1.237965777123217E-002  0.853155310117587     
   36.8100000000000       1.237923027397560E-002  0.853062416058745     
   36.8400000000000       1.237879367742383E-002  0.852969538829239     
   36.8700000000000       1.237834538724075E-002  0.852876682920928     
   36.9000000000000       1.237788405871053E-002  0.852783850907508     
   36.9300000000000       1.237740970469319E-002  0.852691043230342     
   36.9600000000000       1.237692367899707E-002  0.852598258181948     
   36.9900000000000       1.237642854286820E-002  0.852505492078396     
   37.0200000000000       1.237592782992029E-002  0.852412739598936     
   37.0500000000000       1.237542573100188E-002  0.852319994261018     
   37.0800000000000       1.237492672611957E-002  0.852227248989572     
   37.1100000000000       1.237443519476663E-002  0.852134496731990     
   37.1400000000000       1.237395503757651E-002  0.852041731066762     
   37.1700000000000       1.237348934059542E-002  0.851948946755141     
   37.2000000000000       1.237304010906697E-002  0.851856140191404     
   37.2300000000000       1.237260809143635E-002  0.851763309716448     
   37.2600000000000       1.237219270735483E-002  0.851670455770295     
   37.2900000000000       1.237179208648250E-002  0.851577580870025     
   37.3200000000000       1.237140321794499E-002  0.851484689410706     
   37.3500000000000       1.237102220288316E-002  0.851391787298451     
   37.3800000000000       1.237064459381766E-002  0.851298881438260     
   37.4100000000000       1.237026579421064E-002  0.851205979115497     
   37.4400000000000       1.236988148097158E-002  0.851113087327104     
   37.4700000000000       1.236948800527203E-002  0.851020212131968     
   37.5000000000000       1.236908272723691E-002  0.850927358092161     
   37.5300000000000       1.236866424954612E-002  0.850834527864464     
   37.5600000000000       1.236823253044490E-002  0.850741721978275     
   37.5900000000000       1.236778887207009E-002  0.850648938811156     
   37.6200000000000       1.236733579142379E-002  0.850556174753929     
   37.6500000000000       1.236687678905316E-002  0.850463424544063     
   37.6800000000000       1.236641603669432E-002  0.850370681735916     
   37.7100000000000       1.236595801078693E-002  0.850277939267040     
   37.7400000000000       1.236550710307689E-002  0.850185190072267     
   37.7700000000000       1.236506724121997E-002  0.850092427693534     
   37.8000000000000       1.236464155080024E-002  0.849999646834736     
   37.8300000000000       1.236423208587206E-002  0.849906843816802     
   37.8600000000000       1.236383964900022E-002  0.849814016897365     
   37.8900000000000       1.236346371486050E-002  0.849721166430141     
   37.9200000000000       1.236310246447588E-002  0.849628294850102     
   37.9500000000000       1.236275293023004E-002  0.849535406481565     
   37.9800000000000       1.236241124442001E-002  0.849442507177816     
   38.0100000000000       1.236207297546610E-002  0.849349603814329     
   38.0400000000000       1.236173352561743E-002  0.849256703673693     
   38.0700000000000       1.236138855331559E-002  0.849163813777668     
   38.1000000000000       1.236103437577217E-002  0.849070940235379     
   38.1300000000000       1.236066830713693E-002  0.848978087679565     
   38.1600000000000       1.236028889674326E-002  0.848885258851046     
   38.1900000000000       1.235989604724812E-002  0.848792454368602     
   38.2200000000000       1.235949100800427E-002  0.848699672696445     
   38.2500000000000       1.235907625061360E-002  0.848606910301856     
   38.2800000000000       1.235865524144945E-002  0.848514161982187     
   38.3100000000000       1.235823213216217E-002  0.848421421330179     
   38.3400000000000       1.235781139485723E-002  0.848328681297186     
   38.3700000000000       1.235739743302642E-002  0.848235934806254     
   38.4000000000000       1.235699420113251E-002  0.848143175363100     
   38.4300000000000       1.235660486437934E-002  0.848050397614113     
   38.4600000000000       1.235623152599269E-002  0.847957597806275     
   38.4900000000000       1.235587504325764E-002  0.847864774112962     
   38.5200000000000       1.235553494665999E-002  0.847771926800277     
   38.5500000000000       1.235520946949070E-002  0.847679058219562     
   38.5800000000000       1.235489568834289E-002  0.847586172622761     
   38.6100000000000       1.235458976758982E-002  0.847493275808731     
   38.6400000000000       1.235428729235830E-002  0.847400374621970     
   38.6700000000000       1.235398366429623E-002  0.847307476341126     
   38.7000000000000       1.235367452372106E-002  0.847214588012015     
   38.7300000000000       1.235335615391038E-002  0.847121715793731     
   38.7600000000000       1.235302582273488E-002  0.847028864389930     
   38.7900000000000       1.235268202557692E-002  0.846936036626222     
   38.8200000000000       1.235232460866332E-002  0.846843233211917     
   38.8500000000000       1.235195476756455E-002  0.846750452699303     
   38.8800000000000       1.235157492741479E-002  0.846657691633686     
   38.9100000000000       1.235118851936275E-002  0.846564944873868     
   38.9400000000000       1.235079967401987E-002  0.846472206052422     
   38.9700000000000       1.235041285837394E-002  0.846379468135702     
   39.0000000000000       1.235003248710536E-002  0.846286724035827     
   39.0300000000000       1.234966254118924E-002  0.846193967222744     
   39.0600000000000       1.234930622543067E-002  0.846101192285354     
   39.0900000000000       1.234896569247523E-002  0.846008395396282     
   39.1200000000000       1.234864185481412E-002  0.845915574643846     
   39.1500000000000       1.234833429942187E-002  0.845822730205410     
   39.1800000000000       1.234804131267233E-002  0.845729864347326     
   39.2100000000000       1.234776001625485E-002  0.845636981247661     
   39.2400000000000       1.234748660750557E-002  0.845544086649320     
   39.2700000000000       1.234721668906710E-002  0.845451187364394     
   39.3000000000000       1.234694566263689E-002  0.845358290666382     
   39.3300000000000       1.234666915082458E-002  0.845265403624298     
   39.3600000000000       1.234638340309896E-002  0.845172532446795     
   39.3900000000000       1.234608564086334E-002  0.845079681908536     
   39.4200000000000       1.234577430506609E-002  0.844986854920480     
   39.4500000000000       1.234544918477809E-002  0.844894052283440     
   39.4800000000000       1.234511142089092E-002  0.844801272639047     
   39.5100000000000       1.234476339108274E-002  0.844708512612073     
   39.5400000000000       1.234440849027766E-002  0.844615767124264     
   39.5700000000000       1.234405082711469E-002  0.844523029849429     
   39.6000000000000       1.234369486266773E-002  0.844430293770143     
   39.6300000000000       1.234334502220562E-002  0.844337551788524     
   39.6600000000000       1.234300531285293E-002  0.844244797339311     
   39.6900000000000       1.234267897891029E-002  0.844152024954075     
   39.7200000000000       1.234236822259334E-002  0.844059230730835     
   39.7500000000000       1.234207401198507E-002  0.843966412672218     
   39.7800000000000       1.234179599113336E-002  0.843873570865886     
   39.8100000000000       1.234153250023052E-002  0.843780707491980     
   39.8400000000000       1.234128070689081E-002  0.843687826653301     
   39.8700000000000       1.234103684226974E-002  0.843594934035343     
   39.9000000000000       1.234079652733577E-002  0.843502036416374     
   39.9300000000000       1.234055516451976E-002  0.843409141063510     
   39.9600000000000       1.234030835920265E-002  0.843316255068021     
   39.9900000000000       1.234005232725621E-002  0.843223384687589     
