  0.100000000000000       0.000000000000000E+000  0.100000000000000     
  0.000000000000000E+000
  0.100000000000000       0.000000000000000E+000  0.100000000000000     
  0.000000000000000E+000
  0.200000000000000       0.000000000000000E+000  0.107782944141354     
  1.955034213098729E-002
  0.200000000000000       0.000000000000000E+000  0.107782944141354     
  1.955034213098729E-002
  0.300000000000000       0.000000000000000E+000  0.116150479564305     
  2.346041055718475E-002
  0.300000000000000       0.000000000000000E+000  0.116150479564305     
  2.346041055718475E-002
  0.400000000000000       0.000000000000000E+000  0.125142380869863     
  2.541544477028348E-002
  0.400000000000000       0.000000000000000E+000  0.125142380869863     
  2.541544477028348E-002
  0.500000000000000       0.000000000000000E+000  0.134800235725999     
  2.737047898338221E-002
  0.500000000000000       0.000000000000000E+000  0.134800235725999     
  2.737047898338221E-002
  0.600000000000000       0.000000000000000E+000  0.145167297712609     
  2.834799608993157E-002
  0.600000000000000       0.000000000000000E+000  0.145167297712609     
  2.834799608993157E-002
  0.700000000000000       0.000000000000000E+000  0.156288257524851     
  3.030303030303030E-002
  0.700000000000000       0.000000000000000E+000  0.156288257524851     
  3.030303030303030E-002
  0.800000000000000       0.000000000000000E+000  0.168208906849212     
  3.030303030303030E-002
  0.800000000000000       0.000000000000000E+000  0.168208906849212     
  3.030303030303030E-002
  0.900000000000000       0.000000000000000E+000  0.180975661065900     
  3.128054740957967E-002
  0.900000000000000       0.000000000000000E+000  0.180975661065900     
  3.128054740957967E-002
   1.00000000000000       0.000000000000000E+000  0.194634895834966     
  3.225806451612903E-002
   1.00000000000000       0.000000000000000E+000  0.194634895834966     
  3.225806451612903E-002
   1.10000000000000       0.000000000000000E+000  0.209232037339136     
  3.323558162267840E-002
   1.10000000000000       0.000000000000000E+000  0.209232037339136     
  3.323558162267840E-002
   1.20000000000000       0.000000000000000E+000  0.224810324568145     
  3.323558162267840E-002
   1.20000000000000       0.000000000000000E+000  0.224810324568145     
  3.323558162267840E-002
   1.30000000000000       0.000000000000000E+000  0.241409131503515     
  3.421309872922776E-002
   1.30000000000000       0.000000000000000E+000  0.241409131503515     
  3.421309872922776E-002
   1.40000000000000       0.000000000000000E+000  0.259061692384568     
  3.421309872922776E-002
   1.40000000000000       0.000000000000000E+000  0.259061692384568     
  3.421309872922776E-002
   1.50000000000000       0.000000000000000E+000  0.277792005713680     
  3.421309872922776E-002
   1.50000000000000       0.000000000000000E+000  0.277792005713680     
  3.421309872922776E-002
   1.60000000000000       0.000000000000000E+000  0.297610586502501     
  3.519061583577713E-002
   1.60000000000000       0.000000000000000E+000  0.297610586502501     
  3.519061583577713E-002
   1.70000000000000       0.000000000000000E+000  0.318508561801673     
  3.519061583577713E-002
   1.70000000000000       0.000000000000000E+000  0.318508561801673     
  3.519061583577713E-002
   1.80000000000000       0.000000000000000E+000  0.340449306060109     
  3.519061583577713E-002
   1.80000000000000       0.000000000000000E+000  0.340449306060109     
  3.519061583577713E-002
   1.90000000000000       0.000000000000000E+000  0.363356293868668     
  3.616813294232649E-002
   1.90000000000000       0.000000000000000E+000  0.363356293868668     
  3.616813294232649E-002
   2.00000000000000       0.000000000000000E+000  0.387094989548669     
  3.616813294232649E-002
   2.00000000000000       0.000000000000000E+000  0.387094989548669     
  3.616813294232649E-002
   2.10000000000000       0.000000000000000E+000  0.411445467042962     
  3.616813294232649E-002
   2.10000000000000       0.000000000000000E+000  0.411445467042962     
  3.616813294232649E-002
   2.20000000000000       0.000000000000000E+000  0.436062134421463     
  3.616813294232649E-002
   2.20000000000000       0.000000000000000E+000  0.436062134421463     
  3.616813294232649E-002
   2.30000000000000       0.000000000000000E+000  0.460421081352142     
  3.616813294232649E-002
   2.30000000000000       0.000000000000000E+000  0.460421081352142     
  3.616813294232649E-002
   2.40000000000000       0.000000000000000E+000  0.483770058852183     
  3.714565004887586E-002
   2.40000000000000       0.000000000000000E+000  0.483770058852183     
  3.714565004887586E-002
   2.50000000000000       0.000000000000000E+000  0.505119861502792     
  3.714565004887586E-002
   2.50000000000000       0.000000000000000E+000  0.505119861502792     
  3.714565004887586E-002
   2.60000000000000       0.000000000000000E+000  0.523327389475109     
  3.714565004887586E-002
   2.60000000000000       0.000000000000000E+000  0.523327389475109     
  3.714565004887586E-002
   2.70000000000000       0.000000000000000E+000  0.537294106501794     
  3.714565004887586E-002
   2.70000000000000       0.000000000000000E+000  0.537294106501794     
  3.714565004887586E-002
   2.80000000000000       0.000000000000000E+000  0.546251778156377     
  3.714565004887586E-002
   2.80000000000000       0.000000000000000E+000  0.546251778156377     
  3.714565004887586E-002
   2.90000000000000       0.000000000000000E+000  0.550052217419740     
  3.714565004887586E-002
   2.90000000000000       0.000000000000000E+000  0.550052217419740     
  3.714565004887586E-002
   3.00000000000000       0.000000000000000E+000  0.549297810544518     
  3.714565004887586E-002
   3.00000000000000       0.000000000000000E+000  0.549297810544518     
  3.714565004887586E-002
   3.10000000000000       0.000000000000000E+000  0.545139683769321     
  3.714565004887586E-002
   3.10000000000000       0.000000000000000E+000  0.545139683769321     
  3.714565004887586E-002
   3.20000000000000       0.000000000000000E+000  0.538827551046972     
  3.812316715542522E-002
   3.20000000000000       0.000000000000000E+000  0.538827551046972     
  3.812316715542522E-002
   3.30000000000000       0.000000000000000E+000  0.531344939783618     
  3.812316715542522E-002
   3.30000000000000       0.000000000000000E+000  0.531344939783618     
  3.812316715542522E-002
   3.40000000000000       0.000000000000000E+000  0.523321238037780     
  3.812316715542522E-002
   3.40000000000000       0.000000000000000E+000  0.523321238037780     
  3.812316715542522E-002
   3.50000000000000       0.000000000000000E+000  0.515106869064857     
  3.910068426197458E-002
   3.50000000000000       0.000000000000000E+000  0.515106869064857     
  3.910068426197458E-002
   3.60000000000000       0.000000000000000E+000  0.506882977203060     
  3.910068426197458E-002
   3.60000000000000       0.000000000000000E+000  0.506882977203060     
  3.910068426197458E-002
   3.70000000000000       0.000000000000000E+000  0.498738298761128     
  4.007820136852395E-002
   3.70000000000000       0.000000000000000E+000  0.498738298761128     
  4.007820136852395E-002
   3.80000000000000       0.000000000000000E+000  0.490714195148395     
  4.007820136852395E-002
   3.80000000000000       0.000000000000000E+000  0.490714195148395     
  4.007820136852395E-002
   3.90000000000000       0.000000000000000E+000  0.482828172715223     
  4.105571847507331E-002
   3.90000000000000       0.000000000000000E+000  0.482828172715223     
  4.105571847507331E-002
   4.00000000000000       0.000000000000000E+000  0.475085940037923     
  4.105571847507331E-002
   4.00000000000000       0.000000000000000E+000  0.475085940037923     
  4.105571847507331E-002
   4.10000000000000       0.000000000000000E+000  0.467487472957830     
  4.203323558162268E-002
   4.10000000000000       0.000000000000000E+000  0.467487472957830     
  4.203323558162268E-002
   4.20000000000000       0.000000000000000E+000  0.460030057546670     
  4.203323558162268E-002
   4.20000000000000       0.000000000000000E+000  0.460030057546670     
  4.203323558162268E-002
   4.30000000000000       0.000000000000000E+000  0.452709823268223     
  4.203323558162268E-002
   4.30000000000000       0.000000000000000E+000  0.452709823268223     
  4.203323558162268E-002
   4.40000000000000       3.714565004887586E-002  0.447973823194437     
  4.301075268817205E-002
   4.40000000000000       3.714565004887586E-002  0.447973823194437     
  4.301075268817205E-002
   4.50000000000000       3.812316715542522E-002  0.445837219818681     
  4.301075268817205E-002
   4.50000000000000       3.812316715542522E-002  0.445837219818681     
  4.301075268817205E-002
   4.60000000000000       3.812316715542522E-002  0.443694450187893     
  4.398826979472141E-002
   4.60000000000000       3.812316715542522E-002  0.443694450187893     
  4.398826979472141E-002
   4.70000000000000       3.910068426197458E-002  0.441558215793380     
  4.398826979472141E-002
   4.70000000000000       3.910068426197458E-002  0.441558215793380     
  4.398826979472141E-002
   4.80000000000000       3.910068426197458E-002  0.441295214232959     
  4.398826979472141E-002
   4.80000000000000       3.910068426197458E-002  0.441295214232959     
  4.398826979472141E-002
   4.90000000000000       3.910068426197458E-002  0.439751766916371     
  4.496578690127077E-002
   4.90000000000000       3.910068426197458E-002  0.439751766916371     
  4.496578690127077E-002
   5.00000000000000       4.007820136852395E-002  0.438582535078535     
  4.496578690127077E-002
   5.00000000000000       4.007820136852395E-002  0.438582535078535     
  4.496578690127077E-002
   5.10000000000000       4.007820136852395E-002  0.438653649326197     
  4.496578690127077E-002
   5.10000000000000       4.007820136852395E-002  0.438653649326197     
  4.496578690127077E-002
   5.20000000000000       4.007820136852395E-002  0.437417787636817     
  4.594330400782014E-002
   5.20000000000000       4.007820136852395E-002  0.437417787636817     
  4.594330400782014E-002
   5.30000000000000       4.105571847507331E-002  0.436541274091572     
  4.594330400782014E-002
   5.30000000000000       4.105571847507331E-002  0.436541274091572     
  4.594330400782014E-002
   5.40000000000000       4.105571847507331E-002  0.436536699061071     
  4.594330400782014E-002
   5.40000000000000       4.105571847507331E-002  0.436536699061071     
  4.594330400782014E-002
   5.50000000000000       4.105571847507331E-002  0.435152587761083     
  4.692082111436950E-002
   5.50000000000000       4.105571847507331E-002  0.435152587761083     
  4.692082111436950E-002
   5.60000000000000       4.203323558162268E-002  0.434227745545793     
  4.692082111436950E-002
   5.60000000000000       4.203323558162268E-002  0.434227745545793     
  4.692082111436950E-002
   5.70000000000000       4.203323558162268E-002  0.433892794416417     
  4.692082111436950E-002
   5.70000000000000       4.203323558162268E-002  0.433892794416417     
  4.692082111436950E-002
   5.80000000000000       4.203323558162268E-002  0.432222622506920     
  4.789833822091887E-002
   5.80000000000000       4.203323558162268E-002  0.432222622506920     
  4.789833822091887E-002
   5.90000000000000       4.301075268817205E-002  0.431315054063850     
  4.789833822091887E-002
   5.90000000000000       4.301075268817205E-002  0.431315054063850     
  4.789833822091887E-002
   6.00000000000000       4.301075268817205E-002  0.430737409345912     
  4.789833822091887E-002
   6.00000000000000       4.301075268817205E-002  0.430737409345912     
  4.789833822091887E-002
   6.10000000000000       4.398826979472141E-002  0.429018670725316     
  4.887585532746823E-002
   6.10000000000000       4.398826979472141E-002  0.429018670725316     
  4.887585532746823E-002
   6.20000000000000       4.398826979472141E-002  0.428177952727786     
  4.887585532746823E-002
   6.20000000000000       4.398826979472141E-002  0.428177952727786     
  4.887585532746823E-002
   6.30000000000000       4.398826979472141E-002  0.427502445820694     
  4.887585532746823E-002
   6.30000000000000       4.398826979472141E-002  0.427502445820694     
  4.887585532746823E-002
   6.40000000000000       4.496578690127077E-002  0.426146981089882     
  4.985337243401759E-002
   6.40000000000000       4.496578690127077E-002  0.426146981089882     
  4.985337243401759E-002
   6.50000000000000       4.496578690127077E-002  0.425169459377432     
  4.985337243401759E-002
   6.50000000000000       4.496578690127077E-002  0.425169459377432     
  4.985337243401759E-002
   6.60000000000000       4.496578690127077E-002  0.424450855408960     
  4.985337243401759E-002
   6.60000000000000       4.496578690127077E-002  0.424450855408960     
  4.985337243401759E-002
   6.70000000000000       4.594330400782014E-002  0.423503230816998     
  5.083088954056696E-002
   6.70000000000000       4.594330400782014E-002  0.423503230816998     
  5.083088954056696E-002
   6.80000000000000       4.594330400782014E-002  0.422447498928843     
  5.083088954056696E-002
   6.80000000000000       4.594330400782014E-002  0.422447498928843     
  5.083088954056696E-002
   6.90000000000000       4.594330400782014E-002  0.421657706710382     
  5.083088954056696E-002
   6.90000000000000       4.594330400782014E-002  0.421657706710382     
  5.083088954056696E-002
   7.00000000000000       4.692082111436950E-002  0.421092212063021     
  5.083088954056696E-002
   7.00000000000000       4.692082111436950E-002  0.421092212063021     
  5.083088954056696E-002
   7.10000000000000       4.692082111436950E-002  0.420038071240712     
  5.180840664711633E-002
   7.10000000000000       4.692082111436950E-002  0.420038071240712     
  5.180840664711633E-002
   7.20000000000000       4.692082111436950E-002  0.419124526714252     
  5.180840664711633E-002
   7.20000000000000       4.692082111436950E-002  0.419124526714252     
  5.180840664711633E-002
   7.30000000000000       4.789833822091887E-002  0.418795249689866     
  5.180840664711633E-002
   7.30000000000000       4.789833822091887E-002  0.418795249689866     
  5.180840664711633E-002
   7.40000000000000       4.789833822091887E-002  0.417903085708505     
  5.278592375366569E-002
   7.40000000000000       4.789833822091887E-002  0.417903085708505     
  5.278592375366569E-002
   7.50000000000000       4.789833822091887E-002  0.416852207516171     
  5.278592375366569E-002
   7.50000000000000       4.789833822091887E-002  0.416852207516171     
  5.278592375366569E-002
   7.60000000000000       4.887585532746823E-002  0.416461981064134     
  5.278592375366569E-002
   7.60000000000000       4.887585532746823E-002  0.416461981064134     
  5.278592375366569E-002
   7.70000000000000       4.887585532746823E-002  0.415982925222275     
  5.376344086021505E-002
   7.70000000000000       4.887585532746823E-002  0.415982925222275     
  5.376344086021505E-002
   7.80000000000000       4.887585532746823E-002  0.414854666214699     
  5.376344086021505E-002
   7.80000000000000       4.887585532746823E-002  0.414854666214699     
  5.376344086021505E-002
   7.90000000000000       4.985337243401759E-002  0.414059757766452     
  5.376344086021505E-002
   7.90000000000000       4.985337243401759E-002  0.414059757766452     
  5.376344086021505E-002
   8.00000000000000       4.985337243401759E-002  0.414162819200617     
  5.376344086021505E-002
   8.00000000000000       4.985337243401759E-002  0.414162819200617     
  5.376344086021505E-002
   8.10000000000000       4.985337243401759E-002  0.413120145349995     
  5.474095796676442E-002
   8.10000000000000       4.985337243401759E-002  0.413120145349995     
  5.474095796676442E-002
   8.20000000000000       4.985337243401759E-002  0.411995794850738     
  5.474095796676442E-002
   8.20000000000000       4.985337243401759E-002  0.411995794850738     
  5.474095796676442E-002
   8.30000000000000       5.083088954056696E-002  0.412229031494860     
  5.474095796676442E-002
   8.30000000000000       5.083088954056696E-002  0.412229031494860     
  5.474095796676442E-002
   8.40000000000000       5.083088954056696E-002  0.411583651018204     
  5.571847507331378E-002
   8.40000000000000       5.083088954056696E-002  0.411583651018204     
  5.571847507331378E-002
   8.50000000000000       5.083088954056696E-002  0.410385766484033     
  5.571847507331378E-002
   8.50000000000000       5.083088954056696E-002  0.410385766484033     
  5.571847507331378E-002
   8.60000000000000       5.180840664711633E-002  0.410107010462790     
  5.571847507331378E-002
   8.60000000000000       5.180840664711633E-002  0.410107010462790     
  5.571847507331378E-002
   8.70000000000000       5.180840664711633E-002  0.410112564755065     
  5.571847507331378E-002
   8.70000000000000       5.180840664711633E-002  0.410112564755065     
  5.571847507331378E-002
   8.80000000000000       5.180840664711633E-002  0.409047735035987     
  5.669599217986315E-002
   8.80000000000000       5.180840664711633E-002  0.409047735035987     
  5.669599217986315E-002
   8.90000000000000       5.278592375366569E-002  0.408010770495283     
  5.669599217986315E-002
   8.90000000000000       5.278592375366569E-002  0.408010770495283     
  5.669599217986315E-002
   9.00000000000000       5.278592375366569E-002  0.408439333171162     
  5.669599217986315E-002
   9.00000000000000       5.278592375366569E-002  0.408439333171162     
  5.669599217986315E-002
   9.10000000000000       5.278592375366569E-002  0.407876562602404     
  5.767350928641251E-002
   9.10000000000000       5.278592375366569E-002  0.407876562602404     
  5.767350928641251E-002
   9.20000000000000       5.278592375366569E-002  0.406645045620710     
  5.767350928641251E-002
   9.20000000000000       5.278592375366569E-002  0.406645045620710     
  5.767350928641251E-002
   9.30000000000000       5.376344086021505E-002  0.406534598660787     
  5.767350928641251E-002
   9.30000000000000       5.376344086021505E-002  0.406534598660787     
  5.767350928641251E-002
   9.40000000000000       5.376344086021505E-002  0.406653100775428     
  5.767350928641251E-002
   9.40000000000000       5.376344086021505E-002  0.406653100775428     
  5.767350928641251E-002
   9.50000000000000       5.376344086021505E-002  0.405699188975558     
  5.865102639296188E-002
   9.50000000000000       5.376344086021505E-002  0.405699188975558     
  5.865102639296188E-002
   9.60000000000000       5.474095796676442E-002  0.404723818760723     
  5.865102639296188E-002
   9.60000000000000       5.474095796676442E-002  0.404723818760723     
  5.865102639296188E-002
   9.70000000000000       5.474095796676442E-002  0.405091996128178     
  5.865102639296188E-002
   9.70000000000000       5.474095796676442E-002  0.405091996128178     
  5.865102639296188E-002
   9.80000000000000       5.474095796676442E-002  0.404809737374562     
  5.865102639296188E-002
   9.80000000000000       5.474095796676442E-002  0.404809737374562     
  5.865102639296188E-002
   9.90000000000000       5.474095796676442E-002  0.403640241591187     
  5.962854349951124E-002
   9.90000000000000       5.474095796676442E-002  0.403640241591187     
  5.962854349951124E-002
   10.0000000000000       5.571847507331378E-002  0.403387467695254     
  5.962854349951124E-002
   10.0000000000000       5.571847507331378E-002  0.403387467695254     
  5.962854349951124E-002
   10.1000000000000       5.571847507331378E-002  0.403645800102506     
  5.962854349951124E-002
   10.1000000000000       5.571847507331378E-002  0.403645800102506     
  5.962854349951124E-002
   10.2000000000000       5.571847507331378E-002  0.403003931104771     
  6.060606060606061E-002
   10.2000000000000       5.571847507331378E-002  0.403003931104771     
  6.060606060606061E-002
   10.3000000000000       5.669599217986315E-002  0.401911565399825     
  6.060606060606061E-002
   10.3000000000000       5.669599217986315E-002  0.401911565399825     
  6.060606060606061E-002
   10.4000000000000       5.669599217986315E-002  0.402130708691973     
  6.060606060606061E-002
   10.4000000000000       5.669599217986315E-002  0.402130708691973     
  6.060606060606061E-002
   10.5000000000000       5.669599217986315E-002  0.402196658014214     
  6.060606060606061E-002
   10.5000000000000       5.669599217986315E-002  0.402196658014214     
  6.060606060606061E-002
   10.6000000000000       5.669599217986315E-002  0.401290395370981     
  6.158357771260997E-002
   10.6000000000000       5.669599217986315E-002  0.401290395370981     
  6.158357771260997E-002
   10.7000000000000       5.767350928641251E-002  0.400709091418673     
  6.158357771260997E-002
   10.7000000000000       5.767350928641251E-002  0.400709091418673     
  6.158357771260997E-002
   10.8000000000000       5.767350928641251E-002  0.400935407871919     
  6.158357771260997E-002
   10.8000000000000       5.767350928641251E-002  0.400935407871919     
  6.158357771260997E-002
   10.9000000000000       5.767350928641251E-002  0.400774266316571     
  6.158357771260997E-002
   10.9000000000000       5.767350928641251E-002  0.400774266316571     
  6.158357771260997E-002
   11.0000000000000       5.767350928641251E-002  0.399689502468899     
  6.256109481915934E-002
   11.0000000000000       5.767350928641251E-002  0.399689502468899     
  6.256109481915934E-002
   11.1000000000000       5.865102639296188E-002  0.399594694804251     
  6.256109481915934E-002
   11.1000000000000       5.865102639296188E-002  0.399594694804251     
  6.256109481915934E-002
   11.2000000000000       5.865102639296188E-002  0.399792288554327     
  6.256109481915934E-002
   11.2000000000000       5.865102639296188E-002  0.399792288554327     
  6.256109481915934E-002
   11.3000000000000       5.865102639296188E-002  0.399411711490222     
  6.256109481915934E-002
   11.3000000000000       5.865102639296188E-002  0.399411711490222     
  6.256109481915934E-002
   11.4000000000000       5.962854349951124E-002  0.398526121502971     
  6.353861192570870E-002
   11.4000000000000       5.962854349951124E-002  0.398526121502971     
  6.353861192570870E-002
   11.5000000000000       5.962854349951124E-002  0.398559341194926     
  6.353861192570870E-002
   11.5000000000000       5.962854349951124E-002  0.398559341194926     
  6.353861192570870E-002
   11.6000000000000       5.962854349951124E-002  0.398699986016290     
  6.353861192570870E-002
   11.6000000000000       5.962854349951124E-002  0.398699986016290     
  6.353861192570870E-002
   11.7000000000000       5.962854349951124E-002  0.398131182043220     
  6.353861192570870E-002
   11.7000000000000       5.962854349951124E-002  0.398131182043220     
  6.353861192570870E-002
   11.8000000000000       6.060606060606061E-002  0.397553861943926     
  6.451612903225806E-002
   11.8000000000000       6.060606060606061E-002  0.397553861943926     
  6.451612903225806E-002
   11.9000000000000       6.060606060606061E-002  0.397595809255042     
  6.451612903225806E-002
   11.9000000000000       6.060606060606061E-002  0.397595809255042     
  6.451612903225806E-002
   12.0000000000000       6.060606060606061E-002  0.397662894745124     
  6.451612903225806E-002
   12.0000000000000       6.060606060606061E-002  0.397662894745124     
  6.451612903225806E-002
   12.1000000000000       6.060606060606061E-002  0.396943645853924     
  6.451612903225806E-002
   12.1000000000000       6.060606060606061E-002  0.396943645853924     
  6.451612903225806E-002
   12.2000000000000       6.158357771260997E-002  0.396654479073278     
  6.549364613880743E-002
   12.2000000000000       6.158357771260997E-002  0.396654479073278     
  6.549364613880743E-002
   12.3000000000000       6.158357771260997E-002  0.396698992467353     
  6.549364613880743E-002
   12.3000000000000       6.158357771260997E-002  0.396698992467353     
  6.549364613880743E-002
   12.4000000000000       6.158357771260997E-002  0.396687269513855     
  6.549364613880743E-002
   12.4000000000000       6.158357771260997E-002  0.396687269513855     
  6.549364613880743E-002
   12.5000000000000       6.256109481915934E-002  0.395897756685276     
  6.647116324535679E-002
   12.5000000000000       6.256109481915934E-002  0.395897756685276     
  6.647116324535679E-002
   12.6000000000000       6.256109481915934E-002  0.395824437562034     
  6.647116324535679E-002
   12.6000000000000       6.256109481915934E-002  0.395824437562034     
  6.647116324535679E-002
   12.7000000000000       6.256109481915934E-002  0.395865218872794     
  6.647116324535679E-002
   12.7000000000000       6.256109481915934E-002  0.395865218872794     
  6.647116324535679E-002
   12.8000000000000       6.256109481915934E-002  0.395778254267445     
  6.647116324535679E-002
   12.8000000000000       6.256109481915934E-002  0.395778254267445     
  6.647116324535679E-002
   12.9000000000000       6.353861192570870E-002  0.395152032775929     
  6.744868035190615E-002
   12.9000000000000       6.353861192570870E-002  0.395152032775929     
  6.744868035190615E-002
   13.0000000000000       6.353861192570870E-002  0.395059613776244     
  6.744868035190615E-002
   13.0000000000000       6.353861192570870E-002  0.395059613776244     
  6.744868035190615E-002
   13.1000000000000       6.353861192570870E-002  0.395091585475998     
  6.744868035190615E-002
   13.1000000000000       6.353861192570870E-002  0.395091585475998     
  6.744868035190615E-002
   13.2000000000000       6.353861192570870E-002  0.394938616455465     
  6.744868035190615E-002
   13.2000000000000       6.353861192570870E-002  0.394938616455465     
  6.744868035190615E-002
   13.3000000000000       6.451612903225806E-002  0.394463081639721     
  6.842619745845552E-002
   13.3000000000000       6.451612903225806E-002  0.394463081639721     
  6.842619745845552E-002
   13.4000000000000       6.451612903225806E-002  0.394355819407376     
  6.842619745845552E-002
   13.4000000000000       6.451612903225806E-002  0.394355819407376     
  6.842619745845552E-002
   13.5000000000000       6.451612903225806E-002  0.394375556672035     
  6.842619745845552E-002
   13.5000000000000       6.451612903225806E-002  0.394375556672035     
  6.842619745845552E-002
   13.6000000000000       6.451612903225806E-002  0.394168797338845     
  6.842619745845552E-002
   13.6000000000000       6.451612903225806E-002  0.394168797338845     
  6.842619745845552E-002
   13.7000000000000       6.549364613880743E-002  0.393828939220958     
  6.940371456500488E-002
   13.7000000000000       6.549364613880743E-002  0.393828939220958     
  6.940371456500488E-002
   13.8000000000000       6.549364613880743E-002  0.393709112837116     
  6.940371456500488E-002
   13.8000000000000       6.549364613880743E-002  0.393709112837116     
  6.940371456500488E-002
   13.9000000000000       6.549364613880743E-002  0.393714704905271     
  6.940371456500488E-002
   13.9000000000000       6.549364613880743E-002  0.393714704905271     
  6.940371456500488E-002
   14.0000000000000       6.549364613880743E-002  0.393467400400950     
  6.940371456500488E-002
   14.0000000000000       6.549364613880743E-002  0.393467400400950     
  6.940371456500488E-002
   14.1000000000000       6.647116324535679E-002  0.393246926799680     
  7.038123167155426E-002
   14.1000000000000       6.647116324535679E-002  0.393246926799680     
  7.038123167155426E-002
   14.2000000000000       6.647116324535679E-002  0.393115846442210     
  7.038123167155426E-002
   14.2000000000000       6.647116324535679E-002  0.393115846442210     
  7.038123167155426E-002
   14.3000000000000       6.647116324535679E-002  0.393106490475580     
  7.038123167155426E-002
   14.3000000000000       6.647116324535679E-002  0.393106490475580     
  7.038123167155426E-002
   14.4000000000000       6.647116324535679E-002  0.392831674844431     
  7.038123167155426E-002
   14.4000000000000       6.647116324535679E-002  0.392831674844431     
  7.038123167155426E-002
   14.5000000000000       6.744868035190615E-002  0.392714011010378     
  7.135874877810362E-002
   14.5000000000000       6.744868035190615E-002  0.392714011010378     
  7.135874877810362E-002
   14.6000000000000       6.744868035190615E-002  0.392572610491090     
  7.135874877810362E-002
   14.6000000000000       6.744868035190615E-002  0.392572610491090     
  7.135874877810362E-002
   14.7000000000000       6.744868035190615E-002  0.392548158434233     
  7.135874877810362E-002
   14.7000000000000       6.744868035190615E-002  0.392548158434233     
  7.135874877810362E-002
   14.8000000000000       6.744868035190615E-002  0.392257937125344     
  7.135874877810362E-002
   14.8000000000000       6.744868035190615E-002  0.392257937125344     
  7.135874877810362E-002
   14.9000000000000       6.842619745845552E-002  0.392226978531392     
  7.233626588465299E-002
   14.9000000000000       6.842619745845552E-002  0.392226978531392     
  7.233626588465299E-002
   15.0000000000000       6.842619745845552E-002  0.392076190398760     
  7.233626588465299E-002
   15.0000000000000       6.842619745845552E-002  0.392076190398760     
  7.233626588465299E-002
   15.1000000000000       6.842619745845552E-002  0.392036758094444     
  7.233626588465299E-002
   15.1000000000000       6.842619745845552E-002  0.392036758094444     
  7.233626588465299E-002
   15.2000000000000       6.842619745845552E-002  0.391741912255439     
  7.233626588465299E-002
   15.2000000000000       6.842619745845552E-002  0.391741912255439     
  7.233626588465299E-002
   15.3000000000000       6.940371456500488E-002  0.391782535508900     
  7.331378299120235E-002
   15.3000000000000       6.940371456500488E-002  0.391782535508900     
  7.331378299120235E-002
   15.4000000000000       6.940371456500488E-002  0.391623544364817     
  7.331378299120235E-002
   15.4000000000000       6.940371456500488E-002  0.391623544364817     
  7.331378299120235E-002
   15.5000000000000       6.940371456500488E-002  0.391569225622141     
  7.331378299120235E-002
   15.5000000000000       6.940371456500488E-002  0.391569225622141     
  7.331378299120235E-002
   15.6000000000000       6.940371456500488E-002  0.391278985272187     
  7.331378299120235E-002
   15.6000000000000       6.940371456500488E-002  0.391278985272187     
  7.331378299120235E-002
   15.7000000000000       7.038123167155426E-002  0.391377358757716     
  7.429130009775171E-002
   15.7000000000000       7.038123167155426E-002  0.391377358757716     
  7.429130009775171E-002
   15.8000000000000       7.038123167155426E-002  0.391211786935483     
  7.429130009775171E-002
   15.8000000000000       7.038123167155426E-002  0.391211786935483     
  7.429130009775171E-002
   15.9000000000000       7.038123167155426E-002  0.391142484624641     
  7.429130009775171E-002
   15.9000000000000       7.038123167155426E-002  0.391142484624641     
  7.429130009775171E-002
   16.0000000000000       7.038123167155426E-002  0.390864380682603     
  7.429130009775171E-002
   16.0000000000000       7.038123167155426E-002  0.390864380682603     
  7.429130009775171E-002
   16.1000000000000       7.135874877810362E-002  0.391008115122993     
  7.526881720430108E-002
   16.1000000000000       7.135874877810362E-002  0.391008115122993     
  7.526881720430108E-002
   16.2000000000000       7.135874877810362E-002  0.390838173417333     
  7.526881720430108E-002
   16.2000000000000       7.135874877810362E-002  0.390838173417333     
  7.526881720430108E-002
   16.3000000000000       7.135874877810362E-002  0.390753542656280     
  7.526881720430108E-002
   16.3000000000000       7.135874877810362E-002  0.390753542656280     
  7.526881720430108E-002
   16.4000000000000       7.135874877810362E-002  0.390493296167449     
  7.526881720430108E-002
   16.4000000000000       7.135874877810362E-002  0.390493296167449     
  7.526881720430108E-002
   16.5000000000000       7.233626588465299E-002  0.390671461347651     
  7.624633431085044E-002
   16.5000000000000       7.233626588465299E-002  0.390671461347651     
  7.624633431085044E-002
   16.6000000000000       7.233626588465299E-002  0.390500083494401     
  7.624633431085044E-002
   16.6000000000000       7.233626588465299E-002  0.390500083494401     
  7.624633431085044E-002
   16.7000000000000       7.233626588465299E-002  0.390399571696207     
  7.624633431085044E-002
   16.7000000000000       7.233626588465299E-002  0.390399571696207     
  7.624633431085044E-002
   16.8000000000000       7.233626588465299E-002  0.390161011387718     
  7.624633431085044E-002
   16.8000000000000       7.233626588465299E-002  0.390161011387718     
  7.624633431085044E-002
   16.9000000000000       7.331378299120235E-002  0.390364030615135     
  7.722385141739981E-002
   16.9000000000000       7.331378299120235E-002  0.390364030615135     
  7.722385141739981E-002
   17.0000000000000       7.331378299120235E-002  0.390195002077129     
  7.722385141739981E-002
   17.0000000000000       7.331378299120235E-002  0.390195002077129     
  7.722385141739981E-002
   17.1000000000000       7.331378299120235E-002  0.390077965143397     
  7.722385141739981E-002
   17.1000000000000       7.331378299120235E-002  0.390077965143397     
  7.722385141739981E-002
   17.2000000000000       7.331378299120235E-002  0.389862985157642     
  7.722385141739981E-002
   17.2000000000000       7.331378299120235E-002  0.389862985157642     
  7.722385141739981E-002
   17.3000000000000       7.429130009775171E-002  0.390082407247756     
  7.820136852394917E-002
   17.3000000000000       7.429130009775171E-002  0.390082407247756     
  7.820136852394917E-002
   17.4000000000000       7.429130009775171E-002  0.389920495353274     
  7.820136852394917E-002
   17.4000000000000       7.429130009775171E-002  0.389920495353274     
  7.820136852394917E-002
   17.5000000000000       7.429130009775171E-002  0.389786367253525     
  7.820136852394917E-002
   17.5000000000000       7.429130009775171E-002  0.389786367253525     
  7.820136852394917E-002
   17.6000000000000       7.429130009775171E-002  0.389594947614191     
  7.820136852394917E-002
   17.6000000000000       7.429130009775171E-002  0.389594947614191     
  7.820136852394917E-002
   17.7000000000000       7.526881720430108E-002  0.389823088987345     
  7.820136852394917E-002
   17.7000000000000       7.526881720430108E-002  0.389823088987345     
  7.820136852394917E-002
   17.8000000000000       7.526881720430108E-002  0.389674180816581     
  7.917888563049853E-002
   17.8000000000000       7.526881720430108E-002  0.389674180816581     
  7.917888563049853E-002
   17.9000000000000       7.526881720430108E-002  0.389522674394139     
  7.917888563049853E-002
   17.9000000000000       7.526881720430108E-002  0.389522674394139     
  7.917888563049853E-002
   18.0000000000000       7.526881720430108E-002  0.389352988386916     
  7.917888563049853E-002
   18.0000000000000       7.526881720430108E-002  0.389352988386916     
  7.917888563049853E-002
   18.1000000000000       7.624633431085044E-002  0.389582437590890     
  7.917888563049853E-002
   18.1000000000000       7.624633431085044E-002  0.389582437590890     
  7.917888563049853E-002
   18.2000000000000       7.624633431085044E-002  0.389453691830827     
  8.015640273704790E-002
   18.2000000000000       7.624633431085044E-002  0.389453691830827     
  8.015640273704790E-002
   18.3000000000000       7.624633431085044E-002  0.389285011286977     
  8.015640273704790E-002
   18.3000000000000       7.624633431085044E-002  0.389285011286977     
  8.015640273704790E-002
   18.4000000000000       7.624633431085044E-002  0.389133637159098     
  8.015640273704790E-002
   18.4000000000000       7.624633431085044E-002  0.389133637159098     
  8.015640273704790E-002
   18.5000000000000       7.722385141739981E-002  0.389356623716547     
  8.015640273704790E-002
   18.5000000000000       7.722385141739981E-002  0.389356623716547     
  8.015640273704790E-002
   18.6000000000000       7.722385141739981E-002  0.389256639926134     
  8.113391984359726E-002
   18.6000000000000       7.722385141739981E-002  0.389256639926134     
  8.113391984359726E-002
   18.7000000000000       7.722385141739981E-002  0.389071689124192     
  8.113391984359726E-002
   18.7000000000000       7.722385141739981E-002  0.389071689124192     
  8.113391984359726E-002
   18.8000000000000       7.722385141739981E-002  0.388933929914363     
  8.113391984359726E-002
   18.8000000000000       7.722385141739981E-002  0.388933929914363     
  8.113391984359726E-002
   18.9000000000000       7.820136852394917E-002  0.389141580941548     
  8.113391984359726E-002
   18.9000000000000       7.820136852394917E-002  0.389141580941548     
  8.113391984359726E-002
   19.0000000000000       7.820136852394917E-002  0.389080580820753     
  8.211143695014662E-002
   19.0000000000000       7.820136852394917E-002  0.389080580820753     
  8.211143695014662E-002
   19.1000000000000       7.820136852394917E-002  0.388881155286559     
  8.211143695014662E-002
   19.1000000000000       7.820136852394917E-002  0.388881155286559     
  8.211143695014662E-002
   19.2000000000000       7.820136852394917E-002  0.388751453033313     
  8.211143695014662E-002
   19.2000000000000       7.820136852394917E-002  0.388751453033313     
  8.211143695014662E-002
   19.3000000000000       7.917888563049853E-002  0.388932993519921     
  8.211143695014662E-002
   19.3000000000000       7.917888563049853E-002  0.388932993519921     
  8.211143695014662E-002
   19.4000000000000       7.917888563049853E-002  0.388922991240976     
  8.308895405669599E-002
   19.4000000000000       7.917888563049853E-002  0.388922991240976     
  8.308895405669599E-002
   19.5000000000000       7.917888563049853E-002  0.388711944969823     
  8.308895405669599E-002
   19.5000000000000       7.917888563049853E-002  0.388711944969823     
  8.308895405669599E-002
   19.6000000000000       7.917888563049853E-002  0.388584358234419     
  8.308895405669599E-002
   19.6000000000000       7.917888563049853E-002  0.388584358234419     
  8.308895405669599E-002
   19.7000000000000       8.015640273704790E-002  0.388726347939970     
  8.308895405669599E-002
   19.7000000000000       8.015640273704790E-002  0.388726347939970     
  8.308895405669599E-002
   19.8000000000000       8.015640273704790E-002  0.388781260453083     
  8.406647116324535E-002
   19.8000000000000       8.015640273704790E-002  0.388781260453083     
  8.406647116324535E-002
   19.9000000000000       8.015640273704790E-002  0.388562641995118     
  8.406647116324535E-002
   19.9000000000000       8.015640273704790E-002  0.388562641995118     
  8.406647116324535E-002
   20.0000000000000       8.015640273704790E-002  0.388431343282274     
  8.406647116324535E-002
   20.0000000000000       8.015640273704790E-002  0.388431343282274     
  8.406647116324535E-002
   20.1000000000000       8.113391984359726E-002  0.388517073228250     
  8.406647116324535E-002
   20.1000000000000       8.113391984359726E-002  0.388517073228250     
  8.406647116324535E-002
   20.2000000000000       8.113391984359726E-002  0.388652691590731     
  8.504398826979472E-002
   20.2000000000000       8.113391984359726E-002  0.388652691590731     
  8.504398826979472E-002
   20.3000000000000       8.113391984359726E-002  0.388431849261273     
  8.504398826979472E-002
   20.3000000000000       8.113391984359726E-002  0.388431849261273     
  8.504398826979472E-002
   20.4000000000000       8.113391984359726E-002  0.388291595674026     
  8.504398826979472E-002
   20.4000000000000       8.113391984359726E-002  0.388291595674026     
  8.504398826979472E-002
   20.5000000000000       8.211143695014662E-002  0.388300775963644     
  8.504398826979472E-002
   20.5000000000000       8.211143695014662E-002  0.388300775963644     
  8.504398826979472E-002
   20.6000000000000       8.211143695014662E-002  0.388534495858574     
  8.602150537634409E-002
   20.6000000000000       8.211143695014662E-002  0.388534495858574     
  8.602150537634409E-002
   20.7000000000000       8.211143695014662E-002  0.388318161053262     
  8.602150537634409E-002
   20.7000000000000       8.211143695014662E-002  0.388318161053262     
  8.602150537634409E-002
   20.8000000000000       8.211143695014662E-002  0.388164699267579     
  8.602150537634409E-002
   20.8000000000000       8.211143695014662E-002  0.388164699267579     
  8.602150537634409E-002
   20.9000000000000       8.308895405669599E-002  0.388073546732780     
  8.602150537634409E-002
   20.9000000000000       8.308895405669599E-002  0.388073546732780     
  8.602150537634409E-002
   21.0000000000000       8.308895405669599E-002  0.388423755194475     
  8.699902248289346E-002
   21.0000000000000       8.308895405669599E-002  0.388423755194475     
  8.699902248289346E-002
   21.1000000000000       8.308895405669599E-002  0.388220124795447     
  8.699902248289346E-002
   21.1000000000000       8.308895405669599E-002  0.388220124795447     
  8.699902248289346E-002
   21.2000000000000       8.308895405669599E-002  0.388050508351195     
  8.699902248289346E-002
   21.2000000000000       8.308895405669599E-002  0.388050508351195     
  8.699902248289346E-002
   21.3000000000000       8.406647116324535E-002  0.387832286398698     
  8.699902248289346E-002
   21.3000000000000       8.406647116324535E-002  0.387832286398698     
  8.699902248289346E-002
   21.4000000000000       8.406647116324535E-002  0.388317336149002     
  8.797653958944282E-002
   21.4000000000000       8.406647116324535E-002  0.388317336149002     
  8.797653958944282E-002
   21.5000000000000       8.406647116324535E-002  0.388136184160397     
  8.797653958944282E-002
   21.5000000000000       8.406647116324535E-002  0.388136184160397     
  8.797653958944282E-002
   21.6000000000000       8.406647116324535E-002  0.387949001202629     
  8.797653958944282E-002
   21.6000000000000       8.406647116324535E-002  0.387949001202629     
  8.797653958944282E-002
   21.7000000000000       8.406647116324535E-002  0.387732185351845     
  8.797653958944282E-002
   21.7000000000000       8.406647116324535E-002  0.387732185351845     
  8.797653958944282E-002
   21.8000000000000       8.504398826979472E-002  0.388211764932983     
  8.797653958944282E-002
   21.8000000000000       8.504398826979472E-002  0.388211764932983     
  8.797653958944282E-002
   21.9000000000000       8.504398826979472E-002  0.388064609738333     
  8.895405669599218E-002
   21.9000000000000       8.504398826979472E-002  0.388064609738333     
  8.895405669599218E-002
   22.0000000000000       8.504398826979472E-002  0.387860134580349     
  8.895405669599218E-002
   22.0000000000000       8.504398826979472E-002  0.387860134580349     
  8.895405669599218E-002
   22.1000000000000       8.504398826979472E-002  0.387675357138598     
  8.895405669599218E-002
   22.1000000000000       8.504398826979472E-002  0.387675357138598     
  8.895405669599218E-002
   22.2000000000000       8.602150537634409E-002  0.388103113576762     
  8.895405669599218E-002
   22.2000000000000       8.602150537634409E-002  0.388103113576762     
  8.895405669599218E-002
   22.3000000000000       8.602150537634409E-002  0.388003440502369     
  8.993157380254155E-002
   22.3000000000000       8.602150537634409E-002  0.388003440502369     
  8.993157380254155E-002
   22.4000000000000       8.602150537634409E-002  0.387783726882558     
  8.993157380254155E-002
   22.4000000000000       8.602150537634409E-002  0.387783726882558     
  8.993157380254155E-002
   22.5000000000000       8.602150537634409E-002  0.387619084548408     
  8.993157380254155E-002
   22.5000000000000       8.602150537634409E-002  0.387619084548408     
  8.993157380254155E-002
   22.6000000000000       8.699902248289346E-002  0.387986978846606     
  8.993157380254155E-002
   22.6000000000000       8.699902248289346E-002  0.387986978846606     
  8.993157380254155E-002
   22.7000000000000       8.699902248289346E-002  0.387950465240130     
  9.090909090909091E-002
   22.7000000000000       8.699902248289346E-002  0.387950465240130     
  9.090909090909091E-002
   22.8000000000000       8.699902248289346E-002  0.387719393739413     
  9.090909090909091E-002
   22.8000000000000       8.699902248289346E-002  0.387719393739413     
  9.090909090909091E-002
   22.9000000000000       8.699902248289346E-002  0.387563710298074     
  9.090909090909091E-002
   22.9000000000000       8.699902248289346E-002  0.387563710298074     
  9.090909090909091E-002
   23.0000000000000       8.797653958944282E-002  0.387858633610862     
  9.090909090909091E-002
   23.0000000000000       8.797653958944282E-002  0.387858633610862     
  9.090909090909091E-002
   23.1000000000000       8.797653958944282E-002  0.387903256180334     
  9.188660801564028E-002
   23.1000000000000       8.797653958944282E-002  0.387903256180334     
  9.188660801564028E-002
   23.2000000000000       8.797653958944282E-002  0.387666541497894     
  9.188660801564028E-002
   23.2000000000000       8.797653958944282E-002  0.387666541497894     
  9.188660801564028E-002
   23.3000000000000       8.797653958944282E-002  0.387510093694522     
  9.188660801564028E-002
   23.3000000000000       8.797653958944282E-002  0.387510093694522     
  9.188660801564028E-002
   23.4000000000000       8.895405669599218E-002  0.387713382173946     
  9.188660801564028E-002
   23.4000000000000       8.895405669599218E-002  0.387713382173946     
  9.188660801564028E-002
   23.5000000000000       8.895405669599218E-002  0.387859229709850     
  9.286412512218964E-002
   23.5000000000000       8.895405669599218E-002  0.387859229709850     
  9.286412512218964E-002
   23.6000000000000       8.895405669599218E-002  0.387624396638469     
  9.286412512218964E-002
   23.6000000000000       8.895405669599218E-002  0.387624396638469     
  9.286412512218964E-002
   23.7000000000000       8.895405669599218E-002  0.387459451614801     
  9.286412512218964E-002
   23.7000000000000       8.895405669599218E-002  0.387459451614801     
  9.286412512218964E-002
   23.8000000000000       8.993157380254155E-002  0.387547070832322     
  9.286412512218964E-002
   23.8000000000000       8.993157380254155E-002  0.387547070832322     
  9.286412512218964E-002
   23.9000000000000       8.993157380254155E-002  0.387815673971470     
  9.384164222873900E-002
   23.9000000000000       8.993157380254155E-002  0.387815673971470     
  9.384164222873900E-002
   24.0000000000000       8.993157380254155E-002  0.387592028374322     
  9.384164222873900E-002
   24.0000000000000       8.993157380254155E-002  0.387592028374322     
  9.384164222873900E-002
   24.1000000000000       8.993157380254155E-002  0.387413170155415     
  9.384164222873900E-002
   24.1000000000000       8.993157380254155E-002  0.387413170155415     
  9.384164222873900E-002
   24.2000000000000       9.090909090909091E-002  0.387356631774240     
  9.384164222873900E-002
   24.2000000000000       9.090909090909091E-002  0.387356631774240     
  9.384164222873900E-002
   24.3000000000000       9.090909090909091E-002  0.387769682923309     
  9.481915933528837E-002
   24.3000000000000       9.090909090909091E-002  0.387769682923309     
  9.481915933528837E-002
   24.4000000000000       9.090909090909091E-002  0.387568325794656     
  9.481915933528837E-002
   24.4000000000000       9.090909090909091E-002  0.387568325794656     
  9.481915933528837E-002
   24.5000000000000       9.090909090909091E-002  0.387372596880880     
  9.481915933528837E-002
   24.5000000000000       9.090909090909091E-002  0.387372596880880     
  9.481915933528837E-002
   24.6000000000000       9.188660801564028E-002  0.387140514234168     
  9.481915933528837E-002
   24.6000000000000       9.188660801564028E-002  0.387140514234168     
  9.481915933528837E-002
   24.7000000000000       9.188660801564028E-002  0.387717989238382     
  9.481915933528837E-002
   24.7000000000000       9.188660801564028E-002  0.387717989238382     
  9.481915933528837E-002
   24.8000000000000       9.188660801564028E-002  0.387551925129857     
  9.579667644183773E-002
   24.8000000000000       9.188660801564028E-002  0.387551925129857     
  9.579667644183773E-002
   24.9000000000000       9.188660801564028E-002  0.387338840068426     
  9.579667644183773E-002
   24.9000000000000       9.188660801564028E-002  0.387338840068426     
  9.579667644183773E-002
   25.0000000000000       9.188660801564028E-002  0.387133135056775     
  9.579667644183773E-002
   25.0000000000000       9.188660801564028E-002  0.387133135056775     
  9.579667644183773E-002
   25.1000000000000       9.286412512218964E-002  0.387656775020130     
  9.579667644183773E-002
   25.1000000000000       9.286412512218964E-002  0.387656775020130     
  9.579667644183773E-002
   25.2000000000000       9.286412512218964E-002  0.387541128236244     
  9.677419354838709E-002
   25.2000000000000       9.286412512218964E-002  0.387541128236244     
  9.677419354838709E-002
   25.3000000000000       9.286412512218964E-002  0.387312617705913     
  9.677419354838709E-002
   25.3000000000000       9.286412512218964E-002  0.387312617705913     
  9.677419354838709E-002
   25.4000000000000       9.286412512218964E-002  0.387132844254102     
  9.677419354838709E-002
   25.4000000000000       9.286412512218964E-002  0.387132844254102     
  9.677419354838709E-002
   25.5000000000000       9.384164222873900E-002  0.387581606095671     
  9.677419354838709E-002
   25.5000000000000       9.384164222873900E-002  0.387581606095671     
  9.677419354838709E-002
   25.6000000000000       9.384164222873900E-002  0.387533874556751     
  9.775171065493646E-002
   25.6000000000000       9.384164222873900E-002  0.387533874556751     
  9.775171065493646E-002
   25.7000000000000       9.384164222873900E-002  0.387294196259437     
  9.775171065493646E-002
   25.7000000000000       9.384164222873900E-002  0.387294196259437     
  9.775171065493646E-002
   25.8000000000000       9.384164222873900E-002  0.387126551809449     
  9.775171065493646E-002
   25.8000000000000       9.384164222873900E-002  0.387126551809449     
  9.775171065493646E-002
   25.9000000000000       9.481915933528837E-002  0.387487627459612     
  9.775171065493646E-002
   25.9000000000000       9.481915933528837E-002  0.387487627459612     
  9.775171065493646E-002
   26.0000000000000       9.481915933528837E-002  0.387527799200175     
  9.872922776148582E-002
   26.0000000000000       9.481915933528837E-002  0.387527799200175     
  9.872922776148582E-002
   26.1000000000000       9.481915933528837E-002  0.387283427012685     
  9.872922776148582E-002
   26.1000000000000       9.481915933528837E-002  0.387283427012685     
  9.872922776148582E-002
   26.2000000000000       9.481915933528837E-002  0.387116301666965     
  9.872922776148582E-002
   26.2000000000000       9.481915933528837E-002  0.387116301666965     
  9.872922776148582E-002
   26.3000000000000       9.579667644183773E-002  0.387370059404244     
  9.872922776148582E-002
   26.3000000000000       9.579667644183773E-002  0.387370059404244     
  9.872922776148582E-002
   26.4000000000000       9.579667644183773E-002  0.387520339376267     
  9.970674486803519E-002
   26.4000000000000       9.579667644183773E-002  0.387520339376267     
  9.970674486803519E-002
   26.5000000000000       9.579667644183773E-002  0.387279838541833     
  9.970674486803519E-002
   26.5000000000000       9.579667644183773E-002  0.387279838541833     
  9.970674486803519E-002
   26.6000000000000       9.579667644183773E-002  0.387104376835091     
  9.970674486803519E-002
   26.6000000000000       9.579667644183773E-002  0.387104376835091     
  9.970674486803519E-002
   26.7000000000000       9.677419354838709E-002  0.387224890969591     
  9.970674486803519E-002
   26.7000000000000       9.677419354838709E-002  0.387224890969591     
  9.970674486803519E-002
   26.8000000000000       9.677419354838709E-002  0.387508790951541     
  0.100684261974585     
   26.8000000000000       9.677419354838709E-002  0.387508790951541     
  0.100684261974585     
   26.9000000000000       9.677419354838709E-002  0.387282710889147     
  0.100684261974585     
   26.9000000000000       9.677419354838709E-002  0.387282710889147     
  0.100684261974585     
   27.0000000000000       9.677419354838709E-002  0.387093064922615     
  0.100684261974585     
   27.0000000000000       9.677419354838709E-002  0.387093064922615     
  0.100684261974585     
   27.1000000000000       9.775171065493646E-002  0.387049562114982     
  0.100684261974585     
   27.1000000000000       9.775171065493646E-002  0.387049562114982     
  0.100684261974585     
   27.2000000000000       9.775171065493646E-002  0.387490225831639     
  0.101661779081134     
   27.2000000000000       9.775171065493646E-002  0.387490225831639     
  0.101661779081134     
   27.3000000000000       9.775171065493646E-002  0.387291071947623     
  0.101661779081134     
   27.3000000000000       9.775171065493646E-002  0.387291071947623     
  0.101661779081134     
   27.4000000000000       9.775171065493646E-002  0.387084418054194     
  0.101661779081134     
   27.4000000000000       9.775171065493646E-002  0.387084418054194     
  0.101661779081134     
   27.5000000000000       9.872922776148582E-002  0.386843423237415     
  0.101661779081134     
   27.5000000000000       9.872922776148582E-002  0.386843423237415     
  0.101661779081134     
   27.6000000000000       9.872922776148582E-002  0.387461276673579     
  0.101661779081134     
   27.6000000000000       9.872922776148582E-002  0.387461276673579     
  0.101661779081134     
   27.7000000000000       9.872922776148582E-002  0.387303619337944     
  0.102639296187683     
   27.7000000000000       9.872922776148582E-002  0.387303619337944     
  0.102639296187683     
   27.8000000000000       9.872922776148582E-002  0.387080038716233     
  0.102639296187683     
   27.8000000000000       9.872922776148582E-002  0.387080038716233     
  0.102639296187683     
   27.9000000000000       9.872922776148582E-002  0.386876646827595     
  0.102639296187683     
   27.9000000000000       9.872922776148582E-002  0.386876646827595     
  0.102639296187683     
   28.0000000000000       9.970674486803519E-002  0.387417925074705     
  0.102639296187683     
   28.0000000000000       9.970674486803519E-002  0.387417925074705     
  0.102639296187683     
   28.1000000000000       9.970674486803519E-002  0.387318638734545     
  0.103616813294233     
   28.1000000000000       9.970674486803519E-002  0.387318638734545     
  0.103616813294233     
   28.2000000000000       9.970674486803519E-002  0.387080945578393     
  0.103616813294233     
   28.2000000000000       9.970674486803519E-002  0.387080945578393     
  0.103616813294233     
   28.3000000000000       9.970674486803519E-002  0.386900507856599     
  0.103616813294233     
   28.3000000000000       9.970674486803519E-002  0.386900507856599     
  0.103616813294233     
   28.4000000000000       0.100684261974585       0.387355498314336     
  0.103616813294233     
   28.4000000000000       0.100684261974585       0.387355498314336     
  0.103616813294233     
   28.5000000000000       0.100684261974585       0.387334003865078     
  0.104594330400782     
   28.5000000000000       0.100684261974585       0.387334003865078     
  0.104594330400782     
   28.6000000000000       0.100684261974585       0.387087561462981     
  0.104594330400782     
   28.6000000000000       0.100684261974585       0.387087561462981     
  0.104594330400782     
   28.7000000000000       0.100684261974585       0.386915782769138     
  0.104594330400782     
   28.7000000000000       0.100684261974585       0.386915782769138     
  0.104594330400782     
   28.8000000000000       0.101661779081134       0.387269021578418     
  0.104594330400782     
   28.8000000000000       0.101661779081134       0.387269021578418     
  0.104594330400782     
   28.9000000000000       0.101661779081134       0.387347279876116     
  0.105571847507331     
   28.9000000000000       0.101661779081134       0.387347279876116     
  0.105571847507331     
   29.0000000000000       0.101661779081134       0.387099812373457     
  0.105571847507331     
   29.0000000000000       0.101661779081134       0.387099812373457     
  0.105571847507331     
   29.1000000000000       0.101661779081134       0.386925253284309     
  0.105571847507331     
   29.1000000000000       0.101661779081134       0.386925253284309     
  0.105571847507331     
   29.2000000000000       0.102639296187683       0.387153904615814     
  0.105571847507331     
   29.2000000000000       0.102639296187683       0.387153904615814     
  0.105571847507331     
   29.3000000000000       0.102639296187683       0.387355851031896     
  0.106549364613881     
   29.3000000000000       0.102639296187683       0.387355851031896     
  0.106549364613881     
   29.4000000000000       0.102639296187683       0.387117263257673     
  0.106549364613881     
   29.4000000000000       0.102639296187683       0.387117263257673     
  0.106549364613881     
   29.5000000000000       0.102639296187683       0.386931768786265     
  0.106549364613881     
   29.5000000000000       0.102639296187683       0.386931768786265     
  0.106549364613881     
   29.6000000000000       0.103616813294233       0.387006761778861     
  0.106549364613881     
   29.6000000000000       0.103616813294233       0.387006761778861     
  0.106549364613881     
   29.7000000000000       0.103616813294233       0.387356941140950     
  0.107526881720430     
   29.7000000000000       0.103616813294233       0.387356941140950     
  0.107526881720430     
   29.8000000000000       0.103616813294233       0.387139194473811     
  0.107526881720430     
   29.8000000000000       0.103616813294233       0.387139194473811     
  0.107526881720430     
   29.9000000000000       0.103616813294233       0.386937987560689     
  0.107526881720430     
   29.9000000000000       0.103616813294233       0.386937987560689     
  0.107526881720430     
   30.0000000000000       0.104594330400782       0.386826086256359     
  0.107526881720430     
   30.0000000000000       0.104594330400782       0.386826086256359     
  0.107526881720430     
   30.1000000000000       0.104594330400782       0.387347454588615     
  0.107526881720430     
   30.1000000000000       0.104594330400782       0.387347454588615     
  0.107526881720430     
   30.2000000000000       0.104594330400782       0.387164571633257     
  0.108504398826979     
   30.2000000000000       0.104594330400782       0.387164571633257     
  0.108504398826979     
   30.3000000000000       0.104594330400782       0.386946130281418     
  0.108504398826979     
   30.3000000000000       0.104594330400782       0.386946130281418     
  0.108504398826979     
   30.4000000000000       0.104594330400782       0.386721587168422     
  0.108504398826979     
   30.4000000000000       0.104594330400782       0.386721587168422     
  0.108504398826979     
   30.5000000000000       0.105571847507331       0.387323716038223     
  0.108504398826979     
   30.5000000000000       0.105571847507331       0.387323716038223     
  0.108504398826979     
   30.6000000000000       0.105571847507331       0.387191952584653     
  0.109481915933529     
   30.6000000000000       0.105571847507331       0.387191952584653     
  0.109481915933529     
   30.7000000000000       0.105571847507331       0.386957791831136     
  0.109481915933529     
   30.7000000000000       0.105571847507331       0.386957791831136     
  0.109481915933529     
   30.8000000000000       0.105571847507331       0.386764980892734     
  0.109481915933529     
   30.8000000000000       0.105571847507331       0.386764980892734     
  0.109481915933529     
   30.9000000000000       0.106549364613881       0.387281322312675     
  0.109481915933529     
   30.9000000000000       0.106549364613881       0.387281322312675     
  0.109481915933529     
   31.0000000000000       0.106549364613881       0.387219435788262     
  0.110459433040078     
   31.0000000000000       0.106549364613881       0.387219435788262     
  0.110459433040078     
   31.1000000000000       0.106549364613881       0.386973871061433     
  0.110459433040078     
   31.1000000000000       0.106549364613881       0.386973871061433     
  0.110459433040078     
   31.2000000000000       0.106549364613881       0.386796711242293     
  0.110459433040078     
   31.2000000000000       0.106549364613881       0.386796711242293     
  0.110459433040078     
   31.3000000000000       0.107526881720430       0.387215328186550     
  0.110459433040078     
   31.3000000000000       0.107526881720430       0.387215328186550     
  0.110459433040078     
   31.4000000000000       0.107526881720430       0.387244724594532     
  0.111436950146628     
   31.4000000000000       0.107526881720430       0.387244724594532     
  0.111436950146628     
   31.5000000000000       0.107526881720430       0.386994639731697     
  0.111436950146628     
   31.5000000000000       0.107526881720430       0.386994639731697     
  0.111436950146628     
   31.6000000000000       0.107526881720430       0.386819799703657     
  0.111436950146628     
   31.6000000000000       0.107526881720430       0.386819799703657     
  0.111436950146628     
   31.7000000000000       0.108504398826979       0.387120839835948     
  0.111436950146628     
   31.7000000000000       0.108504398826979       0.387120839835948     
  0.111436950146628     
   31.8000000000000       0.108504398826979       0.387265273761099     
  0.112414467253177     
   31.8000000000000       0.108504398826979       0.387265273761099     
  0.112414467253177     
   31.9000000000000       0.108504398826979       0.387019897543271     
  0.112414467253177     
   31.9000000000000       0.108504398826979       0.387019897543271     
  0.112414467253177     
   32.0000000000000       0.108504398826979       0.386837410364842     
  0.112414467253177     
   32.0000000000000       0.108504398826979       0.386837410364842     
  0.112414467253177     
   32.1000000000000       0.109481915933529       0.386993869539665     
  0.112414467253177     
   32.1000000000000       0.109481915933529       0.386993869539665     
  0.112414467253177     
   32.2000000000000       0.109481915933529       0.387278384909612     
  0.113391984359726     
   32.2000000000000       0.109481915933529       0.387278384909612     
  0.113391984359726     
   32.3000000000000       0.109481915933529       0.387049106535336     
  0.113391984359726     
   32.3000000000000       0.109481915933529       0.387049106535336     
  0.113391984359726     
   32.4000000000000       0.109481915933529       0.386852576764938     
  0.113391984359726     
   32.4000000000000       0.109481915933529       0.386852576764938     
  0.113391984359726     
   32.5000000000000       0.110459433040078       0.386832154473584     
  0.113391984359726     
   32.5000000000000       0.110459433040078       0.386832154473584     
  0.113391984359726     
   32.6000000000000       0.110459433040078       0.387281124826171     
  0.114369501466276     
   32.6000000000000       0.110459433040078       0.387281124826171     
  0.114369501466276     
   32.7000000000000       0.110459433040078       0.387081418132867     
  0.114369501466276     
   32.7000000000000       0.110459433040078       0.387081418132867     
  0.114369501466276     
   32.8000000000000       0.110459433040078       0.386867938847605     
  0.114369501466276     
   32.8000000000000       0.110459433040078       0.386867938847605     
  0.114369501466276     
   32.9000000000000       0.111436950146628       0.386635657005901     
  0.114369501466276     
   32.9000000000000       0.111436950146628       0.386635657005901     
  0.114369501466276     
   33.0000000000000       0.111436950146628       0.387270076077046     
  0.114369501466276     
   33.0000000000000       0.111436950146628       0.387270076077046     
  0.114369501466276     
   33.1000000000000       0.111436950146628       0.387115597074307     
  0.115347018572825     
   33.1000000000000       0.111436950146628       0.387115597074307     
  0.115347018572825     
   33.2000000000000       0.111436950146628       0.386885519857939     
  0.115347018572825     
   33.2000000000000       0.111436950146628       0.386885519857939     
  0.115347018572825     
   33.3000000000000       0.111436950146628       0.386680860053557     
  0.115347018572825     
   33.3000000000000       0.111436950146628       0.386680860053557     
  0.115347018572825     
   33.4000000000000       0.112414467253177       0.387241103413395     
  0.115347018572825     
   33.4000000000000       0.112414467253177       0.387241103413395     
  0.115347018572825     
   33.5000000000000       0.112414467253177       0.387149938978907     
  0.116324535679374     
   33.5000000000000       0.112414467253177       0.387149938978907     
  0.116324535679374     
   33.6000000000000       0.112414467253177       0.386906605096595     
  0.116324535679374     
   33.6000000000000       0.112414467253177       0.386906605096595     
  0.116324535679374     
   33.7000000000000       0.112414467253177       0.386723726070192     
  0.116324535679374     
   33.7000000000000       0.112414467253177       0.386723726070192     
  0.116324535679374     
   33.8000000000000       0.113391984359726       0.387189393179652     
  0.116324535679374     
   33.8000000000000       0.113391984359726       0.387189393179652     
  0.116324535679374     
   33.9000000000000       0.113391984359726       0.387182289109605     
  0.117302052785924     
   33.9000000000000       0.113391984359726       0.387182289109605     
  0.117302052785924     
   34.0000000000000       0.113391984359726       0.386931767456444     
  0.117302052785924     
   34.0000000000000       0.113391984359726       0.386931767456444     
  0.117302052785924     
   34.1000000000000       0.113391984359726       0.386755921546649     
  0.117302052785924     
   34.1000000000000       0.113391984359726       0.386755921546649     
  0.117302052785924     
   34.2000000000000       0.114369501466276       0.387109920361695     
  0.117302052785924     
   34.2000000000000       0.114369501466276       0.387109920361695     
  0.117302052785924     
   34.3000000000000       0.114369501466276       0.387210177043915     
  0.118279569892473     
   34.3000000000000       0.114369501466276       0.387210177043915     
  0.118279569892473     
   34.4000000000000       0.114369501466276       0.386961014101209     
  0.118279569892473     
   34.4000000000000       0.114369501466276       0.386961014101209     
  0.118279569892473     
   34.5000000000000       0.114369501466276       0.386780771273483     
  0.118279569892473     
   34.5000000000000       0.114369501466276       0.386780771273483     
  0.118279569892473     
   34.6000000000000       0.115347018572825       0.386998270771559     
  0.118279569892473     
   34.6000000000000       0.115347018572825       0.386998270771559     
  0.118279569892473     
   34.7000000000000       0.115347018572825       0.387230956538188     
  0.119257086999022     
   34.7000000000000       0.115347018572825       0.387230956538188     
  0.119257086999022     
   34.8000000000000       0.115347018572825       0.386993954447745     
  0.119257086999022     
   34.8000000000000       0.115347018572825       0.386993954447745     
  0.119257086999022     
   34.9000000000000       0.115347018572825       0.386801538118310     
  0.119257086999022     
   34.9000000000000       0.115347018572825       0.386801538118310     
  0.119257086999022     
   35.0000000000000       0.116324535679374       0.386851540682330     
  0.119257086999022     
   35.0000000000000       0.116324535679374       0.386851540682330     
  0.119257086999022     
   35.1000000000000       0.116324535679374       0.387241797133610     
  0.120234604105572     
   35.1000000000000       0.116324535679374       0.387241797133610     
  0.120234604105572     
   35.2000000000000       0.116324535679374       0.387029878939664     
  0.120234604105572     
   35.2000000000000       0.116324535679374       0.387029878939664     
  0.120234604105572     
   35.3000000000000       0.116324535679374       0.386821150138053     
  0.120234604105572     
   35.3000000000000       0.116324535679374       0.386821150138053     
  0.120234604105572     
   35.4000000000000       0.117302052785924       0.386668987842628     
  0.120234604105572     
   35.4000000000000       0.117302052785924       0.386668987842628     
  0.120234604105572     
   35.5000000000000       0.117302052785924       0.387239475536713     
  0.120234604105572     
   35.5000000000000       0.117302052785924       0.387239475536713     
  0.120234604105572     
   35.6000000000000       0.117302052785924       0.387067714004314     
  0.121212121212121     
   35.6000000000000       0.117302052785924       0.387067714004314     
  0.121212121212121     
   35.7000000000000       0.117302052785924       0.386841955241023     
  0.121212121212121     
   35.7000000000000       0.117302052785924       0.386841955241023     
  0.121212121212121     
   35.8000000000000       0.117302052785924       0.386625560121702     
  0.121212121212121     
   35.8000000000000       0.117302052785924       0.386625560121702     
  0.121212121212121     
   35.9000000000000       0.118279569892473       0.387220101424995     
  0.121212121212121     
   35.9000000000000       0.118279569892473       0.387220101424995     
  0.121212121212121     
   36.0000000000000       0.118279569892473       0.387105927423487     
  0.122189638318671     
   36.0000000000000       0.118279569892473       0.387105927423487     
  0.122189638318671     
   36.1000000000000       0.118279569892473       0.386865558664053     
  0.122189638318671     
   36.1000000000000       0.118279569892473       0.386865558664053     
  0.122189638318671     
   36.2000000000000       0.118279569892473       0.386676536791668     
  0.122189638318671     
   36.2000000000000       0.118279569892473       0.386676536791668     
  0.122189638318671     
   36.3000000000000       0.119257086999022       0.387179039453388     
  0.122189638318671     
   36.3000000000000       0.119257086999022       0.387179039453388     
  0.122189638318671     
   36.4000000000000       0.119257086999022       0.387142506170388     
  0.123167155425220     
   36.4000000000000       0.119257086999022       0.387142506170388     
  0.123167155425220     
   36.5000000000000       0.119257086999022       0.386892802357175     
  0.123167155425220     
   36.5000000000000       0.119257086999022       0.386892802357175     
  0.123167155425220     
   36.6000000000000       0.119257086999022       0.386715305843337     
  0.123167155425220     
   36.6000000000000       0.119257086999022       0.386715305843337     
  0.123167155425220     
   36.7000000000000       0.120234604105572       0.387111242268032     
  0.123167155425220     
   36.7000000000000       0.120234604105572       0.387111242268032     
  0.123167155425220     
   36.8000000000000       0.120234604105572       0.387175063480507     
  0.124144672531769     
   36.8000000000000       0.120234604105572       0.387175063480507     
  0.124144672531769     
   36.9000000000000       0.120234604105572       0.386923887229525     
  0.124144672531769     
   36.9000000000000       0.120234604105572       0.386923887229525     
  0.124144672531769     
   37.0000000000000       0.120234604105572       0.386745255904352     
  0.124144672531769     
   37.0000000000000       0.120234604105572       0.386745255904352     
  0.124144672531769     
   37.1000000000000       0.121212121212121       0.387011999410188     
  0.124144672531769     
   37.1000000000000       0.121212121212121       0.387011999410188     
  0.124144672531769     
   37.2000000000000       0.121212121212121       0.387200998969772     
  0.125122189638319     
   37.2000000000000       0.121212121212121       0.387200998969772     
  0.125122189638319     
   37.3000000000000       0.121212121212121       0.386958555246162     
  0.125122189638319     
   37.3000000000000       0.121212121212121       0.386958555246162     
  0.125122189638319     
   37.4000000000000       0.121212121212121       0.386769787024059     
  0.125122189638319     
   37.4000000000000       0.121212121212121       0.386769787024059     
  0.125122189638319     
   37.5000000000000       0.122189638318671       0.386877867905838     
  0.125122189638319     
   37.5000000000000       0.122189638318671       0.386877867905838     
  0.125122189638319     
   37.6000000000000       0.122189638318671       0.387217552124187     
  0.126099706744868     
   37.6000000000000       0.122189638318671       0.387217552124187     
  0.126099706744868     
   37.7000000000000       0.122189638318671       0.386996210496296     
  0.126099706744868     
   37.7000000000000       0.122189638318671       0.386996210496296     
  0.126099706744868     
   37.8000000000000       0.122189638318671       0.386792030494411     
  0.126099706744868     
   37.8000000000000       0.122189638318671       0.386792030494411     
  0.126099706744868     
   37.9000000000000       0.123167155425220       0.386707441523263     
  0.126099706744868     
   37.9000000000000       0.123167155425220       0.386707441523263     
  0.126099706744868     
   38.0000000000000       0.123167155425220       0.387221648383712     
  0.126099706744868     
   38.0000000000000       0.123167155425220       0.387221648383712     
  0.126099706744868     
   38.1000000000000       0.123167155425220       0.387035911432582     
  0.127077223851417     
   38.1000000000000       0.123167155425220       0.387035911432582     
  0.127077223851417     
   38.2000000000000       0.123167155425220       0.386814589180395     
  0.127077223851417     
   38.2000000000000       0.123167155425220       0.386814589180395     
  0.127077223851417     
   38.3000000000000       0.123167155425220       0.386586134952214     
  0.127077223851417     
   38.3000000000000       0.123167155425220       0.386586134952214     
  0.127077223851417     
   38.4000000000000       0.124144672531769       0.387209616499273     
  0.127077223851417     
   38.4000000000000       0.124144672531769       0.387209616499273     
  0.127077223851417     
   38.5000000000000       0.124144672531769       0.387076278538203     
  0.128054740957967     
   38.5000000000000       0.124144672531769       0.387076278538203     
  0.128054740957967     
   38.6000000000000       0.124144672531769       0.386839342392514     
  0.128054740957967     
   38.6000000000000       0.124144672531769       0.386839342392514     
  0.128054740957967     
   38.7000000000000       0.124144672531769       0.386643556555122     
  0.128054740957967     
   38.7000000000000       0.124144672531769       0.386643556555122     
  0.128054740957967     
   38.8000000000000       0.125122189638319       0.387177021404276     
  0.128054740957967     
   38.8000000000000       0.125122189638319       0.387177021404276     
  0.128054740957967     
   38.9000000000000       0.125122189638319       0.387115439379613     
  0.129032258064516     
   38.9000000000000       0.125122189638319       0.387115439379613     
  0.129032258064516     
   39.0000000000000       0.125122189638319       0.386867380599352     
  0.129032258064516     
   39.0000000000000       0.125122189638319       0.386867380599352     
  0.129032258064516     
   39.1000000000000       0.125122189638319       0.386687532433046     
  0.129032258064516     
   39.1000000000000       0.125122189638319       0.386687532433046     
  0.129032258064516     
   39.2000000000000       0.126099706744868       0.387118866995074     
  0.129032258064516     
   39.2000000000000       0.126099706744868       0.387118866995074     
  0.129032258064516     
   39.3000000000000       0.126099706744868       0.387151100637879     
  0.130009775171065     
   39.3000000000000       0.126099706744868       0.387151100637879     
  0.130009775171065     
   39.4000000000000       0.126099706744868       0.386899093930821     
  0.130009775171065     
   39.4000000000000       0.126099706744868       0.386899093930821     
  0.130009775171065     
   39.5000000000000       0.126099706744868       0.386721451307022     
  0.130009775171065     
   39.5000000000000       0.126099706744868       0.386721451307022     
  0.130009775171065     
   39.6000000000000       0.127077223851417       0.387030246868976     
  0.130009775171065     
   39.6000000000000       0.127077223851417       0.387030246868976     
  0.130009775171065     
   39.7000000000000       0.127077223851417       0.387180710228724     
  0.130987292277615     
   39.7000000000000       0.127077223851417       0.387180710228724     
  0.130987292277615     
   39.8000000000000       0.127077223851417       0.386934353421178     
  0.130987292277615     
   39.8000000000000       0.127077223851417       0.386934353421178     
  0.130987292277615     
   39.9000000000000       0.127077223851417       0.386748789908294     
  0.130987292277615     
   39.9000000000000       0.127077223851417       0.386748789908294     
  0.130987292277615     
   40.0000000000000       0.128054740957967       0.386907266991822     
  0.130987292277615     
   40.0000000000000       0.128054740957967       0.386907266991822     
  0.130987292277615     
